2024/11/16 EARTHCARE
GMT	SUBLAT[N+]	SUBLON[W+]	HEADING
00:59:58	35.1313	-10.0601	11.4556
01:00:03	35.4529	-9.9801	11.4799
01:00:08	35.7746	-9.8997	11.5046
01:00:13	36.0961	-9.8187	11.5298
01:00:18	36.4177	-9.7373	11.5554
01:00:23	36.7392	-9.6554	11.5808
01:00:28	37.0606	-9.5730	11.6040
01:00:33	37.3820	-9.4900	11.6228
01:00:38	37.7033	-9.4066	11.6423
01:00:43	38.0246	-9.3225	11.6682
01:00:48	38.3458	-9.2380	11.6965
01:00:53	38.6669	-9.1529	11.7258
01:00:58	38.9880	-9.0672	11.7552
01:01:03	39.3091	-8.9809	11.7858
01:01:08	39.6301	-8.8940	11.8165
01:01:13	39.9510	-8.8065	11.8484
01:01:18	40.2719	-8.7183	11.8808
01:01:23	40.5927	-8.6296	11.9129
01:01:28	40.9135	-8.5401	11.9466
01:01:33	41.2342	-8.4501	11.9731
01:01:38	41.5548	-8.3593	11.9991
01:01:43	41.8754	-8.2678	12.0258
01:01:48	42.1959	-8.1757	12.0617
01:01:53	42.5164	-8.0828	12.0988
01:01:58	42.8368	-7.9892	12.1365
01:02:03	43.1571	-7.8948	12.1749
01:02:08	43.4773	-7.7997	12.2135
01:02:13	43.7975	-7.7037	12.2528
01:02:18	44.1176	-7.6070	12.2940
01:02:23	44.4377	-7.5094	12.3355
01:02:28	44.7576	-7.4110	12.3779
01:02:33	45.0775	-7.3118	12.4181
01:02:38	45.3973	-7.2116	12.4525
01:02:43	45.7171	-7.1106	12.4874
01:02:48	46.0367	-7.0086	12.5287
01:02:53	46.3563	-6.9057	12.5748
01:02:58	46.6758	-6.8019	12.6222
01:03:03	46.9953	-6.6971	12.6714
01:03:08	47.3146	-6.5912	12.7207
01:03:13	47.6339	-6.4844	12.7711
01:03:18	47.9530	-6.3765	12.8232
01:03:23	48.2721	-6.2675	12.8757
01:03:28	48.5911	-6.1574	12.9297
01:03:33	48.9100	-6.0461	12.9845
01:03:38	49.2288	-5.9337	13.0322
01:03:43	49.5476	-5.8202	13.0791
01:03:48	49.8662	-5.7054	13.1268
01:03:53	50.1847	-5.5894	13.1864
01:03:58	50.5032	-5.4721	13.2473
01:04:03	50.8215	-5.3535	13.3096
01:04:08	51.1397	-5.2336	13.3726
01:04:13	51.4578	-5.1123	13.4372
01:04:18	51.7759	-4.9896	13.5037
01:04:23	52.0938	-4.8654	13.5710
01:04:28	52.4116	-4.7398	13.6405
01:04:33	52.7293	-4.6127	13.7114
01:04:38	53.0468	-4.4840	13.7813
01:04:43	53.3643	-4.3537	13.8438
01:04:48	53.6816	-4.2218	13.9077
01:04:53	53.9988	-4.0882	13.9782
01:04:58	54.3159	-3.9529	14.0571
01:05:03	54.6328	-3.8158	14.1376
01:05:08	54.9496	-3.6769	14.2195
01:05:13	55.2663	-3.5361	14.3041
01:05:18	55.5829	-3.3934	14.3893
01:05:23	55.8993	-3.2487	14.4777
01:05:28	56.2155	-3.1020	14.5678
01:05:33	56.5316	-2.9532	14.6593
01:05:38	56.8476	-2.8023	14.7534
01:05:43	57.1634	-2.6492	14.8428
01:05:48	57.4790	-2.4937	14.9293
01:05:53	57.7945	-2.3360	15.0184
01:05:58	58.1098	-2.1758	15.1209
01:06:03	58.4249	-2.0132	15.2261
01:06:08	58.7399	-1.8480	15.3342
01:06:13	59.0547	-1.6802	15.4457
01:06:18	59.3693	-1.5097	15.5587
01:06:23	59.6837	-1.3364	15.6754
01:06:28	59.9979	-1.1602	15.7942
01:06:33	60.3119	-0.9810	15.9165
01:06:38	60.6256	-0.7988	16.0416
01:06:43	60.9392	-0.6134	16.1698
01:06:48	61.2526	-0.4247	16.2891
01:06:53	61.5657	-0.2327	16.4117
01:06:58	61.8786	-0.0372	16.5418
01:07:03	62.1912	0.1619	16.6836
01:07:08	62.5036	0.3647	16.8293
01:07:13	62.8157	0.5714	16.9786
01:07:18	63.1276	0.7820	17.1323
01:07:23	63.4392	0.9967	17.2897
01:07:28	63.7505	1.2157	17.4515
01:07:33	64.0615	1.4391	17.6174
01:07:38	64.3722	1.6671	17.7883
01:07:43	64.6826	1.8998	17.9643
01:07:48	64.9927	2.1373	18.1384
01:07:53	65.3024	2.3800	18.3106
01:07:58	65.6118	2.6279	18.4883
01:08:03	65.9208	2.8813	18.6815
01:08:08	66.2295	3.1403	18.8831
01:08:13	66.5377	3.4052	19.0905
01:08:18	66.8456	3.6763	19.3045
01:08:23	67.1530	3.9537	19.5244
01:08:28	67.4601	4.2376	19.7510
01:08:33	67.7666	4.5285	19.9844
01:08:38	68.0727	4.8265	20.2248
01:08:43	68.3783	5.1319	20.4729
01:08:48	68.6834	5.4451	20.7289
01:08:53	68.9879	5.7664	20.9807
01:08:58	69.2919	6.0961	21.2396
01:09:03	69.5953	6.4345	21.5097
01:09:08	69.8981	6.7821	21.8001
01:09:13	70.2003	7.1392	22.0995
01:09:18	70.5018	7.5063	22.4092
01:09:23	70.8026	7.8839	22.7291
01:09:28	71.1028	8.2723	23.0602
01:09:33	71.4021	8.6721	23.4027
01:09:38	71.7007	9.0839	23.7561
01:09:43	71.9984	9.5081	24.1230
01:09:48	72.2952	9.9454	24.5029
01:09:53	72.5912	10.3964	24.8915
01:09:58	72.8861	10.8619	25.2858
01:10:03	73.1801	11.3423	25.6949
01:10:08	73.4730	11.8386	26.1286
01:10:13	73.7648	12.3515	26.5838
01:10:18	74.0554	12.8819	27.0567
01:10:23	74.3447	13.4306	27.5478
01:10:28	74.6327	13.9986	28.0577
01:10:33	74.9194	14.5870	28.5885
01:10:38	75.2045	15.1968	29.1407
01:10:43	75.4881	15.8291	29.7152
01:10:48	75.7700	16.4852	30.3135
01:10:53	76.0502	17.1663	30.9372
01:10:58	76.3285	17.8738	31.5761
01:11:03	76.6049	18.6092	32.2397
01:11:08	76.8791	19.3740	32.9337
01:11:13	77.1512	20.1699	33.6722
01:11:18	77.4208	20.9985	34.4430
01:11:23	77.6879	21.8617	35.2481
01:11:28	77.9524	22.7615	36.0902
01:11:33	78.2139	23.6999	36.9704
01:11:38	78.4724	24.6791	37.8923
02:32:31	35.1316	13.0768	11.4556
02:32:36	35.4532	13.1567	11.4800
02:32:41	35.7749	13.2372	11.5046
02:32:46	36.0964	13.3181	11.5298
02:32:51	36.4180	13.3995	11.5555
02:32:56	36.7394	13.4814	11.5816
02:33:01	37.0609	13.5638	11.6041
02:33:06	37.3822	13.6468	11.6229
02:33:11	37.7036	13.7303	11.6422
02:33:16	38.0248	13.8143	11.6675
02:33:21	38.3461	13.8988	11.6965
02:33:26	38.6672	13.9840	11.7256
02:33:31	38.9883	14.0697	11.7553
02:33:36	39.3094	14.1560	11.7858
02:33:41	39.6304	14.2429	11.8167
02:33:46	39.9513	14.3304	11.8482
02:33:51	40.2722	14.4185	11.8803
02:33:56	40.5930	14.5073	11.9137
02:34:01	40.9138	14.5967	11.9463
02:34:06	41.2345	14.6868	11.9728
02:34:11	41.5551	14.7775	11.9984
02:34:16	41.8757	14.8690	12.0258
02:34:21	42.1962	14.9612	12.0617
02:34:26	42.5166	15.0540	12.0988
02:34:31	42.8370	15.1477	12.1358
02:34:36	43.1573	15.2420	12.1748
02:34:41	43.4776	15.3372	12.2137
02:34:46	43.7978	15.4331	12.2536
02:34:51	44.1179	15.5298	12.2939
02:34:56	44.4379	15.6274	12.3360
02:35:01	44.7579	15.7258	12.3779
02:35:06	45.0778	15.8251	12.4182
02:35:11	45.3976	15.9252	12.4518
02:35:16	45.7173	16.0263	12.4867
02:35:21	46.0370	16.1282	12.5286
02:35:26	46.3566	16.2311	12.5748
02:35:31	46.6761	16.3349	12.6227
02:35:36	46.9955	16.4398	12.6713
02:35:41	47.3149	16.5456	12.7208
02:35:46	47.6341	16.6525	12.7718
02:35:51	47.9533	16.7604	12.8226
02:35:56	48.2724	16.8694	12.8757
02:36:01	48.5914	16.9795	12.9296
02:36:06	48.9103	17.0907	12.9846
02:36:11	49.2291	17.2031	13.0329
02:36:16	49.5478	17.3167	13.0791
02:36:21	49.8664	17.4315	13.1274
02:36:26	50.1850	17.5475	13.1865
02:36:31	50.5034	17.6648	13.2472
02:36:36	50.8217	17.7833	13.3096
02:36:41	51.1400	17.9033	13.3733
02:36:46	51.4581	18.0246	13.4379
02:36:51	51.7761	18.1473	13.5038
02:36:56	52.0940	18.2714	13.5715
02:37:01	52.4118	18.3970	13.6406
02:37:06	52.7295	18.5242	13.7113
02:37:11	53.0471	18.6529	13.7813
02:37:16	53.3645	18.7832	13.8437
02:37:21	53.6818	18.9151	13.9080
02:37:26	53.9990	19.0487	13.9784
02:37:31	54.3161	19.1840	14.0568
02:37:36	54.6331	19.3211	14.1375
02:37:41	54.9499	19.4600	14.2196
02:37:46	55.2666	19.6008	14.3041
02:37:51	55.5831	19.7435	14.3895
02:37:56	55.8995	19.8881	14.4776
02:38:01	56.2158	20.0348	14.5677
02:38:06	56.5319	20.1836	14.6599
02:38:11	56.8478	20.3346	14.7534
02:38:16	57.1636	20.4877	14.8430
02:38:21	57.4793	20.6431	14.9299
02:38:26	57.7947	20.8009	15.0184
02:38:31	58.1100	20.9610	15.1201
02:38:36	58.4252	21.1237	15.2260
02:38:41	58.7401	21.2888	15.3344
02:38:46	59.0549	21.4567	15.4451
02:38:51	59.3695	21.6272	15.5590
02:38:56	59.6839	21.8005	15.6749
02:39:01	59.9981	21.9767	15.7943
02:39:06	60.3121	22.1559	15.9168
02:39:11	60.6258	22.3381	16.0418
02:39:16	60.9394	22.5235	16.1697
02:39:21	61.2528	22.7122	16.2892
02:39:26	61.5659	22.9042	16.4116
02:39:31	61.8788	23.0997	16.5421
02:39:36	62.1914	23.2988	16.6838
02:39:41	62.5038	23.5016	16.8292
02:39:46	62.8159	23.7082	16.9791
02:39:51	63.1278	23.9189	17.1322
02:39:56	63.4394	24.1336	17.2899
02:40:01	63.7507	24.3526	17.4517
02:40:06	64.0617	24.5760	17.6179
02:40:11	64.3724	24.8040	17.7886
02:40:15	64.6293	24.9962	319.0006
13:38:18	73.4172	-29.5920	153.9480
13:38:23	73.1241	-29.0988	154.3782
13:38:28	72.8299	-28.6212	154.7841
13:38:33	72.5347	-28.1586	155.1756
13:38:38	72.2386	-27.7103	155.5627
13:38:43	71.9416	-27.2755	155.9396
13:38:48	71.6437	-26.8536	156.3043
13:38:53	71.3450	-26.4442	156.6559
13:38:58	71.0454	-26.0465	156.9960
13:39:03	70.7452	-25.6602	157.3248
13:39:08	70.4442	-25.2847	157.6427
13:39:13	70.1426	-24.9195	157.9503
13:39:18	69.8402	-24.5642	158.2484
13:39:23	69.5373	-24.2184	158.5362
13:39:28	69.2338	-23.8817	158.8044
13:39:33	68.9296	-23.5537	159.0613
13:39:38	68.6250	-23.2340	159.3124
13:39:43	68.3198	-22.9223	159.5667
13:39:48	68.0141	-22.6182	159.8134
13:39:53	67.7079	-22.3216	160.0526
13:39:58	67.4013	-22.0321	160.2850
13:40:03	67.0942	-21.7493	160.5103
13:40:08	66.7866	-21.4732	160.7289
13:40:13	66.4787	-21.2033	160.9415
13:40:18	66.1703	-20.9395	161.1483
13:40:23	65.8616	-20.6816	161.3487
13:40:28	65.5525	-20.4293	161.5399
13:40:33	65.2430	-20.1824	161.7166
13:40:38	64.9332	-19.9407	161.8884
13:40:43	64.6230	-19.7041	162.0622
13:40:48	64.3126	-19.4723	162.2369
13:40:53	64.0018	-19.2452	162.4066
13:40:58	63.6907	-19.0227	162.5720
13:41:03	63.3793	-18.8045	162.7332
13:41:08	63.0676	-18.5905	162.8896
13:41:13	62.7557	-18.3807	163.0427
13:41:18	62.4435	-18.1747	163.1913
13:41:23	62.1311	-17.9727	163.3361
13:41:28	61.8183	-17.7743	163.4774
13:41:33	61.5054	-17.5794	163.6063
13:41:38	61.1922	-17.3881	163.7280
13:41:43	60.8788	-17.2000	163.8472
13:41:48	60.5652	-17.0152	163.9747
13:41:53	60.2513	-16.8336	164.0996
13:41:58	59.9373	-16.6550	164.2207
13:42:03	59.6230	-16.4793	164.3397
13:42:08	59.3086	-16.3066	164.4555
13:42:13	58.9939	-16.1366	164.5690
13:42:18	58.6791	-15.9692	164.6793
13:42:23	58.3641	-15.8046	164.7868
13:42:28	58.0489	-15.6424	164.8920
13:42:33	57.7336	-15.4827	164.9932
13:42:38	57.4180	-15.3254	165.0817
13:42:43	57.1024	-15.1705	165.1678
13:42:48	56.7865	-15.0177	165.2573
13:42:53	56.4705	-14.8672	165.3510
13:42:58	56.1543	-14.7188	165.4425
13:43:03	55.8380	-14.5725	165.5323
13:43:08	55.5216	-14.4282	165.6201
13:43:13	55.2050	-14.2859	165.7058
13:43:18	54.8883	-14.1454	165.7892
13:43:23	54.5714	-14.0069	165.8708
13:43:28	54.2544	-13.8701	165.9516
13:43:33	53.9373	-13.7351	166.0296
13:43:38	53.6201	-13.6019	166.0993
13:43:43	53.3027	-13.4703	166.1632
13:43:48	52.9852	-13.3403	166.2252
13:43:53	52.6676	-13.2119	166.2955
13:43:58	52.3498	-13.0851	166.3658
13:44:03	52.0320	-12.9597	166.4350
13:44:08	51.7141	-12.8358	166.5023
13:44:13	51.3960	-12.7134	166.5680
13:44:18	51.0778	-12.5924	166.6333
13:44:23	50.7596	-12.4727	166.6961
13:44:28	50.4412	-12.3544	166.7580
13:44:33	50.1227	-12.2373	166.8187
13:44:38	49.8041	-12.1215	166.8777
13:44:43	49.4855	-12.0070	166.9247
13:44:48	49.1667	-11.8937	166.9712
13:44:53	48.8478	-11.7815	167.0198
13:44:58	48.5289	-11.6705	167.0746
13:45:03	48.2099	-11.5606	167.1285
13:45:08	47.8907	-11.4518	167.1809
13:45:13	47.5715	-11.3441	167.2319
13:45:18	47.2522	-11.2374	167.2828
13:45:23	46.9328	-11.1317	167.3323
13:45:28	46.6134	-11.0271	167.3802
13:45:33	46.2938	-10.9234	167.4281
13:45:38	45.9742	-10.8207	167.4743
13:45:43	45.6545	-10.7189	167.5150
13:45:48	45.3347	-10.6181	167.5495
13:45:53	45.0149	-10.5181	167.5835
13:45:58	44.6949	-10.4190	167.6246
13:46:03	44.3749	-10.3208	167.6666
13:46:08	44.0549	-10.2234	167.7081
13:46:13	43.7347	-10.1268	167.7481
13:46:18	43.4145	-10.0310	167.7880
13:46:23	43.0942	-9.9360	167.8270
13:46:28	42.7739	-9.8417	167.8648
13:46:33	42.4534	-9.7483	167.9025
13:46:38	42.1329	-9.6555	167.9399
13:46:43	41.8124	-9.5635	167.9751
13:46:48	41.4918	-9.4722	168.0019
13:46:53	41.1711	-9.3815	168.0277
13:46:58	40.8504	-9.2916	168.0543
13:47:03	40.5296	-9.2023	168.0878
13:47:08	40.2087	-9.1136	168.1204
13:47:13	39.8878	-9.0256	168.1521
13:47:18	39.5668	-8.9382	168.1846
13:47:23	39.2458	-8.8514	168.2146
13:47:28	38.9247	-8.7653	168.2450
13:47:33	38.6035	-8.6797	168.2751
13:47:38	38.2823	-8.5946	168.3036
13:47:43	37.9611	-8.5102	168.3324
13:47:48	37.6398	-8.4263	168.3575
13:47:53	37.3184	-8.3429	168.3766
13:47:58	36.9970	-8.2601	168.3953
13:48:03	36.6755	-8.1777	168.4189
13:48:08	36.3540	-8.0959	168.4442
13:48:13	36.0325	-8.0146	168.4702
13:48:18	35.7108	-7.9337	168.4952
13:48:23	35.3892	-7.8534	168.5197
13:48:28	35.0675	-7.7735	168.5444
15:08:51	79.9097	-26.0564	135.8068
15:08:56	79.6740	-24.7900	137.0012
15:09:01	79.4337	-23.5790	138.1407
15:09:06	79.1892	-22.4209	139.2318
15:09:11	78.9407	-21.3128	140.2817
15:09:16	78.6885	-20.2522	141.2848
15:09:21	78.4328	-19.2367	142.2426
15:09:26	78.1738	-18.2639	143.1574
15:09:31	77.9118	-17.3315	144.0320
15:09:36	77.6470	-16.4375	144.8683
15:09:41	77.3795	-15.5797	145.6682
15:09:46	77.1094	-14.7562	146.4340
15:09:51	76.8370	-13.9652	147.1672
15:09:56	76.5625	-13.2051	147.8629
15:10:01	76.2858	-12.4741	148.5221
15:10:06	76.0071	-11.7707	149.1541
15:10:11	75.7267	-11.0936	149.7702
15:10:16	75.4445	-10.4412	150.3649
15:10:21	75.1606	-9.8124	150.9364
15:10:26	74.8752	-9.2060	151.4845
15:10:31	74.5884	-8.6208	152.0125
15:10:36	74.3002	-8.0558	152.5193
15:10:41	74.0106	-7.5099	153.0080
15:10:46	73.7198	-6.9823	153.4782
15:10:51	73.4279	-6.4720	153.9303
15:10:56	73.1348	-5.9782	154.3668
15:11:01	72.8407	-5.5001	154.7747
15:11:06	72.5455	-5.0370	155.1663
15:11:11	72.2494	-4.5881	155.5470
15:11:16	71.9524	-4.1528	155.9249
15:11:21	71.6546	-3.7305	156.2897
15:11:26	71.3559	-3.3206	156.6419
15:11:31	71.0564	-2.9226	156.9827
15:11:36	70.7562	-2.5358	157.3113
15:11:41	70.4552	-2.1599	157.6300
15:11:46	70.1536	-1.7944	157.9378
15:11:51	69.8513	-1.4387	158.2359
15:11:56	69.5484	-1.0926	158.5246
15:12:01	69.2449	-0.7555	158.7993
15:12:06	68.9408	-0.4272	159.0572
15:12:11	68.6361	-0.1072	159.3065
15:12:16	68.3309	0.2048	159.5563
15:12:21	68.0253	0.5091	159.8032
15:12:26	67.7191	0.8060	160.0431
15:12:31	67.4125	1.0958	160.2754
15:12:36	67.1054	1.3787	160.5007
15:12:41	66.7979	1.6551	160.7195
15:12:46	66.4899	1.9252	160.9326
15:12:51	66.1816	2.1892	161.1392
15:12:56	65.8729	2.4474	161.3401
15:13:01	65.5638	2.6999	161.5351
15:13:06	65.2543	2.9470	161.7149
15:13:11	64.9445	3.1888	161.8868
15:13:16	64.6344	3.4256	162.0550
15:13:21	64.3239	3.6576	162.2293
15:13:26	64.0132	3.8848	162.3993
15:13:31	63.7021	4.1076	162.5647
15:13:36	63.3907	4.3259	162.7262
15:13:41	63.0791	4.5400	162.8830
15:13:46	62.7671	4.7500	163.0358
15:13:51	62.4549	4.9561	163.1848
15:13:56	62.1425	5.1583	163.3301
15:14:01	61.8298	5.3568	163.4714
15:14:06	61.5169	5.5518	163.6062
15:14:11	61.2037	5.7433	163.7281
15:14:16	60.8903	5.9314	163.8469
15:14:21	60.5767	6.1163	163.9690
15:14:26	60.2628	6.2981	164.0939
15:14:31	59.9488	6.4768	164.2159
15:14:36	59.6346	6.6526	164.3345
15:14:41	59.3201	6.8255	164.4501
15:14:46	59.0055	6.9956	164.5634
15:14:51	58.6907	7.1630	164.6739
15:14:56	58.3757	7.3278	164.7819
15:15:01	58.0605	7.4900	164.8870
15:15:06	57.7451	7.6498	164.9905
15:15:11	57.4296	7.8072	165.0828
15:15:16	57.1139	7.9622	165.1688
15:15:21	56.7981	8.1150	165.2533
15:15:26	56.4821	8.2656	165.3464
15:15:31	56.1660	8.4141	165.4383
15:15:36	55.8497	8.5605	165.5281
15:15:41	55.5332	8.7048	165.6155
15:15:46	55.2166	8.8473	165.7015
15:15:51	54.8999	8.9877	165.7851
15:15:56	54.5831	9.1264	165.8671
15:16:01	54.2661	9.2632	165.9470
15:16:06	53.9490	9.3982	166.0256
15:16:11	53.6317	9.5316	166.1009
15:16:16	53.3143	9.6632	166.1653
15:16:21	52.9969	9.7932	166.2268
15:16:26	52.6792	9.9217	166.2919
15:16:31	52.3615	10.0486	166.3622
15:16:36	52.0437	10.1740	166.4313
15:16:41	51.7257	10.2979	166.4986
15:16:46	51.4077	10.4204	166.5647
15:16:51	51.0895	10.5415	166.6299
15:16:56	50.7713	10.6612	166.6926
15:17:01	50.4529	10.7796	166.7550
15:17:06	50.1344	10.8967	166.8156
15:17:11	49.8159	11.0125	166.8752
15:17:16	49.4972	11.1271	166.9272
15:17:21	49.1784	11.2405	166.9734
15:17:26	48.8596	11.3527	167.0186
15:17:31	48.5406	11.4638	167.0715
15:17:36	48.2216	11.5737	167.1249
15:17:41	47.9025	11.6825	167.1781
15:17:46	47.5833	11.7903	167.2294
15:17:51	47.2640	11.8970	167.2801
15:17:56	46.9446	12.0027	167.3297
15:18:01	46.6251	12.1074	167.3775
15:18:06	46.3056	12.2111	167.4250
15:18:11	45.9860	12.3138	167.4719
15:18:16	45.6663	12.4156	167.5170
15:18:21	45.3465	12.5165	167.5520
15:18:26	45.0267	12.6165	167.5860
15:18:31	44.7067	12.7156	167.6220
15:18:36	44.3867	12.8139	167.6640
15:18:41	44.0667	12.9114	167.7054
15:18:46	43.7465	13.0080	167.7460
15:18:51	43.4263	13.1038	167.7860
15:18:56	43.1060	13.1988	167.8249
15:19:01	42.7857	13.2931	167.8631
15:19:06	42.4653	13.3866	167.9001
15:19:11	42.1448	13.4794	167.9368
15:19:16	41.8242	13.5714	167.9731
15:19:21	41.5036	13.6628	168.0045
15:19:26	41.1829	13.7534	168.0298
15:19:31	40.8622	13.8434	168.0547
15:19:36	40.5414	13.9327	168.0857
15:19:41	40.2206	14.0214	168.1184
15:19:46	39.8996	14.1094	168.1502
15:19:51	39.5787	14.1969	168.1816
15:19:56	39.2576	14.2837	168.2130
15:20:01	38.9365	14.3699	168.2436
15:20:06	38.6154	14.4555	168.2730
15:20:11	38.2942	14.5405	168.3028
15:20:16	37.9730	14.6250	168.3307
15:20:21	37.6516	14.7089	168.3585
15:20:26	37.3303	14.7923	168.3789
15:20:31	37.0089	14.8752	168.3975
15:20:36	36.6874	14.9575	168.4171
15:20:41	36.3659	15.0394	168.4430
15:20:46	36.0443	15.1207	168.4684
15:20:51	35.7227	15.2016	168.4941
15:20:56	35.4011	15.2819	168.5177
15:21:01	35.0794	15.3619	168.5425
16:41:24	79.9092	-2.9155	135.8096
16:41:29	79.6735	-1.6492	137.0034
16:41:34	79.4332	-0.4384	138.1428
16:41:39	79.1886	0.7196	139.2343
16:41:44	78.9401	1.8276	140.2841
16:41:49	78.6879	2.8880	141.2871
16:41:54	78.4322	3.9034	142.2447
16:41:59	78.1732	4.8761	143.1598
16:42:04	77.9112	5.8084	144.0337
16:42:09	77.6464	6.7024	144.8703
16:42:14	77.3789	7.5601	145.6703
16:42:19	77.1088	8.3835	146.4357
16:42:24	76.8364	9.1743	147.1687
16:42:29	76.5618	9.9344	147.8636
16:42:34	76.2852	10.6653	148.5236
16:42:39	76.0065	11.3686	149.1551
16:42:44	75.7261	12.0457	149.7721
16:42:49	75.4439	12.6980	150.3665
16:42:54	75.1600	13.3268	150.9372
16:42:59	74.8746	13.9332	151.4860
16:43:04	74.5878	14.5183	152.0132
16:43:09	74.2995	15.0833	152.5207
16:43:14	74.0100	15.6291	153.0088
16:43:19	73.7192	16.1567	153.4787
16:43:24	73.4272	16.6669	153.9315
16:43:29	73.1342	17.1607	154.3677
16:43:34	72.8400	17.6388	154.7752
16:43:39	72.5449	18.1018	155.1667
16:43:44	72.2488	18.5507	155.5480
16:43:49	71.9518	18.9859	155.9255
16:43:54	71.6540	19.4082	156.2906
16:43:59	71.3553	19.8181	156.6428
16:44:04	71.0558	20.2161	156.9833
16:44:09	70.7556	20.6028	157.3124
16:44:14	70.4546	20.9787	157.6308
16:44:19	70.1530	21.3442	157.9386
16:44:24	69.8507	21.6998	158.2368
16:44:29	69.5478	22.0459	158.5255
16:44:34	69.2443	22.3830	158.7997
16:44:39	68.9402	22.7113	159.0573
16:44:44	68.6355	23.0313	159.3069
16:44:49	68.3304	23.3432	159.5573
16:44:54	68.0247	23.6475	159.8036
16:44:59	67.7185	23.9444	160.0430
16:45:04	67.4119	24.2342	160.2760
16:45:09	67.1048	24.5171	160.5015
16:45:14	66.7973	24.7935	160.7204
18:13:55	79.9984	19.7203	135.3170
18:14:00	79.7645	21.0087	136.5474
18:14:05	79.5259	22.2405	137.7214
18:14:10	79.2830	23.4184	138.8416
18:14:15	79.0360	24.5453	139.9104
21:15:08	79.5593	-29.7168	42.4275
21:15:13	79.7973	-28.4773	43.6092
21:15:18	80.0063	-27.3193	185.0772
22:44:43	69.5173	-29.7237	21.4633
22:44:48	69.8202	-29.3785	21.7455
22:44:53	70.1226	-29.0239	22.0295
22:44:58	70.4243	-28.6593	22.3230
22:45:03	70.7253	-28.2845	22.6363
22:45:08	71.0256	-27.8989	22.9642
22:45:13	71.3252	-27.5021	23.3039
22:45:18	71.6240	-27.0934	23.6546
22:45:23	71.9219	-26.6725	24.0184
22:45:28	72.2190	-26.2385	24.3946
22:45:33	72.5152	-25.7911	24.7842
22:45:38	72.8105	-25.3294	25.1883
22:45:43	73.1047	-24.8529	25.6071
22:45:48	73.3979	-24.3607	26.0418
22:45:53	73.6900	-23.8521	26.4811
22:45:58	73.9809	-23.3263	26.9355
22:46:03	74.2705	-22.7823	27.4106
22:46:08	74.5589	-22.2193	27.9154
22:46:13	74.8459	-21.6362	28.4410
22:46:18	75.1315	-21.0320	28.9874
22:46:23	75.4155	-20.4056	29.5558
22:46:28	75.6979	-19.7557	30.1484
22:46:33	75.9785	-19.0811	30.7648
22:46:38	76.2574	-18.3805	31.4075
22:46:43	76.5342	-17.6524	32.0786
22:46:48	76.8091	-16.8952	32.7777
22:46:53	77.0817	-16.1075	33.5034
22:46:58	77.3520	-15.2873	34.2516
22:47:03	77.6197	-14.4331	35.0345
22:47:08	77.8849	-13.5428	35.8614
22:47:13	78.1472	-12.6145	36.7321
22:47:18	78.4065	-11.6459	37.6428
22:47:23	78.6625	-10.6349	38.5960
22:47:28	78.9151	-9.5790	39.5940
22:47:33	79.1640	-8.4759	40.6394
22:47:38	79.4090	-7.3229	41.7341
22:47:43	79.6497	-6.1175	42.8818
22:47:48	79.8859	-4.8568	44.0842
23:59:59	-999.00	-999.00	-999.00
