2024/09/16 EARTHCARE
GMT	SUBLAT[N+]	SUBLON[W+]	HEADING
05:40:59	0.1943	54.9632	10.5552
05:41:04	0.5182	55.0236	10.5563
05:41:09	0.8421	55.0839	10.5564
05:41:14	1.1660	55.1443	10.5558
05:41:19	1.4898	55.2047	10.5561
05:41:24	1.8137	55.2650	10.5568
05:41:29	2.1376	55.3254	10.5564
05:41:34	2.4615	55.3859	10.5574
05:41:39	2.7854	55.4463	10.5588
05:41:44	3.1093	55.5068	10.5602
05:41:49	3.4332	55.5672	10.5610
05:41:54	3.7571	55.6278	10.5633
05:41:59	4.0810	55.6883	10.5643
05:42:04	4.4049	55.7489	10.5650
05:42:09	4.7288	55.8095	10.5680
05:42:14	5.0527	55.8701	10.5688
05:42:19	5.3766	55.9308	10.5696
05:42:24	5.7005	55.9915	10.5698
05:42:29	6.0244	56.0523	10.5715
05:42:34	6.3483	56.1131	10.5746
05:42:39	6.6721	56.1740	10.5774
05:42:44	6.9960	56.2349	10.5797
05:42:49	7.3199	56.2959	10.5826
05:42:54	7.6438	56.3569	10.5852
05:42:59	7.9676	56.4180	10.5883
05:43:04	8.2915	56.4792	10.5918
05:43:09	8.6153	56.5404	10.5952
05:43:14	8.9392	56.6017	10.5991
05:43:19	9.2630	56.6631	10.5999
05:43:24	9.5868	56.7245	10.6013
05:43:29	9.9107	56.7861	10.6039
05:43:34	10.2345	56.8477	10.6081
05:43:39	10.5583	56.9093	10.6120
05:43:44	10.8821	56.9711	10.6161
05:43:49	11.2058	57.0330	10.6209
05:43:54	11.5296	57.0949	10.6254
05:43:59	11.8534	57.1570	10.6302
05:44:04	12.1771	57.2191	10.6356
05:44:09	12.5009	57.2813	10.6406
05:44:14	12.8246	57.3437	10.6459
05:44:19	13.1483	57.4061	10.6494
05:44:24	13.4720	57.4687	10.6517
05:44:29	13.7957	57.5314	10.6543
05:44:34	14.1194	57.5942	10.6600
05:44:39	14.4431	57.6571	10.6651
05:44:44	14.7667	57.7201	10.6727
05:44:49	15.0904	57.7832	10.6788
05:44:54	15.4140	57.8465	10.6854
05:44:59	15.7376	57.9099	10.6918
05:45:04	16.0612	57.9735	10.6992
05:45:09	16.3847	58.0372	10.7063
05:45:14	16.7083	58.1010	10.7130
05:45:19	17.0318	58.1650	10.7209
05:45:24	17.3553	58.2291	10.7244
05:45:29	17.6788	58.2933	10.7281
05:45:34	18.0023	58.3578	10.7332
05:45:39	18.3258	58.4224	10.7412
05:45:44	18.6492	58.4871	10.7495
05:45:49	18.9726	58.5520	10.7582
05:45:54	19.2960	58.6171	10.7664
05:45:59	19.6194	58.6823	10.7768
05:46:04	19.9428	58.7478	10.7858
05:46:09	20.2661	58.8134	10.7952
05:46:14	20.5894	58.8792	10.8043
05:46:19	20.9127	58.9452	10.8150
05:46:24	21.2360	59.0114	10.8223
05:46:29	21.5592	59.0778	10.8275
05:46:34	21.8824	59.1444	10.8321
17:09:18	21.8707	44.2149	169.1622
17:09:23	21.5475	44.2815	169.1727
17:09:28	21.2243	44.3479	169.1827
17:09:33	20.9010	44.4140	169.1918
17:09:38	20.5777	44.4800	169.1966
17:09:43	20.2544	44.5458	169.2016
17:09:48	19.9310	44.6114	169.2088
17:09:53	19.6077	44.6769	169.2180
17:09:58	19.2843	44.7421	169.2276
17:10:03	18.9609	44.8072	169.2360
17:10:08	18.6375	44.8721	169.2449
17:10:13	18.3140	44.9368	169.2535
17:10:18	17.9906	45.0014	169.2617
17:10:23	17.6671	45.0658	169.2702
17:10:28	17.3436	45.1301	169.2784
17:10:33	17.0201	45.1942	169.2860
17:10:38	16.6965	45.2582	169.2901
17:10:43	16.3730	45.3220	169.2928
17:10:48	16.0494	45.3857	169.2967
17:10:53	15.7258	45.4492	169.3036
17:10:58	15.4022	45.5126	169.3108
17:11:03	15.0786	45.5759	169.3167
17:11:08	14.7550	45.6391	169.3239
17:11:13	14.4313	45.7021	169.3298
17:11:18	14.1077	45.7650	169.3360
17:11:23	13.7840	45.8278	169.3428
17:11:28	13.4603	45.8904	169.3472
17:11:33	13.1366	45.9530	169.3537
17:11:38	12.8129	46.0154	169.3574
17:11:43	12.4891	46.0778	169.3604
17:11:48	12.1654	46.1400	169.3623
17:11:53	11.8416	46.2021	169.3661
17:11:58	11.5179	46.2642	169.3711
17:12:03	11.1941	46.3261	169.3757
17:12:08	10.8703	46.3880	169.3806
17:12:13	10.5465	46.4497	169.3851
17:12:18	10.2227	46.5114	169.3898
17:12:23	9.8989	46.5730	169.3932
17:12:28	9.5751	46.6345	169.3969
17:12:33	9.2513	46.6960	169.4011
17:12:38	8.9274	46.7573	169.4046
17:12:43	8.6036	46.8186	169.4069
17:12:48	8.2797	46.8799	169.4076
17:12:53	7.9559	46.9410	169.4090
17:12:58	7.6320	47.0021	169.4122
17:13:03	7.3081	47.0632	169.4149
17:13:08	6.9843	47.1241	169.4180
17:13:13	6.6604	47.1851	169.4206
17:13:18	6.3365	47.2459	169.4243
17:13:23	6.0126	47.3067	169.4266
17:13:28	5.6887	47.3675	169.4285
17:13:33	5.3648	47.4282	169.4307
17:13:38	5.0410	47.4889	169.4323
17:13:43	4.7171	47.5496	169.4342
17:13:48	4.3932	47.6102	169.4349
17:13:53	4.0693	47.6707	169.4356
17:13:58	3.7454	47.7313	169.4368
17:14:03	3.4215	47.7918	169.4374
17:14:08	3.0976	47.8523	169.4395
17:14:13	2.7737	47.9127	169.4398
17:14:18	2.4498	47.9732	169.4415
17:14:23	2.1259	48.0336	169.4418
17:14:28	1.8020	48.0940	169.4431
17:14:33	1.4781	48.1544	169.4432
17:14:38	1.1542	48.2148	169.4435
17:14:43	0.8303	48.2751	169.4442
17:14:48	0.5064	48.3355	169.4443
17:14:53	0.1826	48.3958	169.4447
23:59:59	-999.00	-999.00	-999.00
