2024/09/05 EARTHCARE
GMT	SUBLAT[N+]	SUBLON[W+]	HEADING
05:55:53	-4.8057	58.0221	10.5655
05:55:58	-4.4819	58.0827	10.5639
05:56:03	-4.1581	58.1433	10.5618
05:56:08	-3.8343	58.2038	10.5595
05:56:13	-3.5105	58.2643	10.5587
05:56:18	-3.1867	58.3247	10.5575
05:56:23	-2.8629	58.3852	10.5559
05:56:28	-2.5390	58.4456	10.5542
05:56:33	-2.2152	58.5060	10.5538
05:56:38	-1.8913	58.5663	10.5529
05:56:43	-1.5674	58.6267	10.5528
05:56:48	-1.2436	58.6871	10.5521
05:56:53	-0.9197	58.7474	10.5521
05:56:58	-0.5958	58.8077	10.5518
05:57:03	-0.2719	58.8681	10.5512
05:57:08	0.0520	58.9284	10.5511
05:57:13	0.3759	58.9887	10.5515
05:57:18	0.6998	59.0491	10.5515
05:57:23	1.0237	59.1094	10.5515
05:57:28	1.3476	59.1698	10.5526
05:57:33	1.6716	59.2301	10.5527
05:57:38	1.9955	59.2905	10.5532
05:57:43	2.3194	59.3509	10.5543
05:57:48	2.6433	59.4113	10.5541
05:57:53	2.9672	59.4717	10.5555
05:57:58	3.2912	59.5322	10.5555
05:58:03	3.6151	59.5926	10.5561
05:58:08	3.9390	59.6532	10.5573
05:58:13	4.2629	59.7137	10.5592
05:58:18	4.5869	59.7743	10.5616
05:58:23	4.9108	59.8349	10.5626
05:58:28	5.2347	59.8955	10.5642
05:58:33	5.5586	59.9562	10.5664
05:58:38	5.8826	60.0169	10.5692
05:58:43	6.2065	60.0777	10.5713
05:58:48	6.5304	60.1385	10.5735
05:58:53	6.8543	60.1994	10.5759
05:58:58	7.1782	60.2604	10.5764
05:59:03	7.5021	60.3213	10.5773
05:59:08	7.8260	60.3824	10.5799
05:59:13	8.1499	60.4435	10.5838
05:59:18	8.4737	60.5047	10.5870
05:59:23	8.7976	60.5659	10.5900
05:59:28	9.1215	60.6272	10.5939
05:59:33	9.4453	60.6886	10.5979
05:59:38	9.7692	60.7501	10.6017
05:59:43	10.0930	60.8116	10.6050
05:59:48	10.4169	60.8733	10.6098
05:59:53	10.7407	60.9350	10.6134
05:59:58	11.0645	60.9968	10.6149
06:00:03	11.3883	61.0587	10.6169
06:00:08	11.7121	61.1206	10.6203
06:00:13	12.0359	61.1827	10.6257
06:00:18	12.3597	61.2449	10.6302
06:00:23	12.6834	61.3072	10.6357
06:00:28	13.0072	61.3695	10.6402
06:00:33	13.3309	61.4320	10.6467
06:00:38	13.6547	61.4946	10.6521
06:00:43	13.9784	61.5574	10.6578
06:00:48	14.3021	61.6202	10.6643
06:00:53	14.6258	61.6831	10.6700
06:00:58	14.9494	61.7462	10.6739
06:01:03	15.2731	61.8094	10.6774
06:01:08	15.5967	61.8727	10.6796
06:01:13	15.9203	61.9362	10.6864
06:01:18	16.2439	61.9998	10.6938
06:01:23	16.5675	62.0635	10.7006
06:01:28	16.8911	62.1274	10.7080
06:01:33	17.2147	62.1915	10.7158
06:01:38	17.5382	62.2556	10.7238
06:01:43	17.8617	62.3200	10.7315
06:01:48	18.1852	62.3845	10.7405
06:01:53	18.5087	62.4491	10.7481
06:01:58	18.8321	62.5139	10.7554
06:02:03	19.1556	62.5789	10.7598
06:02:08	19.4790	62.6441	10.7646
06:02:13	19.8024	62.7094	10.7715
17:25:55	20.0000	48.5778	169.2199
17:26:00	19.6766	48.6432	169.2241
17:26:05	19.3532	48.7085	169.2288
17:26:10	19.0298	48.7736	169.2363
17:26:15	18.7063	48.8385	169.2459
17:26:20	18.3829	48.9033	169.2544
17:26:25	18.0594	48.9679	169.2623
17:26:30	17.7359	49.0323	169.2700
17:26:35	17.4124	49.0966	169.2780
17:26:40	17.0888	49.1607	169.2864
17:26:45	16.7653	49.2247	169.2938
17:26:50	16.4417	49.2885	169.3012
17:26:55	16.1181	49.3522	169.3085
17:27:00	15.7945	49.4157	169.3119
17:27:05	15.4708	49.4791	169.3142
17:27:10	15.1472	49.5424	169.3183
17:27:15	14.8235	49.6056	169.3247
17:27:20	14.4999	49.6686	169.3313
17:27:25	14.1762	49.7315	169.3382
17:27:30	13.8525	49.7943	169.3432
17:27:35	13.5288	49.8570	169.3493
17:27:40	13.2050	49.9195	169.3549
17:27:45	12.8813	49.9820	169.3602
17:27:50	12.5575	50.0443	169.3656
17:27:55	12.2338	50.1065	169.3717
17:28:00	11.9100	50.1687	169.3745
17:28:05	11.5862	50.2307	169.3763
17:28:10	11.2624	50.2926	169.3789
17:28:15	10.9386	50.3545	169.3820
17:28:20	10.6148	50.4163	169.3872
17:28:25	10.2909	50.4779	169.3919
17:28:30	9.9671	50.5395	169.3953
17:28:35	9.6432	50.6010	169.3991
17:28:40	9.3194	50.6625	169.4039
17:28:45	8.9955	50.7238	169.4075
17:28:50	8.6717	50.7851	169.4113
17:28:55	8.3478	50.8463	169.4137
17:29:00	8.0239	50.9075	169.4167
17:29:05	7.7000	50.9686	169.4189
17:29:10	7.3761	51.0296	169.4200
17:29:15	7.0522	51.0906	169.4211
17:29:20	6.7283	51.1515	169.4236
17:29:25	6.4044	51.2124	169.4273
17:29:30	6.0805	51.2732	169.4288
17:29:35	5.7566	51.3339	169.4313
17:29:40	5.4327	51.3946	169.4342
17:29:45	5.1087	51.4553	169.4350
17:29:50	4.7848	51.5159	169.4378
17:29:55	4.4609	51.5765	169.4391
17:30:00	4.1370	51.6371	169.4416
17:30:05	3.8130	51.6976	169.4419
17:30:10	3.4891	51.7581	169.4434
17:30:15	3.1652	51.8186	169.4435
17:30:20	2.8413	51.8790	169.4437
17:30:25	2.5173	51.9394	169.4453
17:30:30	2.1934	51.9998	169.4464
17:30:35	1.8695	52.0602	169.4470
17:30:40	1.5456	52.1206	169.4479
17:30:45	1.2217	52.1810	169.4481
17:30:50	0.8977	52.2413	169.4486
17:30:55	0.5738	52.3016	169.4496
17:31:00	0.2499	52.3620	169.4490
17:31:05	-0.0740	52.4223	169.4490
17:31:10	-0.3979	52.4826	169.4489
17:31:15	-0.7218	52.5430	169.4486
17:31:20	-1.0456	52.6033	169.4485
17:31:25	-1.3695	52.6636	169.4479
17:31:30	-1.6934	52.7240	169.4477
17:31:35	-2.0173	52.7844	169.4468
17:31:40	-2.3411	52.8448	169.4462
17:31:45	-2.6650	52.9052	169.4444
17:31:50	-2.9888	52.9656	169.4437
17:31:55	-3.3126	53.0260	169.4423
17:32:00	-3.6365	53.0865	169.4406
17:32:05	-3.9603	53.1470	169.4391
17:32:10	-4.2841	53.2075	169.4379
17:32:15	-4.6079	53.2681	169.4371
17:32:20	-4.9317	53.3287	169.4365
23:59:59	-999.00	-999.00	-999.00
