2024/08/21 EARTHCARE
GMT	SUBLAT[N+]	SUBLON[W+]	HEADING
03:28:11	-4.8705	21.0129	10.5652
03:28:16	-4.5468	21.0734	10.5646
03:28:21	-4.2231	21.1340	10.5626
03:28:26	-3.8993	21.1945	10.5619
03:28:31	-3.5756	21.2550	10.5602
03:28:36	-3.2519	21.3154	10.5601
03:28:41	-2.9281	21.3759	10.5586
03:28:46	-2.6043	21.4363	10.5567
03:28:51	-2.2805	21.4967	10.5566
03:28:56	-1.9568	21.5571	10.5548
03:29:01	-1.6330	21.6174	10.5538
03:29:06	-1.3092	21.6778	10.5534
03:29:11	-0.9853	21.7381	10.5526
03:29:16	-0.6615	21.7984	10.5524
03:29:21	-0.3377	21.8588	10.5527
03:29:26	-0.0139	21.9191	10.5521
03:29:31	0.3099	21.9794	10.5529
03:29:36	0.6338	22.0397	10.5532
03:29:41	0.9576	22.1001	10.5530
03:29:46	1.2814	22.1604	10.5536
03:29:51	1.6053	22.2208	10.5534
03:29:56	1.9291	22.2811	10.5543
03:30:01	2.2530	22.3415	10.5545
03:30:06	2.5768	22.4019	10.5554
03:30:11	2.9007	22.4623	10.5568
03:30:16	3.2245	22.5228	10.5587
03:30:21	3.5484	22.5832	10.5586
03:30:26	3.8722	22.6437	10.5599
03:30:31	4.1961	22.7043	10.5598
03:30:36	4.5199	22.7648	10.5612
03:30:41	4.8438	22.8254	10.5632
03:30:46	5.1676	22.8861	10.5652
03:30:51	5.4915	22.9467	10.5673
03:30:56	5.8153	23.0074	10.5691
03:31:01	6.1392	23.0682	10.5716
03:31:06	6.4630	23.1290	10.5737
03:31:11	6.7869	23.1899	10.5764
03:31:16	7.1107	23.2508	10.5795
03:31:21	7.4345	23.3118	10.5823
03:31:26	7.7583	23.3728	10.5839
03:31:31	8.0821	23.4339	10.5851
03:31:36	8.4060	23.4951	10.5861
03:31:41	8.7298	23.5563	10.5901
03:31:46	9.0536	23.6176	10.5929
03:31:51	9.3773	23.6790	10.5971
03:31:56	9.7011	23.7404	10.6010
03:32:01	10.0249	23.8019	10.6052
03:32:06	10.3487	23.8635	10.6086
03:32:11	10.6724	23.9252	10.6129
03:32:16	10.9962	23.9870	10.6179
03:32:21	11.3199	24.0488	10.6227
03:32:26	11.6436	24.1108	10.6261
03:32:31	11.9673	24.1728	10.6281
03:32:36	12.2910	24.2350	10.6292
03:32:41	12.6147	24.2972	10.6341
03:32:46	12.9384	24.3596	10.6396
03:32:51	13.2621	24.4221	10.6445
03:32:56	13.5857	24.4846	10.6508
03:33:01	13.9094	24.5473	10.6557
03:33:06	14.2330	24.6101	10.6621
03:33:11	14.5566	24.6730	10.6681
03:33:16	14.8802	24.7361	10.6746
03:33:21	15.2038	24.7992	10.6814
03:33:26	15.5274	24.8625	10.6879
03:33:31	15.8509	24.9260	10.6917
03:33:36	16.1745	24.9895	10.6947
03:33:41	16.4980	25.0532	10.6985
03:33:46	16.8215	25.1171	10.7059
03:33:51	17.1450	25.1811	10.7128
03:33:56	17.4684	25.2452	10.7211
03:34:01	17.7919	25.3095	10.7290
03:34:06	18.1153	25.3740	10.7364
03:34:11	18.4387	25.4386	10.7450
03:34:16	18.7621	25.5034	10.7538
03:34:21	19.0855	25.5683	10.7623
03:34:26	19.4088	25.6334	10.7714
03:34:31	19.7322	25.6987	10.7799
03:34:36	20.0555	25.7642	10.7839
03:34:41	20.3788	25.8298	10.7884
03:34:46	20.7020	25.8957	10.7957
03:34:51	21.0253	25.9617	10.8063
03:34:56	21.3485	26.0279	10.8158
03:35:01	21.6717	26.0943	10.8257
03:35:06	21.9948	26.1610	10.8366
03:35:11	22.3180	26.2278	10.8479
03:35:16	22.6411	26.2948	10.8587
03:35:21	22.9642	26.3621	10.8707
03:35:26	23.2872	26.4296	10.8812
03:35:31	23.6103	26.4973	10.8930
03:35:36	23.9333	26.5652	10.9018
03:35:41	24.2563	26.6334	10.9084
03:35:46	24.5792	26.7018	10.9154
03:35:51	24.9021	26.7705	10.9276
05:00:45	-4.8705	44.1525	10.5643
05:00:50	-4.5468	44.2131	10.5638
05:00:55	-4.2231	44.2737	10.5635
05:01:00	-3.8993	44.3342	10.5619
05:01:05	-3.5756	44.3947	10.5611
05:01:10	-3.2519	44.4551	10.5592
05:01:15	-2.9281	44.5156	10.5577
05:01:20	-2.6043	44.5760	10.5567
05:01:25	-2.2805	44.6364	10.5557
05:01:30	-1.9568	44.6967	10.5548
05:01:35	-1.6330	44.7571	10.5538
05:01:40	-1.3092	44.8174	10.5534
05:01:45	-0.9853	44.8778	10.5535
05:01:50	-0.6615	44.9381	10.5532
05:01:55	-0.3377	44.9984	10.5527
05:02:00	-0.0139	45.0588	10.5529
05:02:05	0.3099	45.1191	10.5521
05:02:10	0.6338	45.1794	10.5524
05:02:15	0.9576	45.2398	10.5530
05:02:20	1.2814	45.3001	10.5527
05:02:25	1.6053	45.3604	10.5534
05:02:30	1.9291	45.4208	10.5543
05:02:35	2.2530	45.4812	10.5553
05:02:40	2.5768	45.5416	10.5562
05:02:45	2.9007	45.6020	10.5568
05:02:50	3.2245	45.6625	10.5579
05:02:55	3.5484	45.7229	10.5595
05:03:00	3.8722	45.7834	10.5590
05:03:05	4.1961	45.8439	10.5598
05:03:10	4.5199	45.9045	10.5612
05:03:15	4.8438	45.9651	10.5624
05:03:20	5.1676	46.0257	10.5652
05:03:25	5.4915	46.0864	10.5665
05:03:30	5.8153	46.1471	10.5691
05:03:35	6.1392	46.2079	10.5716
05:03:40	6.4630	46.2687	10.5746
05:03:45	6.7869	46.3296	10.5764
05:03:50	7.1107	46.3905	10.5795
05:03:55	7.4345	46.4515	10.5823
05:04:00	7.7583	46.5125	10.5831
05:04:05	8.0821	46.5736	10.5842
05:04:10	8.4060	46.6347	10.5861
05:04:15	8.7298	46.6960	10.5893
05:04:20	9.0536	46.7573	10.5929
05:04:25	9.3773	46.8186	10.5971
05:04:30	9.7011	46.8801	10.6002
05:04:35	10.0249	46.9416	10.6044
05:04:40	10.3487	47.0032	10.6094
05:04:45	10.6724	47.0649	10.6129
05:04:50	10.9962	47.1267	10.6179
05:04:55	11.3199	47.1885	10.6218
05:05:00	11.6436	47.2505	10.6253
05:05:05	11.9673	47.3125	10.6273
05:05:10	12.2910	47.3747	10.6300
05:05:15	12.6147	47.4369	10.6341
05:05:20	12.9384	47.4993	10.6396
05:05:25	13.2621	47.5617	10.6453
05:05:30	13.5857	47.6243	10.6508
05:05:35	13.9094	47.6870	10.6566
05:05:40	14.2330	47.7498	10.6621
05:05:45	14.5566	47.8127	10.6681
05:05:50	14.8802	47.8758	10.6746
05:05:55	15.2038	47.9389	10.6814
05:06:00	15.5274	48.0022	10.6879
05:06:05	15.8509	48.0657	10.6917
05:06:10	16.1745	48.1292	10.6947
05:06:15	16.4980	48.1929	10.6985
05:06:20	16.8215	48.2568	10.7059
05:06:25	17.1450	48.3208	10.7128
05:06:30	17.4684	48.3849	10.7211
05:06:35	17.7919	48.4492	10.7290
05:06:40	18.1153	48.5136	10.7372
05:06:45	18.4387	48.5783	10.7458
05:06:50	18.7621	48.6430	10.7530
05:06:55	19.0855	48.7080	10.7623
05:07:00	19.4088	48.7731	10.7714
05:07:05	19.7322	48.8384	10.7791
05:07:10	20.0555	48.9039	10.7839
05:07:15	20.3788	48.9695	10.7884
05:07:20	20.7020	49.0354	10.7957
05:07:25	21.0253	49.1014	10.8055
05:07:30	21.3485	49.1676	10.8158
05:07:35	21.6717	49.2340	10.8265
05:07:40	21.9948	49.3006	10.8366
05:07:45	22.3180	49.3675	10.8479
05:07:50	22.6411	49.4345	10.8587
05:07:55	22.9642	49.5018	10.8699
05:08:00	23.2872	49.5693	10.8820
05:08:05	23.6103	49.6370	10.8938
05:08:10	23.9333	49.7049	10.9018
05:08:15	24.2563	49.7731	10.9084
05:08:20	24.5792	49.8415	10.9146
05:08:25	24.9021	49.9101	10.9276
14:57:08	24.8708	10.6081	169.0672
14:57:13	24.5479	10.6768	169.0803
14:57:18	24.2250	10.7452	169.0931
14:57:23	23.9020	10.8133	169.1047
14:57:28	23.5790	10.8812	169.1107
14:57:33	23.2559	10.9489	169.1171
14:57:38	22.9329	11.0164	169.1255
14:57:43	22.6098	11.0836	169.1370
14:57:48	22.2867	11.1506	169.1480
14:57:53	21.9635	11.2174	169.1585
14:57:58	21.6403	11.2840	169.1699
14:58:03	21.3172	11.3505	169.1799
14:58:08	20.9939	11.4167	169.1897
14:58:13	20.6707	11.4827	169.1998
14:58:18	20.3474	11.5485	169.2095
14:58:23	20.0241	11.6141	169.2190
14:58:28	19.7008	11.6796	169.2257
14:58:33	19.3775	11.7448	169.2303
14:58:38	19.0542	11.8099	169.2346
14:58:43	18.7308	11.8749	169.2427
14:58:48	18.4074	11.9396	169.2509
14:58:53	18.0840	12.0042	169.2599
14:58:58	17.7606	12.0687	169.2673
14:59:03	17.4371	12.1329	169.2754
14:59:08	17.1136	12.1971	169.2830
14:59:13	16.7902	12.2610	169.2901
14:59:18	16.4666	12.3249	169.2978
14:59:23	16.1431	12.3886	169.3049
14:59:28	15.8196	12.4521	169.3126
14:59:33	15.4960	12.5155	169.3155
14:59:38	15.1725	12.5788	169.3189
14:59:43	14.8489	12.6420	169.3227
14:59:48	14.5253	12.7050	169.3285
14:59:53	14.2017	12.7679	169.3345
14:59:58	13.8780	12.8307	169.3404
15:00:03	13.5544	12.8934	169.3464
15:00:08	13.2307	12.9559	169.3521
15:00:13	12.9071	13.0184	169.3580
15:00:18	12.5834	13.0807	169.3634
15:00:23	12.2597	13.1430	169.3679
15:00:28	11.9360	13.2051	169.3731
15:00:33	11.6123	13.2672	169.3774
15:00:38	11.2885	13.3291	169.3793
15:00:43	10.9648	13.3910	169.3814
15:00:48	10.6411	13.4527	169.3849
15:00:53	10.3173	13.5144	169.3896
15:00:58	9.9935	13.5760	169.3929
15:01:03	9.6698	13.6375	169.3975
15:01:08	9.3460	13.6989	169.4006
15:01:13	9.0222	13.7603	169.4041
15:01:18	8.6984	13.8216	169.4079
15:01:23	8.3746	13.8828	169.4122
15:01:28	8.0508	13.9440	169.4150
15:01:33	7.7270	14.0050	169.4181
15:01:38	7.4031	14.0661	169.4199
15:01:43	7.0793	14.1270	169.4204
15:01:48	6.7555	14.1880	169.4218
15:01:53	6.4316	14.2488	169.4248
15:01:58	6.1078	14.3096	169.4270
15:02:03	5.7840	14.3704	169.4303
15:02:08	5.4601	14.4311	169.4317
15:02:13	5.1363	14.4918	169.4330
15:02:18	4.8124	14.5524	169.4359
15:02:23	4.4886	14.6130	169.4380
15:02:28	4.1647	14.6735	169.4398
15:02:33	3.8409	14.7341	169.4409
15:02:38	3.5170	14.7946	169.4415
15:02:43	3.1932	14.8550	169.4424
15:02:48	2.8693	14.9155	169.4426
15:02:53	2.5455	14.9759	169.4442
15:02:58	2.2216	15.0363	169.4444
15:03:03	1.8978	15.0967	169.4458
15:03:08	1.5739	15.1570	169.4465
15:03:13	1.2501	15.2174	169.4458
15:03:18	0.9262	15.2777	169.4473
15:03:23	0.6024	15.3380	169.4473
15:03:28	0.2786	15.3984	169.4468
15:03:33	-0.0453	15.4587	169.4476
15:03:38	-0.3691	15.5190	169.4477
15:03:43	-0.6929	15.5794	169.4471
15:03:48	-1.0167	15.6397	169.4470
15:03:53	-1.3405	15.7000	169.4463
15:03:58	-1.6643	15.7604	169.4469
15:04:03	-1.9881	15.8207	169.4452
15:04:08	-2.3119	15.8811	169.4446
15:04:13	-2.6357	15.9415	169.4436
15:04:18	-2.9595	16.0019	169.4428
15:04:23	-3.2832	16.0624	169.4414
15:04:28	-3.6070	16.1228	169.4397
15:04:33	-3.9307	16.1833	169.4382
15:04:38	-4.2544	16.2438	169.4360
15:04:43	-4.5782	16.3044	169.4351
15:04:48	-4.9019	16.3650	169.4338
16:29:42	24.8708	33.7478	169.0680
16:29:47	24.5479	33.8165	169.0803
16:29:52	24.2250	33.8848	169.0931
16:29:57	23.9020	33.9530	169.1047
16:30:02	23.5790	34.0209	169.1115
16:30:07	23.2559	34.0886	169.1179
16:30:12	22.9329	34.1560	169.1255
16:30:17	22.6098	34.2233	169.1370
16:30:22	22.2867	34.2903	169.1480
16:30:27	21.9635	34.3571	169.1585
16:30:32	21.6403	34.4237	169.1691
16:30:37	21.3172	34.4901	169.1799
16:30:42	20.9939	34.5563	169.1897
16:30:47	20.6707	34.6223	169.1998
16:30:52	20.3474	34.6882	169.2095
16:30:57	20.0241	34.7538	169.2190
16:31:02	19.7008	34.8192	169.2265
16:31:07	19.3775	34.8845	169.2303
16:31:12	19.0542	34.9496	169.2346
16:31:17	18.7308	35.0145	169.2419
16:31:22	18.4074	35.0793	169.2509
16:31:27	18.0840	35.1439	169.2591
16:31:32	17.7606	35.2083	169.2673
16:31:37	17.4371	35.2726	169.2754
16:31:42	17.1136	35.3367	169.2830
16:31:47	16.7902	35.4007	169.2910
16:31:52	16.4666	35.4646	169.2978
16:31:57	16.1431	35.5283	169.3057
16:32:02	15.8196	35.5918	169.3118
16:32:07	15.4960	35.6552	169.3155
16:32:12	15.1725	35.7185	169.3181
16:32:17	14.8489	35.7817	169.3218
16:32:22	14.5253	35.8447	169.3285
16:32:27	14.2017	35.9076	169.3345
16:32:32	13.8780	35.9704	169.3412
16:32:37	13.5544	36.0331	169.3472
16:32:42	13.2307	36.0956	169.3521
16:32:47	12.9071	36.1581	169.3580
16:32:52	12.5834	36.2204	169.3626
16:32:57	12.2597	36.2827	169.3688
16:33:02	11.9360	36.3448	169.3731
16:33:07	11.6123	36.4068	169.3774
16:33:12	11.2885	36.4688	169.3793
16:33:17	10.9648	36.5306	169.3814
16:33:22	10.6411	36.5924	169.3849
16:33:27	10.3173	36.6541	169.3887
16:33:32	9.9935	36.7157	169.3938
16:33:37	9.6698	36.7772	169.3975
16:33:42	9.3460	36.8386	169.4014
16:33:47	9.0222	36.9000	169.4050
16:33:52	8.6984	36.9613	169.4088
16:33:57	8.3746	37.0225	169.4122
16:34:02	8.0508	37.0836	169.4150
16:34:07	7.7270	37.1447	169.4181
16:34:12	7.4031	37.2058	169.4199
16:34:17	7.0793	37.2667	169.4212
16:34:22	6.7555	37.3276	169.4218
16:34:27	6.4316	37.3885	169.4248
16:34:32	6.1078	37.4493	169.4278
16:34:37	5.7840	37.5101	169.4294
16:34:42	5.4601	37.5708	169.4326
16:34:47	5.1363	37.6314	169.4339
16:34:52	4.8124	37.6921	169.4359
16:34:57	4.4886	37.7527	169.4371
16:35:02	4.1647	37.8132	169.4398
16:35:07	3.8409	37.8737	169.4409
16:35:12	3.5170	37.9342	169.4423
16:35:17	3.1932	37.9947	169.4424
16:35:22	2.8693	38.0551	169.4426
16:35:27	2.5455	38.1156	169.4433
16:35:32	2.2216	38.1760	169.4444
16:35:37	1.8978	38.2363	169.4458
16:35:42	1.5739	38.2967	169.4456
16:35:47	1.2501	38.3571	169.4467
16:35:52	0.9262	38.4174	169.4473
16:35:57	0.6024	38.4777	169.4473
16:36:02	0.2786	38.5381	169.4476
16:36:07	-0.0453	38.5984	169.4476
16:36:12	-0.3691	38.6587	169.4477
16:36:17	-0.6929	38.7190	169.4471
16:36:22	-1.0167	38.7794	169.4462
16:36:27	-1.3405	38.8397	169.4471
16:36:32	-1.6643	38.9001	169.4460
16:36:37	-1.9881	38.9604	169.4452
16:36:42	-2.3119	39.0208	169.4446
16:36:47	-2.6357	39.0812	169.4436
16:36:52	-2.9595	39.1416	169.4428
16:36:57	-3.2832	39.2020	169.4406
16:37:02	-3.6070	39.2625	169.4397
16:37:07	-3.9307	39.3230	169.4382
16:37:12	-4.2544	39.3835	169.4369
16:37:17	-4.5782	39.4441	169.4351
16:37:22	-4.9019	39.5046	169.4338
18:02:15	24.8708	56.8875	169.0680
18:02:20	24.5479	56.9561	169.0810
18:02:25	24.2250	57.0245	169.0929
18:02:30	23.9020	57.0927	169.1047
18:02:35	23.5790	57.1606	169.1114
18:02:40	23.2559	57.2283	169.1171
18:02:45	22.9329	57.2957	169.1255
18:02:50	22.6098	57.3630	169.1370
18:02:55	22.2867	57.4300	169.1480
18:03:00	21.9635	57.4968	169.1585
18:03:05	21.6403	57.5634	169.1691
18:03:10	21.3172	57.6298	169.1799
18:03:15	20.9939	57.6960	169.1903
18:03:20	20.6707	57.7620	169.1998
18:03:25	20.3474	57.8278	169.2087
18:03:30	20.0241	57.8935	169.2190
18:03:35	19.7008	57.9589	169.2257
18:03:40	19.3775	58.0242	169.2305
18:03:45	19.0542	58.0893	169.2346
18:03:50	18.7308	58.1542	169.2427
18:03:55	18.4074	58.2190	169.2509
18:04:00	18.0840	58.2836	169.2599
18:04:05	17.7606	58.3480	169.2673
18:04:10	17.4371	58.4123	169.2754
18:04:15	17.1136	58.4764	169.2830
18:04:20	16.7902	58.5404	169.2910
18:04:25	16.4666	58.6042	169.2986
18:04:30	16.1431	58.6679	169.3049
18:04:35	15.8196	58.7315	169.3126
18:04:40	15.4960	58.7949	169.3162
18:04:45	15.1725	58.8582	169.3189
18:04:50	14.8489	58.9213	169.3218
18:04:55	14.5253	58.9844	169.3293
18:05:00	14.2017	59.0473	169.3345
18:05:05	13.8780	59.1101	169.3412
18:05:10	13.5544	59.1727	169.3464
18:05:15	13.2307	59.2353	169.3529
18:05:20	12.9071	59.2978	169.3580
18:05:25	12.5834	59.3601	169.3634
18:05:30	12.2597	59.4223	169.3688
18:05:35	11.9360	59.4845	169.3731
18:05:40	11.6123	59.5465	169.3774
18:05:45	11.2885	59.6085	169.3801
18:05:50	10.9648	59.6703	169.3814
18:05:55	10.6411	59.7321	169.3840
18:06:00	10.3173	59.7938	169.3896
18:06:05	9.9935	59.8553	169.3929
18:06:10	9.6698	59.9169	169.3975
18:06:15	9.3460	59.9783	169.4006
18:06:20	9.0222	60.0397	169.4050
18:06:25	8.6984	60.1009	169.4079
18:06:30	8.3746	60.1622	169.4114
18:06:35	8.0508	60.2233	169.4150
18:06:40	7.7270	60.2844	169.4181
18:06:45	7.4031	60.3454	169.4199
18:06:50	7.0793	60.4064	169.4210
18:06:55	6.7555	60.4673	169.4218
18:07:00	6.4316	60.5282	169.4248
18:07:05	6.1078	60.5890	169.4270
18:07:10	5.7840	60.6497	169.4294
18:07:15	5.4601	60.7105	169.4317
18:07:20	5.1363	60.7711	169.4339
18:07:25	4.8124	60.8317	169.4359
18:07:30	4.4886	60.8923	169.4380
18:07:35	4.1647	60.9529	169.4389
18:07:40	3.8409	61.0134	169.4400
18:07:45	3.5170	61.0739	169.4415
18:07:50	3.1932	61.1344	169.4432
18:07:55	2.8693	61.1948	169.4426
18:08:00	2.5455	61.2552	169.4433
18:08:05	2.2216	61.3156	169.4452
18:08:10	1.8978	61.3760	169.4449
18:08:15	1.5739	61.4364	169.4465
18:08:20	1.2501	61.4967	169.4467
18:08:25	0.9262	61.5571	169.4473
18:08:30	0.6024	61.6174	169.4473
18:08:35	0.2786	61.6777	169.4476
18:08:40	-0.0453	61.7381	169.4467
18:08:45	-0.3691	61.7984	169.4468
18:08:50	-0.6929	61.8587	169.4471
18:08:55	-1.0167	61.9190	169.4469
18:09:00	-1.3405	61.9794	169.4463
18:09:05	-1.6643	62.0397	169.4460
18:09:10	-1.9881	62.1001	169.4452
18:09:15	-2.3119	62.1605	169.4446
18:09:20	-2.6357	62.2209	169.4436
18:09:25	-2.9595	62.2813	169.4428
18:09:30	-3.2832	62.3417	169.4414
18:09:35	-3.6070	62.4022	169.4406
18:09:40	-3.9307	62.4627	169.4391
18:09:45	-4.2544	62.5232	169.4369
18:09:50	-4.5782	62.5837	169.4343
18:09:55	-4.9019	62.6443	169.4346
23:59:59	-999.00	-999.00	-999.00
