2024/11/03 EARTHCARE
GMT	SUBLAT[N+]	SUBLON[W+]	HEADING
00:00:03	60.3740	-17.6323	15.9409
00:00:08	60.6878	-17.4494	16.0546
00:00:13	61.0013	-17.2633	16.1710
00:00:18	61.3146	-17.0740	16.3034
00:00:23	61.6277	-16.8812	16.4386
00:00:28	61.9406	-16.6850	16.5779
00:00:33	62.2532	-16.4852	16.7202
00:00:38	62.5656	-16.2816	16.8668
00:00:43	62.8777	-16.0741	17.0176
00:00:48	63.1895	-15.8626	17.1716
00:00:53	63.5011	-15.6470	17.3303
00:00:58	63.8123	-15.4271	17.4928
00:01:03	64.1233	-15.2028	17.6580
00:01:08	64.4340	-14.9738	17.8168
00:01:13	64.7443	-14.7401	17.9804
00:01:18	65.0544	-14.5015	18.1550
00:01:23	65.3640	-14.2578	18.3412
00:01:28	65.6734	-14.0088	18.5329
00:01:33	65.9824	-13.7543	18.7299
00:01:38	66.2909	-13.4940	18.9329
00:01:43	66.5992	-13.2279	19.1417
00:01:48	66.9069	-12.9555	19.3568
00:01:53	67.2143	-12.6768	19.5778
00:01:58	67.5213	-12.3914	19.8061
00:02:03	67.8277	-12.0991	20.0411
00:02:08	68.1337	-11.7995	20.2753
00:02:13	68.4392	-11.4925	20.5117
00:02:18	68.7442	-11.1777	20.7557
00:02:23	69.0487	-10.8547	21.0198
00:02:28	69.3526	-10.5233	21.2938
00:02:33	69.6559	-10.1830	21.5768
00:02:38	69.9586	-9.8335	21.8687
00:02:43	70.2607	-9.4743	22.1704
00:02:48	70.5621	-9.1051	22.4818
00:02:53	70.8628	-8.7254	22.8040
00:02:58	71.1628	-8.3346	23.1372
00:03:03	71.4620	-7.9324	23.4819
00:03:08	71.7604	-7.5181	23.8378
00:03:13	72.0580	-7.0912	24.1939
00:03:18	72.3547	-6.6511	24.5626
00:03:23	72.6504	-6.1971	24.9500
00:03:28	72.9452	-5.7287	25.3609
00:03:33	73.2390	-5.2451	25.7867
00:03:38	73.5317	-4.7454	26.2291
00:03:43	73.8232	-4.2290	26.6877
00:03:48	74.1136	-3.6949	27.1642
00:03:53	74.4027	-3.1423	27.6584
00:03:58	74.6905	-2.5701	28.1733
00:04:03	74.9768	-1.9774	28.7081
00:04:08	75.2617	-1.3631	29.2648
00:04:13	75.5449	-0.7260	29.8377
00:04:18	75.8265	-0.0649	30.4275
00:04:23	76.1064	0.6216	31.0419
00:04:28	76.3843	1.3347	31.6946
00:04:33	76.6603	2.0760	32.3780
00:04:38	76.9341	2.8470	33.0913
00:04:43	77.2057	3.6494	33.8354
00:04:48	77.4748	4.4850	34.6135
00:04:53	77.7414	5.3556	35.4262
00:04:58	78.0053	6.2632	36.2758
00:05:03	78.2662	7.2098	37.1650
00:05:08	78.5241	8.1977	38.0947
00:05:13	78.7786	9.2291	39.0684
00:05:18	79.0295	10.3064	40.0750
00:05:23	79.2766	11.4322	41.1289
00:05:28	79.5196	12.6090	42.2374
00:05:33	79.7583	13.8395	43.4097
00:05:38	79.9923	15.1266	44.6376
01:26:00	35.1931	-3.5969	11.4656
01:26:05	35.5148	-3.5168	11.4904
01:26:10	35.8365	-3.4362	11.5149
01:26:15	36.1581	-3.3552	11.5398
01:26:20	36.4796	-3.2737	11.5570
01:26:25	36.8011	-3.1916	11.5748
01:26:30	37.1225	-3.1091	11.5957
01:26:35	37.4439	-3.0261	11.6233
01:26:40	37.7653	-2.9425	11.6506
01:26:45	38.0865	-2.8583	11.6789
01:26:50	38.4078	-2.7736	11.7085
01:26:55	38.7289	-2.6884	11.7369
01:27:00	39.0501	-2.6026	11.7675
01:27:05	39.3711	-2.5161	11.7977
01:27:10	39.6921	-2.4291	11.8284
01:27:15	40.0131	-2.3415	11.8603
01:27:20	40.3340	-2.2532	11.8887
01:27:25	40.6548	-2.1643	11.9126
01:27:30	40.9756	-2.0747	11.9362
01:27:35	41.2963	-1.9845	11.9685
01:27:40	41.6169	-1.8936	12.0033
01:27:45	41.9375	-1.8020	12.0397
01:27:50	42.2580	-1.7097	12.0751
01:27:55	42.5785	-1.6166	12.1125
01:28:00	42.8989	-1.5228	12.1501
01:28:05	43.2192	-1.4283	12.1886
01:28:10	43.5395	-1.3330	12.2273
01:28:15	43.8597	-1.2369	12.2675
01:28:20	44.1798	-1.1400	12.3088
01:28:25	44.4998	-1.0422	12.3412
01:28:30	44.8198	-0.9436	12.3735
01:28:35	45.1397	-0.8442	12.4092
01:28:40	45.4595	-0.7438	12.4531
01:28:45	45.7793	-0.6426	12.4981
01:28:50	46.0989	-0.5405	12.5443
01:28:55	46.4185	-0.4374	12.5913
01:29:00	46.7380	-0.3333	12.6383
01:29:05	47.0575	-0.2283	12.6878
01:29:10	47.3768	-0.1222	12.7373
01:29:15	47.6961	-0.0151	12.7886
01:29:20	48.0153	0.0930	12.8402
01:29:25	48.3343	0.2023	12.8892
01:29:30	48.6534	0.3126	12.9324
01:29:35	48.9723	0.4241	12.9768
01:29:40	49.2911	0.5367	13.0298
01:29:45	49.6098	0.6505	13.0871
01:29:50	49.9284	0.7655	13.1455
01:29:55	50.2470	0.8818	13.2054
01:30:00	50.5654	0.9994	13.2668
01:30:05	50.8837	1.1183	13.3288
01:30:10	51.2020	1.2385	13.3927
01:30:15	51.5201	1.3601	13.4580
01:30:20	51.8381	1.4831	13.5245
01:30:25	52.1560	1.6075	13.5921
01:30:30	52.4738	1.7335	13.6525
01:30:35	52.7915	1.8609	13.7123
01:30:40	53.1091	1.9900	13.7750
01:30:45	53.4265	2.1206	13.8484
01:30:50	53.7438	2.2528	13.9241
01:30:55	54.0610	2.3868	14.0009
01:31:00	54.3781	2.5225	14.0803
01:31:05	54.6951	2.6599	14.1613
01:31:10	55.0119	2.7992	14.2435
01:31:15	55.3286	2.9404	14.3281
01:31:20	55.6451	3.0835	14.4150
01:31:25	55.9615	3.2286	14.5035
01:31:30	56.2777	3.3758	14.5900
01:31:35	56.5938	3.5250	14.6710
01:31:40	56.9098	3.6764	14.7535
01:31:45	57.2256	3.8300	14.8455
01:31:50	57.5412	3.9859	14.9440
01:31:55	57.8567	4.1441	15.0452
01:32:00	58.1719	4.3048	15.1494
01:32:05	58.4871	4.4679	15.2559
01:32:10	58.8020	4.6337	15.3644
01:32:15	59.1168	4.8020	15.4756
01:32:20	59.4313	4.9731	15.5895
01:32:25	59.7457	5.1470	15.7067
01:32:30	60.0599	5.3239	15.8263
01:32:35	60.3739	5.5037	15.9408
01:32:40	60.6876	5.6865	16.0540
01:32:45	61.0012	5.8726	16.1710
01:32:50	61.3145	6.0619	16.3030
01:32:55	61.6276	6.2547	16.4387
01:33:00	61.9405	6.4509	16.5778
01:33:05	62.2531	6.6508	16.7206
01:33:10	62.5654	6.8544	16.8671
01:33:15	62.8775	7.0618	17.0172
01:33:20	63.1894	7.2733	17.1713
01:33:25	63.5009	7.4889	17.3300
01:33:30	63.8122	7.7088	17.4927
01:33:35	64.1232	7.9331	17.6581
01:33:40	64.4338	8.1621	17.8168
01:33:45	64.7442	8.3958	17.9805
01:33:50	65.0542	8.6344	18.1548
01:33:55	65.3639	8.8781	18.3412
01:34:00	65.6732	9.1271	18.5326
01:34:05	65.9822	9.3816	18.7300
01:34:10	66.2908	9.6419	18.9326
01:34:15	66.5990	9.9080	19.1421
01:34:20	66.9068	10.1803	19.3565
01:34:25	67.2142	10.4591	19.5779
01:34:30	67.5211	10.7445	19.8062
01:34:35	67.8276	11.0368	20.0406
01:34:40	68.1336	11.3363	20.2748
01:34:45	68.4391	11.6433	20.5115
01:34:50	68.7441	11.9582	20.7555
01:34:55	69.0486	12.2811	21.0199
01:35:00	69.3525	12.6126	21.2936
01:35:05	69.6558	12.9528	21.5763
01:35:10	69.9585	13.3023	21.8686
01:35:15	70.2605	13.6615	22.1696
01:35:20	70.5619	14.0307	22.4814
01:35:25	70.8627	14.4104	22.8036
01:35:30	71.1626	14.8012	23.1368
01:35:35	71.4618	15.2034	23.4816
01:35:40	71.7603	15.6177	23.8377
01:35:45	72.0578	16.0446	24.1941
01:35:50	72.3545	16.4847	24.5623
01:35:55	72.6503	16.9386	24.9501
01:36:00	72.9451	17.4070	25.3604
01:36:05	73.2388	17.8907	25.7865
01:36:10	73.5315	18.3903	26.2285
01:36:15	73.8231	18.9067	26.6874
01:36:20	74.1134	19.4408	27.1640
01:36:25	74.4025	19.9934	27.6583
01:36:30	74.6903	20.5655	28.1729
01:36:35	74.9766	21.1582	28.7080
01:36:40	75.2615	21.7725	29.2644
01:36:45	75.5448	22.4097	29.8371
01:36:50	75.8264	23.0708	30.4274
01:36:55	76.1062	23.7572	31.0415
01:37:00	76.3842	24.4703	31.6942
02:58:30	35.0004	19.4909	11.4484
02:58:35	35.3221	19.5707	11.4646
02:58:40	35.6437	19.6509	11.4868
02:58:45	35.9654	19.7317	11.5115
02:58:50	36.2869	19.8129	11.5371
02:58:55	36.6085	19.8946	11.5628
02:59:00	36.9299	19.9768	11.5892
02:59:05	37.2513	20.0596	11.6159
02:59:10	37.5727	20.1428	11.6432
02:59:15	37.8940	20.2266	11.6713
02:59:20	38.2153	20.3110	11.7000
02:59:25	38.5365	20.3959	11.7289
02:59:30	38.8577	20.4814	11.7504
02:59:35	39.1787	20.5675	11.7718
02:59:40	39.4998	20.6542	11.7957
02:59:45	39.8208	20.7414	11.8264
02:59:50	40.1417	20.8293	11.8582
02:59:55	40.4626	20.9178	11.8908
03:00:00	40.7834	21.0070	11.9241
03:00:05	41.1041	21.0968	11.9577
03:00:10	41.4248	21.1873	11.9932
03:00:15	41.7454	21.2785	12.0276
03:00:20	42.0660	21.3704	12.0632
03:00:25	42.3865	21.4630	12.1008
03:00:30	42.7069	21.5563	12.1339
03:00:35	43.0273	21.6504	12.1626
03:00:40	43.3476	21.7453	12.1920
03:00:45	43.6678	21.8409	12.2280
03:00:50	43.9880	21.9373	12.2684
03:00:55	44.3081	22.0346	12.3091
03:01:00	44.6281	22.1327	12.3516
03:01:05	44.9480	22.2316	12.3938
03:01:10	45.2679	22.3314	12.4374
03:01:15	45.5877	22.4321	12.4821
03:01:20	45.9074	22.5337	12.5275
03:01:25	46.2270	22.6362	12.5740
03:01:30	46.5466	22.7397	12.6216
03:01:35	46.8661	22.8441	12.6612
03:01:40	47.1855	22.9496	12.6998
03:01:45	47.5048	23.0561	12.7411
03:01:50	47.8240	23.1636	12.7923
03:01:55	48.1432	23.2721	12.8444
03:02:00	48.4622	23.3818	12.8975
03:02:05	48.7812	23.4926	12.9520
03:02:10	49.1001	23.6045	13.0075
03:02:15	49.4189	23.7176	13.0643
03:02:20	49.7375	23.8319	13.1222
03:02:25	50.0561	23.9475	13.1810
03:02:30	50.3746	24.0643	13.2413
03:02:35	50.6930	24.1823	13.3007
03:02:40	51.0113	24.3018	13.3520
03:02:45	51.3295	24.4225	13.4062
03:02:50	51.6476	24.5447	13.4661
03:02:55	51.9656	24.6683	13.5333
03:03:00	52.2834	24.7933	13.6017
03:03:05	52.6012	24.9198	13.6717
12:37:16	52.8908	-30.0025	166.2531
12:37:21	52.5732	-29.8746	166.3242
12:37:26	52.2554	-29.7482	166.3940
12:37:31	51.9375	-29.6232	166.4625
12:37:36	51.6195	-29.4998	166.5293
12:37:41	51.3013	-29.3778	166.5950
12:37:46	50.9831	-29.2571	166.6594
12:37:51	50.6648	-29.1378	166.7108
12:37:56	50.3464	-29.0198	166.7615
12:38:01	50.0278	-28.9032	166.8144
12:38:06	49.7092	-28.7877	166.8735
12:38:11	49.3905	-28.6735	166.9312
12:38:16	49.0717	-28.5605	166.9882
12:38:21	48.7528	-28.4487	167.0434
12:38:26	48.4338	-28.3380	167.0982
12:38:31	48.1147	-28.2284	167.1507
12:38:36	47.7955	-28.1199	167.2031
12:38:41	47.4762	-28.0125	167.2538
12:38:46	47.1569	-27.9061	167.3039
12:38:51	46.8375	-27.8007	167.3489
12:38:56	46.5180	-27.6964	167.3863
12:39:01	46.1984	-27.5930	167.4236
12:39:06	45.8787	-27.4905	167.4675
12:39:11	45.5589	-27.3890	167.5129
12:39:16	45.2391	-27.2884	167.5568
12:39:21	44.9192	-27.1886	167.6011
12:39:26	44.5992	-27.0898	167.6439
12:39:31	44.2792	-26.9918	167.6856
12:39:36	43.9591	-26.8946	167.7264
12:39:41	43.6389	-26.7982	167.7668
12:39:46	43.3186	-26.7027	167.8066
12:39:51	42.9983	-26.6079	167.8448
12:39:56	42.6779	-26.5139	167.8740
12:40:01	42.3574	-26.4206	167.9020
12:40:06	42.0369	-26.3280	167.9311
12:40:11	41.7163	-26.2362	167.9664
12:40:16	41.3956	-26.1451	168.0021
12:40:21	41.0749	-26.0546	168.0362
12:40:26	40.7541	-25.9648	168.0701
12:40:31	40.4333	-25.8757	168.1033
12:40:36	40.1124	-25.7872	168.1358
12:40:41	39.7914	-25.6994	168.1679
12:40:46	39.4704	-25.6122	168.1992
12:40:51	39.1494	-25.5256	168.2302
12:40:56	38.8282	-25.4395	168.2569
12:41:01	38.5070	-25.3541	168.2773
12:41:06	38.1858	-25.2692	168.2980
12:41:11	37.8645	-25.1849	168.3228
12:41:16	37.5431	-25.1012	168.3514
12:41:21	37.2218	-25.0179	168.3785
12:41:26	36.9003	-24.9352	168.4056
12:41:31	36.5788	-24.8530	168.4321
12:41:36	36.2572	-24.7713	168.4577
12:41:41	35.9356	-24.6902	168.4830
12:41:46	35.6140	-24.6094	168.5074
12:41:51	35.2923	-24.5292	168.5329
12:41:56	35.0022	-24.4573	358.0687
14:03:25	76.3764	-29.4143	148.3101
14:03:30	76.0983	-28.7020	148.9649
14:03:35	75.8185	-28.0163	149.5925
14:03:40	75.5368	-27.3559	150.1950
14:03:45	75.2534	-26.7194	150.7604
14:03:50	74.9685	-26.1058	151.3022
14:03:55	74.6821	-25.5137	151.8268
14:04:00	74.3943	-24.9421	152.3413
14:04:05	74.1052	-24.3899	152.8356
14:04:10	73.8148	-23.8563	153.3115
14:04:15	73.5232	-23.3404	153.7695
14:04:20	73.2304	-22.8412	154.2116
14:04:25	72.9366	-22.3579	154.6368
14:04:30	72.6418	-21.8899	155.0473
14:04:35	72.3460	-21.4364	155.4434
14:04:40	72.0492	-20.9967	155.8251
14:04:45	71.7516	-20.5702	156.1881
14:04:50	71.4532	-20.1563	156.5312
14:04:55	71.1539	-19.7544	156.8619
14:05:00	70.8539	-19.3639	157.1911
14:05:05	70.5532	-18.9845	157.5130
14:05:10	70.2517	-18.6155	157.8247
14:05:15	69.9496	-18.2566	158.1262
14:05:20	69.6469	-17.9073	158.4177
14:05:25	69.3436	-17.5673	158.7003
14:05:30	69.0396	-17.2361	158.9742
14:05:35	68.7351	-16.9134	159.2395
14:05:40	68.4301	-16.5988	159.4965
14:05:45	68.1246	-16.2920	159.7460
14:05:50	67.8185	-15.9927	159.9759
14:05:55	67.5120	-15.7006	160.1973
14:06:00	67.2051	-15.4154	160.4146
14:06:05	66.8977	-15.1368	160.6362
14:06:10	66.5898	-14.8646	160.8506
14:06:15	66.2816	-14.5986	161.0593
14:06:20	65.9730	-14.3385	161.2623
14:06:25	65.6640	-14.0842	161.4591
14:06:30	65.3546	-13.8353	161.6512
14:06:35	65.0449	-13.5917	161.8371
14:06:40	64.7348	-13.3532	162.0182
14:06:45	64.4245	-13.1197	162.1948
14:06:50	64.1138	-12.8909	162.3618
14:06:55	63.8028	-12.6667	162.5162
14:07:00	63.4915	-12.4470	162.6660
14:07:05	63.1799	-12.2315	162.8198
14:07:10	62.8680	-12.0201	162.9737
14:07:15	62.5559	-11.8127	163.1241
14:07:20	62.2435	-11.6092	163.2709
14:07:25	61.9309	-11.4094	163.4131
14:07:30	61.6180	-11.2133	163.5524
14:07:35	61.3049	-11.0206	163.6879
14:07:40	60.9915	-10.8314	163.8198
14:07:45	60.6779	-10.6454	163.9489
14:07:50	60.3641	-10.4626	164.0748
14:07:55	60.0501	-10.2829	164.1876
14:08:00	59.7359	-10.1062	164.2947
14:08:05	59.4215	-9.9324	164.4011
14:08:10	59.1069	-9.7614	164.5149
14:08:15	58.7921	-9.5931	164.6264
14:08:20	58.4772	-9.4274	164.7346
14:08:25	58.1620	-9.2643	164.8411
14:08:30	57.8467	-9.1037	164.9449
14:08:35	57.5312	-8.9455	165.0461
14:08:40	57.2156	-8.7897	165.1456
14:08:45	56.8997	-8.6361	165.2425
14:08:50	56.5838	-8.4848	165.3364
14:08:55	56.2676	-8.3356	165.4258
14:09:00	55.9514	-8.1886	165.5046
14:09:05	55.6349	-8.0435	165.5809
14:09:10	55.3184	-7.9005	165.6626
14:09:15	55.0017	-7.7594	165.7465
14:09:20	54.6848	-7.6201	165.8290
14:09:25	54.3679	-7.4827	165.9105
14:09:30	54.0508	-7.3470	165.9888
14:09:35	53.7335	-7.2131	166.0663
14:09:40	53.4162	-7.0809	166.1420
14:09:45	53.0987	-6.9503	166.2158
14:09:50	52.7811	-6.8213	166.2883
14:09:55	52.4634	-6.6939	166.3587
14:10:00	52.1456	-6.5680	166.4211
14:10:05	51.8276	-6.4436	166.4769
14:10:10	51.5096	-6.3207	166.5329
14:10:15	51.1914	-6.1991	166.5977
14:10:20	50.8732	-6.0789	166.6614
14:10:25	50.5548	-5.9601	166.7238
14:10:30	50.2364	-5.8426	166.7853
14:10:35	49.9178	-5.7263	166.8446
14:10:40	49.5991	-5.6113	166.9034
14:10:45	49.2804	-5.4975	166.9608
14:10:50	48.9615	-5.3849	167.0168
14:10:55	48.6426	-5.2735	167.0722
14:11:00	48.3236	-5.1632	167.1243
14:11:05	48.0044	-5.0540	167.1673
14:11:10	47.6852	-4.9459	167.2084
14:11:15	47.3659	-4.8388	167.2532
14:11:20	47.0466	-4.7328	167.3033
14:11:25	46.7271	-4.6277	167.3517
14:11:30	46.4076	-4.5237	167.3999
14:11:35	46.0879	-4.4206	167.4468
14:11:40	45.7682	-4.3185	167.4924
14:11:45	45.4485	-4.2173	167.5377
14:11:50	45.1286	-4.1170	167.5816
14:11:55	44.8087	-4.0176	167.6253
14:12:00	44.4887	-3.9190	167.6674
14:12:05	44.1686	-3.8213	167.7035
14:12:10	43.8484	-3.7244	167.7343
14:12:15	43.5282	-3.6283	167.7643
14:12:20	43.2079	-3.5330	167.8021
14:12:25	42.8876	-3.4385	167.8411
14:12:30	42.5672	-3.3447	167.8789
14:12:35	42.2467	-3.2517	167.9159
14:12:40	41.9261	-3.1594	167.9524
14:12:45	41.6055	-3.0678	167.9878
14:12:50	41.2848	-2.9769	168.0231
14:12:55	40.9641	-2.8867	168.0569
14:13:00	40.6433	-2.7971	168.0907
14:13:05	40.3224	-2.7083	168.1224
14:13:10	40.0015	-2.6200	168.1460
14:13:15	39.6805	-2.5324	168.1685
14:13:20	39.3595	-2.4454	168.1941
14:13:25	39.0384	-2.3590	168.2241
14:13:30	38.7172	-2.2731	168.2546
14:13:35	38.3960	-2.1879	168.2840
14:13:40	38.0748	-2.1032	168.3131
14:13:45	37.7535	-2.0191	168.3410
14:13:50	37.4321	-1.9355	168.3687
14:13:55	37.1107	-1.8524	168.3959
14:14:00	36.7892	-1.7699	168.4229
14:14:05	36.4677	-1.6879	168.4492
14:14:10	36.1461	-1.6064	168.4703
14:14:15	35.8245	-1.5254	168.4872
14:14:20	35.5028	-1.4449	168.5036
14:14:25	35.1811	-1.3648	168.5258
15:34:48	79.9572	-19.8917	135.5408
15:34:53	79.7224	-18.6134	136.7614
15:34:58	79.4831	-17.3912	137.9258
15:35:03	79.2394	-16.2223	139.0339
15:35:08	78.9917	-15.1040	140.0801
15:35:13	78.7402	-14.0338	141.0785
15:35:18	78.4851	-13.0092	142.0385
15:35:23	78.2268	-12.0277	142.9625
15:35:28	77.9654	-11.0870	143.8450
15:35:33	77.7011	-10.1852	144.6891
15:35:38	77.4341	-9.3200	145.4966
15:35:43	77.1646	-8.4895	146.2694
15:35:48	76.8927	-7.6919	147.0092
15:35:53	76.6185	-6.9255	147.7178
15:35:58	76.3422	-6.1886	148.3969
15:36:03	76.0640	-5.4796	149.0479
15:36:08	75.7838	-4.7971	149.6635
15:36:13	75.5020	-4.1397	150.2496
15:36:18	75.2184	-3.5061	150.8118
15:36:23	74.9333	-2.8951	151.3647
15:36:28	74.6468	-2.3056	151.8963
15:36:33	74.3588	-1.7364	152.4077
15:36:38	74.0695	-1.1867	152.8995
15:36:43	73.7789	-0.6553	153.3737
15:36:48	73.4872	-0.1414	153.8297
15:36:53	73.1943	0.3557	154.2689
15:36:58	72.9004	0.8370	154.6929
15:37:03	72.6054	1.3032	155.1012
15:37:08	72.3095	1.7550	155.4937
15:37:13	72.0127	2.1930	155.8608
15:37:18	71.7149	2.6180	156.2146
15:37:23	71.4164	3.0304	156.5614
15:37:28	71.1170	3.4309	156.9046
15:37:33	70.8169	3.8199	157.2358
15:37:38	70.5161	4.1981	157.5566
15:37:43	70.2146	4.5658	157.8667
15:37:48	69.9124	4.9234	158.1669
15:37:53	69.6096	5.2716	158.4578
15:37:58	69.3062	5.6105	158.7387
15:38:03	69.0022	5.9406	159.0115
15:38:08	68.6976	6.2623	159.2755
15:38:13	68.3926	6.5759	159.5244
15:38:18	68.0869	6.8818	159.7597
15:38:23	67.7809	7.1802	159.9879
15:38:28	67.4743	7.4714	160.2199
15:38:33	67.1673	7.7558	160.4469
15:38:38	66.8598	8.0336	160.6672
15:38:43	66.5520	8.3050	160.8811
15:38:48	66.2437	8.5702	161.0890
15:38:53	65.9350	8.8296	161.2909
15:38:58	65.6260	9.0833	161.4876
15:39:03	65.3166	9.3315	161.6779
15:39:08	65.0068	9.5744	161.8642
15:39:13	64.6967	9.8123	162.0445
15:39:18	64.3863	10.0452	162.2074
15:39:23	64.0755	10.2734	162.3656
15:39:28	63.7645	10.4971	162.5234
15:39:33	63.4532	10.7163	162.6852
15:39:38	63.1416	10.9313	162.8432
15:39:43	62.8297	11.1422	162.9968
15:39:48	62.5175	11.3491	163.1466
15:39:53	62.2051	11.5521	163.2924
15:39:58	61.8924	11.7514	163.4345
15:40:03	61.5795	11.9471	163.5732
15:40:08	61.2664	12.1393	163.7084
15:40:13	60.9530	12.3282	163.8403
15:40:18	60.6394	12.5137	163.9628
15:40:23	60.3256	12.6961	164.0762
15:40:28	60.0115	12.8755	164.1862
15:40:33	59.6973	13.0518	164.3026
15:40:38	59.3829	13.2253	164.4191
15:40:43	59.0683	13.3960	164.5328
15:40:48	58.7535	13.5640	164.6443
15:40:53	58.4385	13.7293	164.7522
15:40:58	58.1233	13.8921	164.8579
15:41:03	57.8080	14.0524	164.9616
15:41:08	57.4925	14.2103	165.0622
15:41:13	57.1768	14.3658	165.1613
15:41:18	56.8610	14.5191	165.2580
15:41:23	56.5450	14.6702	165.3417
15:41:28	56.2288	14.8191	165.4218
15:41:33	55.9125	14.9659	165.5024
15:41:38	55.5961	15.1107	165.5905
15:41:43	55.2795	15.2535	165.6765
15:41:48	54.9628	15.3944	165.7605
15:41:53	54.6459	15.5334	165.8432
15:41:58	54.3290	15.6706	165.9237
15:42:03	54.0118	15.8061	166.0026
15:42:08	53.6946	15.9398	166.0792
15:42:13	53.3772	16.0718	166.1548
15:42:18	53.0598	16.2021	166.2287
15:42:23	52.7421	16.3309	166.2965
15:42:28	52.4244	16.4581	166.3561
15:42:33	52.1066	16.5838	166.4146
15:42:38	51.7886	16.7081	166.4780
15:42:43	51.4706	16.8309	166.5440
15:42:48	51.1524	16.9523	166.6092
15:42:53	50.8341	17.0723	166.6732
15:42:58	50.5158	17.1910	166.7354
15:43:03	50.1973	17.3083	166.7957
15:43:08	49.8787	17.4244	166.8559
15:43:13	49.5601	17.5393	166.9142
15:43:18	49.2413	17.6529	166.9713
15:43:23	48.9224	17.7654	167.0278
15:43:28	48.6035	17.8767	167.0740
15:43:33	48.2844	17.9868	167.1170
15:43:38	47.9653	18.0959	167.1603
15:43:43	47.6461	18.2039	167.2122
15:43:48	47.3268	18.3108	167.2630
15:43:53	47.0074	18.4167	167.3122
15:43:58	46.6879	18.5216	167.3612
15:44:03	46.3684	18.6256	167.4090
15:44:08	46.0488	18.7285	167.4558
15:44:13	45.7291	18.8305	167.5016
15:44:18	45.4093	18.9316	167.5464
15:44:23	45.0894	19.0318	167.5907
15:44:28	44.7695	19.1311	167.6315
15:44:33	44.4495	19.2296	167.6633
15:44:38	44.1294	19.3272	167.6952
15:44:43	43.8092	19.4240	167.7314
15:44:48	43.4890	19.5200	167.7713
15:44:53	43.1687	19.6152	167.8105
15:44:58	42.8484	19.7096	167.8490
15:45:03	42.5279	19.8033	167.8870
15:45:08	42.2074	19.8962	167.9238
15:45:13	41.8869	19.9884	167.9594
15:45:18	41.5663	20.0799	167.9958
15:45:23	41.2456	20.1707	168.0298
15:45:28	40.9248	20.2609	168.0645
15:45:33	40.6040	20.3503	168.0912
15:45:38	40.2831	20.4391	168.1144
15:45:43	39.9622	20.5273	168.1381
15:45:48	39.6412	20.6149	168.1699
15:45:53	39.3202	20.7018	168.2004
15:45:58	38.9991	20.7881	168.2312
15:46:03	38.6779	20.8739	168.2610
15:46:08	38.3567	20.9591	168.2907
15:46:13	38.0355	21.0437	168.3191
15:46:18	37.7141	21.1277	168.3474
15:46:23	37.3928	21.2112	168.3752
15:46:28	37.0713	21.2942	168.4027
15:46:33	36.7499	21.3767	168.4276
15:46:38	36.4283	21.4586	168.4449
15:46:43	36.1068	21.5401	168.4626
15:46:48	35.7851	21.6210	168.4831
15:46:53	35.4635	21.7015	168.5080
15:46:58	35.1417	21.7815	168.5318
17:07:21	79.9558	3.2517	135.5478
17:07:26	79.7211	4.5297	136.7684
17:07:31	79.4817	5.7516	137.9319
17:07:36	79.2380	6.9202	139.0388
17:07:41	78.9903	8.0382	140.0849
17:07:46	78.7387	9.1081	141.0833
17:07:51	78.4837	10.1325	142.0445
17:07:56	78.2254	11.1138	142.9676
17:08:01	77.9640	12.0541	143.8501
17:08:06	77.6996	12.9558	144.6942
17:08:11	77.4326	13.8208	145.5015
17:08:16	77.1631	14.6511	146.2737
17:08:21	76.8911	15.4485	147.0134
17:08:26	76.6170	16.2147	147.7219
17:08:31	76.3407	16.9515	148.4007
17:08:36	76.0624	17.6603	149.0521
17:08:41	75.7823	18.3427	149.6661
17:08:46	75.5004	18.9999	150.2521
17:08:51	75.2168	19.6333	150.8142
17:08:56	74.9317	20.2442	151.3675
17:09:01	74.6452	20.8336	151.8995
17:09:06	74.3572	21.4027	152.4106
17:09:11	74.0679	21.9523	152.9022
17:09:16	73.7773	22.4836	153.3761
17:09:21	73.4856	22.9974	153.8325
17:09:26	73.1927	23.4944	154.2716
17:09:31	72.8988	23.9757	154.6951
17:09:36	72.6038	24.4418	155.1033
17:09:41	72.3079	24.8935	155.4953
21:40:36	78.0674	-29.6074	36.4899
21:40:41	78.3276	-28.6511	37.3745
21:40:46	78.5847	-27.6530	38.3010
21:40:51	78.8384	-26.6109	39.2775
21:40:56	79.0885	-25.5223	40.3084
21:41:01	79.3347	-24.3846	41.3876
21:41:06	79.5767	-23.1952	42.5194
21:41:11	79.8143	-21.9515	43.7052
21:41:15	80.0024	-20.9076	193.5703
23:08:32	61.6187	-29.8422	16.4340
23:08:37	61.9316	-29.6461	16.5730
23:08:42	62.2442	-29.4463	16.7155
23:08:47	62.5566	-29.2428	16.8618
23:08:52	62.8687	-29.0355	17.0120
23:08:57	63.1806	-28.8241	17.1663
23:09:02	63.4922	-28.6086	17.3245
23:09:07	63.8034	-28.3888	17.4870
23:09:12	64.1144	-28.1646	17.6543
23:09:17	64.4251	-27.9358	17.8160
23:09:22	64.7355	-27.7022	17.9795
23:09:27	65.0456	-27.4637	18.1484
23:09:32	65.3553	-27.2201	18.3351
23:09:37	65.6647	-26.9712	18.5264
23:09:42	65.9737	-26.7169	18.7233
23:09:47	66.2823	-26.4568	18.9262
23:09:52	66.5905	-26.1908	19.1346
23:09:57	66.8983	-25.9186	19.3497
23:10:02	67.2057	-25.6400	19.5710
23:10:07	67.5127	-25.3548	19.7987
23:10:12	67.8192	-25.0627	20.0333
23:10:17	68.1252	-24.7633	20.2721
23:10:22	68.4308	-24.4565	20.5084
23:10:27	68.7358	-24.1419	20.7524
23:10:32	69.0403	-23.8191	21.0118
23:10:37	69.3442	-23.4879	21.2847
23:10:42	69.6476	-23.1478	21.5677
23:10:47	69.9503	-22.7986	21.8592
23:10:52	70.2524	-22.4397	22.1607
23:10:57	70.5539	-22.0707	22.4720
23:11:02	70.8546	-21.6912	22.7942
23:11:07	71.1546	-21.3008	23.1267
23:11:12	71.4539	-20.8988	23.4714
23:11:17	71.7523	-20.4848	23.8279
23:11:22	72.0499	-20.0583	24.1875
23:11:27	72.3467	-19.6185	24.5564
23:11:32	72.6425	-19.1649	24.9384
23:11:37	72.9373	-18.6969	25.3485
23:11:42	73.2311	-18.2136	25.7742
23:11:47	73.5239	-17.7144	26.2161
23:11:52	73.8155	-17.1984	26.6736
23:11:57	74.1059	-16.6648	27.1501
23:12:02	74.3950	-16.1126	27.6444
23:12:07	74.6828	-15.5410	28.1585
23:12:12	74.9692	-14.9488	28.6929
23:12:17	75.2541	-14.3350	29.2487
23:12:22	75.5375	-13.6985	29.8256
23:12:27	75.8191	-13.0380	30.4151
23:12:32	76.0990	-12.3522	31.0288
23:12:37	76.3771	-11.6397	31.6760
23:12:42	76.6531	-10.8992	32.3586
23:12:47	76.9270	-10.1289	33.0712
23:12:52	77.1986	-9.3273	33.8148
23:12:57	77.4679	-8.4925	34.5917
23:13:02	77.7346	-7.6228	35.4037
23:13:07	77.9985	-6.7162	36.2522
23:13:12	78.2595	-5.7705	37.1405
23:13:17	78.5175	-4.7837	38.0697
23:13:22	78.7721	-3.7534	39.0419
23:13:27	79.0231	-2.6772	40.0519
23:13:32	79.2703	-1.5527	41.1046
23:13:37	79.5135	-0.3771	42.2086
23:13:42	79.7523	0.8521	43.3783
23:13:47	79.9864	2.1377	44.6053
23:59:59	-999.00	-999.00	-999.00
