2024/11/03 EARTHCARE
GMT	SUBLAT[N+]	SUBLON[W+]	HEADING
01:25:57	35.0000	-3.6454	11.4491
01:26:02	35.3217	-3.5656	11.4645
01:26:07	35.6434	-3.4854	11.4868
01:26:12	35.9650	-3.4046	11.5124
01:26:17	36.2866	-3.3234	11.5370
01:26:22	36.6081	-3.2417	11.5628
01:26:27	36.9296	-3.1594	11.5891
01:26:32	37.2510	-3.0767	11.6160
01:26:37	37.5724	-2.9934	11.6439
01:26:42	37.8937	-2.9096	11.6714
01:26:47	38.2149	-2.8253	11.7000
01:26:52	38.5362	-2.7403	11.7290
01:26:57	38.8573	-2.6548	11.7509
01:27:02	39.1784	-2.5688	11.7717
01:27:07	39.4995	-2.4821	11.7956
01:27:12	39.8204	-2.3948	11.8271
01:27:17	40.1414	-2.3069	11.8589
01:27:22	40.4622	-2.2184	11.8915
01:27:27	40.7830	-2.1292	11.9244
01:27:32	41.1038	-2.0394	11.9584
01:27:37	41.4245	-1.9489	11.9926
01:27:42	41.7451	-1.8577	12.0283
01:27:47	42.0657	-1.7658	12.0646
01:27:52	42.3862	-1.6732	12.1002
01:27:57	42.7066	-1.5799	12.1346
01:28:02	43.0270	-1.4858	12.1632
01:28:07	43.3473	-1.3909	12.1919
01:28:12	43.6675	-1.2953	12.2285
01:28:17	43.9877	-1.1989	12.2691
01:28:22	44.3077	-1.1016	12.3092
01:28:27	44.6278	-1.0036	12.3517
01:28:32	44.9477	-0.9046	12.3944
01:28:37	45.2676	-0.8048	12.4381
01:28:42	45.5874	-0.7041	12.4827
01:28:47	45.9071	-0.6025	12.5279
01:28:52	46.2267	-0.5000	12.5741
01:28:57	46.5463	-0.3965	12.6215
01:29:02	46.8658	-0.2921	12.6613
01:29:07	47.1852	-0.1866	12.7006
01:29:12	47.5045	-0.0801	12.7410
01:29:17	47.8237	0.0274	12.7922
01:29:22	48.1429	0.1360	12.8444
01:29:27	48.4619	0.2456	12.8975
01:29:32	48.7809	0.3564	12.9521
01:29:37	49.0998	0.4683	13.0079
01:29:42	49.4186	0.5814	13.0641
01:29:47	49.7373	0.6958	13.1223
01:29:52	50.0558	0.8113	13.1814
01:29:57	50.3743	0.9281	13.2418
01:30:02	50.6927	1.0462	13.3011
01:30:07	51.0110	1.1656	13.3532
01:30:12	51.3292	1.2864	13.4062
01:30:17	51.6473	1.4085	13.4667
01:30:22	51.9653	1.5321	13.5339
01:30:27	52.2832	1.6572	13.6016
01:30:32	52.6009	1.7837	13.6718
01:30:37	52.9185	1.9118	13.7439
01:30:42	53.2361	2.0414	13.8164
01:30:47	53.5535	2.1727	13.8915
01:30:52	53.8707	2.3056	13.9675
01:30:57	54.1879	2.4403	14.0457
01:31:02	54.5049	2.5767	14.1255
01:31:07	54.8218	2.7149	14.1990
01:31:12	55.1386	2.8550	14.2712
01:31:17	55.4552	2.9969	14.3445
01:31:22	55.7717	3.1408	14.4310
01:31:27	56.0880	3.2867	14.5207
01:31:32	56.4042	3.4347	14.6115
01:31:37	56.7202	3.5848	14.7044
01:31:42	57.0361	3.7370	14.8000
01:31:47	57.3519	3.8916	14.8983
01:31:52	57.6674	4.0484	14.9978
01:31:57	57.9828	4.2076	15.1004
01:32:02	58.2980	4.3693	15.2047
01:32:07	58.6131	4.5335	15.3107
01:32:12	58.9280	4.7003	15.4084
01:32:17	59.2427	4.8697	15.5088
01:32:22	59.5572	5.0420	15.6170
01:32:27	59.8715	5.2170	15.7349
01:32:32	60.1856	5.3950	15.8562
01:32:37	60.4994	5.5760	15.9798
01:32:42	60.8131	5.7602	16.1071
01:32:47	61.1266	5.9475	16.2373
01:32:52	61.4398	6.1382	16.3705
01:32:57	61.7528	6.3323	16.5079
01:33:02	62.0656	6.5300	16.6484
01:33:07	62.3781	6.7314	16.7926
01:33:12	62.6904	6.9365	16.9338
01:33:17	63.0024	7.1456	17.0729
01:33:22	63.3141	7.3588	17.2159
01:33:27	63.6255	7.5761	17.3742
01:33:32	63.9367	7.7977	17.5389
01:33:37	64.2475	8.0239	17.7077
01:33:42	64.5581	8.2547	17.8814
01:33:47	64.8683	8.4903	18.0599
01:33:52	65.1782	8.7309	18.2431
01:33:57	65.4878	8.9768	18.4320
01:34:02	65.7969	9.2280	18.6253
01:34:07	66.1058	9.4848	18.8253
01:34:12	66.4142	9.7474	19.0302
01:34:17	66.7223	10.0160	19.2286
01:34:22	67.0299	10.2909	19.4328
01:34:27	67.3371	10.5723	19.6477
01:34:32	67.6438	10.8604	19.8787
01:34:37	67.9501	11.1556	20.1166
01:34:42	68.2559	11.4581	20.3615
01:34:47	68.5613	11.7682	20.6140
01:34:52	68.8660	12.0862	20.8745
01:34:57	69.1703	12.4125	21.1436
01:35:02	69.4739	12.7475	21.4207
01:35:07	69.7770	13.0915	21.7073
01:35:12	70.0795	13.4448	22.0033
01:35:17	70.3813	13.8080	22.3025
01:35:22	70.6824	14.1814	22.6050
01:35:27	70.9828	14.5655	22.9184
01:35:32	71.2825	14.9608	23.2526
01:35:37	71.5814	15.3678	23.6024
01:35:42	71.8795	15.7870	23.9637
01:35:47	72.1767	16.2191	24.3383
01:35:52	72.4730	16.6647	24.7259
01:35:57	72.7684	17.1243	25.1281
01:36:02	73.0628	17.5988	25.5451
01:36:07	73.3561	18.0888	25.9773
01:36:12	73.6484	18.5951	26.4257
01:36:17	73.9395	19.1185	26.8918
01:36:22	74.2293	19.6599	27.3631
01:36:27	74.5179	20.2203	27.8517
01:36:32	74.8051	20.8006	28.3638
01:36:37	75.0909	21.4018	28.9070
01:36:42	75.3751	22.0251	29.4726
01:36:47	75.6577	22.6717	30.0614
01:36:52	75.9386	23.3427	30.6747
01:36:57	76.2177	24.0397	31.3144
01:37:02	76.4949	24.7639	31.9807
02:58:32	35.1290	19.5218	11.4574
02:58:37	35.4506	19.6018	11.4814
02:58:42	35.7723	19.6822	11.5061
02:58:47	36.0939	19.7631	11.5314
02:58:52	36.4155	19.8446	11.5569
02:58:57	36.7370	19.9265	11.5825
02:59:02	37.0584	20.0089	11.6063
02:59:07	37.3798	20.0919	11.6251
02:59:12	37.7012	20.1754	11.6444
02:59:17	38.0225	20.2594	11.6688
02:59:22	38.3437	20.3440	11.6980
02:59:27	38.6649	20.4291	11.7272
02:59:32	38.9860	20.5149	11.7561
02:59:37	39.3071	20.6012	11.7868
02:59:42	39.6281	20.6881	11.8181
02:59:47	39.9491	20.7756	11.8498
02:59:52	40.2700	20.8637	11.8816
02:59:57	40.5908	20.9525	11.9145
03:00:02	40.9116	21.0420	11.9484
03:00:07	41.2323	21.1321	11.9749
03:00:12	41.5530	21.2228	12.0011
03:00:17	41.8736	21.3143	12.0272
03:00:22	42.1941	21.4065	12.0630
03:00:27	42.5146	21.4994	12.1001
03:00:32	42.8350	21.5930	12.1378
03:00:37	43.1554	21.6874	12.1755
03:00:42	43.4756	21.7826	12.2150
03:00:47	43.7958	21.8785	12.2549
03:00:52	44.1160	21.9753	12.2958
03:00:57	44.4360	22.0729	12.3373
03:01:02	44.7560	22.1713	12.3791
03:01:07	45.0759	22.2706	12.4206
03:01:12	45.3958	22.3707	12.4538
03:01:17	45.7155	22.4718	12.4891
03:01:22	46.0352	22.5737	12.5298
03:01:27	46.3548	22.6766	12.5765
03:01:32	46.6744	22.7805	12.6245
03:01:37	46.9938	22.8854	12.6727
03:01:42	47.3132	22.9912	12.7225
03:01:47	47.6325	23.0981	12.7727
03:01:52	47.9517	23.2060	12.8248
03:01:57	48.2708	23.3151	12.8773
03:02:02	48.5898	23.4252	12.9313
03:02:07	48.9087	23.5364	12.9861
03:02:12	49.2276	23.6488	13.0343
03:02:17	49.5463	23.7624	13.0814
03:02:22	49.8650	23.8772	13.1285
03:02:27	50.1835	23.9933	13.1879
03:02:32	50.5020	24.1106	13.2487
03:02:37	50.8204	24.2292	13.3111
03:02:42	51.1386	24.3491	13.3748
03:02:47	51.4568	24.4704	13.4393
03:02:52	51.7748	24.5932	13.5058
03:02:57	52.0927	24.7173	13.5731
03:03:02	52.4106	24.8430	13.6418
03:03:07	52.7283	24.9701	13.7129
12:37:18	52.7580	-29.9517	166.2953
12:37:23	52.4402	-29.8244	166.3584
12:37:28	52.1224	-29.6986	166.4166
12:37:33	51.8045	-29.5743	166.4738
12:37:38	51.4864	-29.4514	166.5390
12:37:43	51.1682	-29.3299	166.6042
12:37:48	50.8500	-29.2098	166.6678
12:37:53	50.5316	-29.0911	166.7304
12:37:58	50.2131	-28.9736	166.7912
12:38:03	49.8945	-28.8575	166.8505
12:38:08	49.5759	-28.7426	166.9094
12:38:13	49.2571	-28.6289	166.9672
12:38:18	48.9382	-28.5163	167.0227
12:38:23	48.6193	-28.4050	167.0766
12:38:28	48.3002	-28.2948	167.1201
12:38:33	47.9811	-28.1856	167.1624
12:38:38	47.6619	-28.0776	167.2081
12:38:43	47.3426	-27.9706	167.2586
12:38:48	47.0232	-27.8646	167.3088
12:38:53	46.7037	-27.7597	167.3571
12:38:58	46.3842	-27.6557	167.4051
12:39:03	46.0645	-27.5527	167.4521
12:39:08	45.7448	-27.4506	167.4973
12:39:13	45.4251	-27.3495	167.5421
12:39:18	45.1052	-27.2493	167.5863
12:39:23	44.7852	-27.1499	167.6301
12:39:28	44.4652	-27.0514	167.6667
12:39:33	44.1452	-26.9537	167.6986
12:39:38	43.8250	-26.8569	167.7292
12:39:43	43.5048	-26.7609	167.7675
12:39:48	43.1845	-26.6656	167.8067
12:39:53	42.8641	-26.5711	167.8459
12:39:58	42.5437	-26.4774	167.8830
12:40:03	42.2232	-26.3845	167.9199
12:40:08	41.9026	-26.2922	167.9567
12:40:13	41.5820	-26.2007	167.9920
12:40:18	41.2613	-26.1098	168.0268
12:40:23	40.9406	-26.0197	168.0609
12:40:28	40.6197	-25.9302	168.0941
12:40:33	40.2989	-25.8413	168.1180
12:40:38	39.9779	-25.7531	168.1416
12:40:43	39.6570	-25.6655	168.1668
12:40:48	39.3359	-25.5786	168.1979
12:40:53	39.0148	-25.4922	168.2281
12:40:58	38.6936	-25.4064	168.2579
12:41:03	38.3724	-25.3212	168.2878
12:41:08	38.0512	-25.2365	168.3163
12:41:13	37.7298	-25.1525	168.3447
12:41:18	37.4085	-25.0689	168.3723
12:41:23	37.0870	-24.9859	168.3996
12:41:28	36.7655	-24.9034	168.4258
12:41:33	36.4440	-24.8214	168.4480
12:41:38	36.1224	-24.7400	168.4657
12:41:43	35.8008	-24.6590	168.4821
12:41:48	35.4791	-24.5785	168.5048
12:41:53	35.1574	-24.4984	168.5299
14:03:22	76.5412	-29.8564	147.8998
14:03:27	76.2643	-29.1274	148.5572
14:03:32	75.9855	-28.4259	149.1977
14:03:37	75.7049	-27.7505	149.8154
14:03:42	75.4226	-27.0999	150.4086
14:03:47	75.1386	-26.4727	150.9777
14:03:52	74.8531	-25.8678	151.5252
14:03:57	74.5661	-25.2841	152.0512
14:04:02	74.2777	-24.7205	152.5567
14:04:07	73.9881	-24.1759	153.0440
14:04:12	73.6972	-23.6496	153.5124
14:04:17	73.4051	-23.1405	153.9635
14:04:22	73.1119	-22.6478	154.3861
14:04:27	72.8177	-22.1708	154.7922
14:04:32	72.5224	-21.7087	155.1860
14:04:37	72.2263	-21.2608	155.5761
14:04:42	71.9292	-20.8264	155.9527
14:04:47	71.6312	-20.4050	156.3169
14:04:52	71.3324	-19.9960	156.6683
14:04:57	71.0329	-19.5987	157.0077
14:05:02	70.7325	-19.2128	157.3364
14:05:07	70.4315	-18.8376	157.6541
14:05:12	70.1298	-18.4728	157.9614
14:05:17	69.8274	-18.1178	158.2587
14:05:22	69.5245	-17.7723	158.5421
14:05:27	69.2209	-17.4359	158.8075
14:05:32	68.9167	-17.1081	159.0644
14:05:37	68.6120	-16.7887	159.3217
14:05:42	68.3067	-16.4773	159.5761
14:05:47	68.0010	-16.1735	159.8224
14:05:52	67.6948	-15.8771	160.0617
14:05:57	67.3881	-15.5878	160.2935
14:06:02	67.0809	-15.3053	160.5183
14:06:07	66.7733	-15.0293	160.7370
14:06:12	66.4654	-14.7597	160.9493
14:06:17	66.1570	-14.4961	161.1552
14:06:22	65.8482	-14.2383	161.3559
14:06:27	65.5390	-13.9862	161.5403
14:06:32	65.2295	-13.7395	161.7169
14:06:37	64.9197	-13.4980	161.8895
14:06:42	64.6095	-13.2615	162.0689
14:06:47	64.2989	-13.0299	162.2432
14:06:52	63.9881	-12.8029	162.4131
14:06:57	63.6770	-12.5805	162.5783
14:07:02	63.3656	-12.3625	162.7390
14:07:07	63.0539	-12.1487	162.8955
14:07:12	62.7419	-11.9389	163.0485
14:07:17	62.4297	-11.7331	163.1969
14:07:22	62.1172	-11.5312	163.3418
14:07:27	61.8044	-11.3329	163.4797
14:07:32	61.4914	-11.1382	163.6051
14:07:37	61.1782	-10.9469	163.7267
14:07:42	60.8648	-10.7590	163.8517
14:07:47	60.5511	-10.5743	163.9800
14:07:52	60.2372	-10.3927	164.1042
14:07:57	59.9231	-10.2142	164.2256
14:08:02	59.6088	-10.0387	164.3443
14:08:07	59.2944	-9.8660	164.4603
14:08:12	58.9797	-9.6960	164.5733
14:08:17	58.6648	-9.5288	164.6833
14:08:22	58.3498	-9.3642	164.7907
14:08:27	58.0345	-9.2021	164.8964
14:08:32	57.7191	-9.0425	164.9907
14:08:37	57.4036	-8.8853	165.0786
14:08:42	57.0879	-8.7304	165.1650
14:08:47	56.7720	-8.5777	165.2611
14:08:52	56.4559	-8.4273	165.3547
14:08:57	56.1397	-8.2789	165.4459
14:09:02	55.8234	-8.1327	165.5360
14:09:07	55.5069	-7.9884	165.6237
14:09:12	55.1903	-7.8462	165.7088
14:09:17	54.8735	-7.7058	165.7928
14:09:22	54.5566	-7.5673	165.8745
14:09:27	54.2396	-7.4306	165.9547
14:09:32	53.9224	-7.2957	166.0308
14:09:37	53.6052	-7.1624	166.0961
14:09:42	53.2877	-7.0309	166.1593
14:09:47	52.9702	-6.9010	166.2269
14:09:52	52.6526	-6.7726	166.2982
14:09:57	52.3348	-6.6458	166.3692
14:10:02	52.0169	-6.5205	166.4378
14:10:07	51.6990	-6.3967	166.5047
14:10:12	51.3809	-6.2743	166.5710
14:10:17	51.0627	-6.1533	166.6353
14:10:22	50.7443	-6.0336	166.6982
14:10:27	50.4259	-5.9153	166.7600
14:10:32	50.1074	-5.7983	166.8210
14:10:37	49.7888	-5.6826	166.8732
14:10:42	49.4701	-5.5681	166.9210
14:10:47	49.1513	-5.4548	166.9673
14:10:52	48.8324	-5.3426	167.0220
14:10:57	48.5134	-5.2316	167.0767
14:11:02	48.1944	-5.1218	167.1307
14:11:07	47.8752	-5.0130	167.1823
14:11:12	47.5560	-4.9053	167.2338
14:11:17	47.2366	-4.7987	167.2846
14:11:22	46.9172	-4.6930	167.3343
14:11:27	46.5977	-4.5884	167.3829
14:11:32	46.2781	-4.4848	167.4299
14:11:37	45.9585	-4.3821	167.4753
14:11:42	45.6387	-4.2803	167.5114
14:11:47	45.3189	-4.1795	167.5457
14:11:52	44.9990	-4.0796	167.5833
14:11:57	44.6791	-3.9805	167.6263
14:12:02	44.3590	-3.8822	167.6677
14:12:07	44.0389	-3.7849	167.7095
14:12:12	43.7187	-3.6883	167.7500
14:12:17	43.3985	-3.5925	167.7893
14:12:22	43.0782	-3.4975	167.8289
14:12:27	42.7578	-3.4033	167.8668
14:12:32	42.4373	-3.3098	167.9039
14:12:37	42.1168	-3.2171	167.9405
14:12:42	41.7962	-3.1251	167.9720
14:12:47	41.4756	-3.0338	167.9975
14:12:52	41.1549	-2.9432	168.0235
14:12:57	40.8341	-2.8532	168.0558
14:13:02	40.5133	-2.7640	168.0888
14:13:07	40.1924	-2.6753	168.1214
14:13:12	39.8714	-2.5873	168.1539
14:13:17	39.5504	-2.4999	168.1850
14:13:22	39.2293	-2.4132	168.2158
14:13:27	38.9082	-2.3270	168.2462
14:13:32	38.5870	-2.2414	168.2764
14:13:37	38.2658	-2.1564	168.3056
14:13:42	37.9445	-2.0719	168.3331
14:13:47	37.6232	-1.9880	168.3534
14:13:52	37.3018	-1.9047	168.3718
14:13:57	36.9803	-1.8218	168.3932
14:14:02	36.6588	-1.7395	168.4198
14:14:07	36.3373	-1.6577	168.4456
14:14:12	36.0157	-1.5764	168.4713
14:14:17	35.6940	-1.4955	168.4962
14:14:22	35.3723	-1.4152	168.5207
14:14:27	35.0506	-1.3353	168.5443
15:34:50	79.8636	-19.3773	136.0129
15:34:55	79.6270	-18.1217	137.2094
15:35:00	79.3859	-16.9211	138.3526
15:35:05	79.1406	-15.7727	139.4431
15:35:10	78.8913	-14.6740	140.4838
15:35:15	78.6384	-13.6222	141.4780
15:35:20	78.3820	-12.6151	142.4272
15:35:25	78.1224	-11.6502	143.3341
15:35:30	77.8598	-10.7254	144.2017
15:35:35	77.5944	-9.8384	145.0302
15:35:40	77.3264	-8.9874	145.8223
15:35:45	77.0559	-8.1703	146.5681
15:35:50	76.7830	-7.3853	147.2812
15:35:55	76.5080	-6.6309	147.9693
15:36:00	76.2309	-5.9053	148.6377
15:36:05	75.9519	-5.2070	149.2774
15:36:10	75.6711	-4.5346	149.8922
15:36:15	75.3885	-3.8869	150.4828
15:36:20	75.1043	-3.2625	151.0486
15:36:25	74.8186	-2.6602	151.5936
15:36:30	74.5315	-2.0790	152.1170
15:36:35	74.2430	-1.5177	152.6209
15:36:40	73.9532	-0.9754	153.1055
15:36:45	73.6621	-0.4511	153.5645
15:36:50	73.3699	0.0559	154.0005
15:36:55	73.0766	0.5467	154.4199
15:37:00	72.7823	1.0219	154.8353
15:37:05	72.4869	1.4823	155.2381
15:37:10	72.1906	1.9285	155.6266
15:37:15	71.8934	2.3613	156.0016
15:37:20	71.5954	2.7811	156.3640
15:37:25	71.2965	3.1887	156.7142
15:37:30	70.9968	3.5846	157.0526
15:37:35	70.6964	3.9692	157.3793
15:37:40	70.3953	4.3431	157.6955
15:37:45	70.0935	4.7067	158.0020
15:37:50	69.7911	5.0605	158.2852
15:37:55	69.4880	5.4049	158.5587
15:38:00	69.1844	5.7403	158.8268
15:38:05	68.8801	6.0670	159.0966
15:38:10	68.5754	6.3855	159.3570
15:38:15	68.2701	6.6960	159.6103
15:38:20	67.9643	6.9989	159.8557
15:38:25	67.6580	7.2944	160.0936
15:38:30	67.3512	7.5829	160.3247
15:38:35	67.0440	7.8645	160.5493
15:38:40	66.7364	8.1397	160.7670
15:38:45	66.4284	8.4086	160.9786
15:38:50	66.1199	8.6715	161.1787
15:38:55	65.8111	8.9286	161.3654
15:39:00	65.5019	9.1800	161.5467
15:39:05	65.1924	9.4261	161.7318
15:39:10	64.8825	9.6670	161.9152
15:39:15	64.5722	9.9029	162.0941
15:39:20	64.2617	10.1340	162.2681
15:39:25	63.9508	10.3604	162.4372
15:39:30	63.6397	10.5822	162.6019
15:39:35	63.3282	10.7998	162.7620
15:39:40	63.0165	11.0131	162.9186
15:39:45	62.7045	11.2223	163.0702
15:39:50	62.3922	11.4276	163.2183
15:39:55	62.0797	11.6292	163.3515
15:40:00	61.7669	11.8270	163.4802
15:40:05	61.4539	12.0213	163.6071
15:40:10	61.1407	12.2122	163.7410
15:40:15	60.8272	12.3997	163.8714
15:40:20	60.5135	12.5840	163.9985
15:40:25	60.1996	12.7652	164.1233
15:40:30	59.8855	12.9434	164.2444
15:40:35	59.5712	13.1186	164.3623
15:40:40	59.2567	13.2909	164.4780
15:40:45	58.9420	13.4605	164.5901
15:40:50	58.6271	13.6274	164.7000
15:40:55	58.3120	13.7917	164.8034
15:41:00	57.9968	13.9535	164.8962
15:41:05	57.6813	14.1128	164.9873
15:41:10	57.3658	14.2698	165.0831
15:41:15	57.0500	14.4244	165.1806
15:41:20	56.7341	14.5768	165.2767
15:41:25	56.4181	14.7270	165.3694
15:41:30	56.1019	14.8751	165.4606
15:41:35	55.7855	15.0211	165.5500
15:41:40	55.4690	15.1651	165.6371
15:41:45	55.1524	15.3071	165.7222
15:41:50	54.8356	15.4473	165.8057
15:41:55	54.5187	15.5855	165.8871
15:42:00	54.2016	15.7220	165.9582
15:42:05	53.8845	15.8567	166.0249
15:42:10	53.5672	15.9898	166.0908
15:42:15	53.2497	16.1211	166.1662
15:42:20	52.9322	16.2509	166.2389
15:42:25	52.6145	16.3790	166.3106
15:42:30	52.2968	16.5057	166.3808
15:42:35	51.9789	16.6308	166.4494
15:42:40	51.6609	16.7544	166.5167
15:42:45	51.3428	16.8767	166.5822
15:42:50	51.0246	16.9975	166.6461
15:42:55	50.7063	17.1170	166.7095
15:43:00	50.3878	17.2351	166.7683
15:43:05	50.0693	17.3520	166.8180
15:43:10	49.7507	17.4676	166.8668
15:43:15	49.4320	17.5819	166.9192
15:43:20	49.1132	17.6951	166.9765
15:43:25	48.7943	17.8071	167.0323
15:43:30	48.4753	17.9180	167.0868
15:43:35	48.1562	18.0277	167.1400
15:43:40	47.8370	18.1363	167.1922
15:43:45	47.5178	18.2439	167.2437
15:43:50	47.1984	18.3504	167.2941
15:43:55	46.8790	18.4559	167.3427
15:44:00	46.5595	18.5604	167.3915
15:44:05	46.2399	18.6639	167.4318
15:44:10	45.9203	18.7665	167.4680
15:44:15	45.6005	18.8681	167.5029
15:44:20	45.2807	18.9689	167.5480
15:44:25	44.9608	19.0687	167.5914
15:44:30	44.6408	19.1677	167.6344
15:44:35	44.3208	19.2658	167.6761
15:44:40	44.0007	19.3631	167.7173
15:44:45	43.6805	19.4596	167.7581
15:44:50	43.3602	19.5553	167.7977
15:44:55	43.0399	19.6502	167.8363
15:45:00	42.7195	19.7443	167.8742
15:45:05	42.3990	19.8377	167.9102
15:45:10	42.0785	19.9303	167.9375
15:45:15	41.7579	20.0222	167.9638
15:45:20	41.4373	20.1134	167.9940
15:45:25	41.1166	20.2040	168.0285
15:45:30	40.7958	20.2939	168.0622
15:45:35	40.4749	20.3831	168.0953
15:45:40	40.1540	20.4716	168.1283
15:45:45	39.8331	20.5595	168.1608
15:45:50	39.5121	20.6469	168.1920
15:45:55	39.1910	20.7336	168.2222
15:46:00	38.8699	20.8197	168.2527
15:46:05	38.5487	20.9052	168.2819
15:46:10	38.2274	20.9901	168.3065
15:46:15	37.9062	21.0745	168.3265
15:46:20	37.5848	21.1583	168.3455
15:46:25	37.2634	21.2416	168.3722
15:46:30	36.9420	21.3244	168.3995
15:46:35	36.6205	21.4067	168.4260
15:46:40	36.2989	21.4884	168.4513
15:46:45	35.9773	21.5697	168.4771
15:46:50	35.6556	21.6505	168.5023
15:46:55	35.3339	21.7307	168.5261
15:47:00	35.0122	21.8106	168.5537
17:07:22	79.8623	3.7658	136.0194
17:07:27	79.6256	5.0211	137.2169
17:07:32	79.3845	6.2214	138.3595
17:07:37	79.1392	7.3695	139.4493
17:07:42	78.8899	8.4680	140.4903
17:07:47	78.6369	9.5194	141.4838
17:07:52	78.3805	10.5263	142.4329
17:07:57	78.1209	11.4909	143.3392
17:08:02	77.8584	12.4155	144.2063
17:08:07	77.5929	13.3023	145.0352
17:08:12	77.3249	14.1532	145.8258
17:08:17	77.0544	14.9701	146.5717
17:08:22	76.7815	15.7548	147.2840
17:08:27	76.5065	16.5091	147.9735
17:08:32	76.2294	17.2346	148.6411
17:08:37	75.9504	17.9327	149.2818
17:08:42	75.6695	18.6049	149.8957
17:08:47	75.3869	19.2525	150.4859
17:08:52	75.1028	19.8768	151.0526
17:08:57	74.8171	20.4789	151.5967
17:09:02	74.5299	21.0601	152.1200
17:09:07	74.2414	21.6212	152.6237
17:09:12	73.9516	22.1634	153.1084
17:09:17	73.6605	22.6876	153.5665
17:09:22	73.3683	23.1945	154.0024
17:09:27	73.0750	23.6852	154.4213
17:09:32	72.7806	24.1603	154.8377
17:09:37	72.4853	24.6206	155.2403
17:09:42	72.2378	24.9943	317.1932
21:40:37	78.1726	-29.2287	36.8282
21:40:42	78.4316	-28.2559	37.7431
21:40:47	78.6873	-27.2403	38.7009
21:40:52	78.9395	-26.1797	39.7040
21:40:57	79.1881	-25.0716	40.7537
21:41:02	79.4326	-23.9133	41.8539
21:41:07	79.6729	-22.7023	43.0071
21:41:12	79.9086	-21.4357	44.2154
23:08:28	61.4362	-29.9578	16.3689
23:08:33	61.7492	-29.7637	16.5066
23:08:38	62.0620	-29.5660	16.6466
23:08:43	62.3745	-29.3647	16.7911
23:08:48	62.6868	-29.1596	16.9335
23:08:53	62.9988	-28.9505	17.0728
23:08:58	63.3106	-28.7374	17.2157
23:09:03	63.6220	-28.5202	17.3722
23:09:08	63.9332	-28.2986	17.5369
23:09:13	64.2441	-28.0724	17.7058
23:09:18	64.5547	-27.8417	17.8792
23:09:23	64.8649	-27.6061	18.0578
23:09:28	65.1748	-27.3655	18.2408
23:09:33	65.4844	-27.1197	18.4296
23:09:38	65.7936	-26.8685	18.6231
23:09:43	66.1025	-26.6118	18.8228
23:09:48	66.4109	-26.3492	19.0277
23:09:53	66.7190	-26.0806	19.2276
23:09:58	67.0266	-25.8058	19.4324
23:10:03	67.3339	-25.5245	19.6452
23:10:08	67.6406	-25.2364	19.8759
23:10:13	67.9470	-24.9413	20.1133
23:10:18	68.2528	-24.6389	20.3586
23:10:23	68.5581	-24.3288	20.6109
23:10:28	68.8629	-24.0108	20.8718
23:10:33	69.1672	-23.6846	21.1407
23:10:38	69.4709	-23.3497	21.4176
23:10:43	69.7740	-23.0058	21.7043
23:10:48	70.0765	-22.6525	22.0001
23:10:53	70.3783	-22.2895	22.3008
23:10:58	70.6794	-21.9161	22.6034
23:11:03	70.9799	-21.5321	22.9167
23:11:08	71.2796	-21.1369	23.2488
23:11:13	71.5785	-20.7300	23.5981
23:11:18	71.8766	-20.3108	23.9599
23:11:23	72.1739	-19.8788	24.3344
23:11:28	72.4702	-19.4334	24.7222
23:11:33	72.7656	-18.9739	25.1240
23:11:38	73.0600	-18.4995	25.5404
23:11:43	73.3534	-18.0096	25.9727
23:11:48	73.6457	-17.5035	26.4214
23:11:53	73.9368	-16.9802	26.8871
23:11:58	74.2267	-16.4389	27.3594
23:12:03	74.5153	-15.8787	27.8484
23:12:08	74.8025	-15.2985	28.3588
23:12:13	75.0883	-14.6975	28.9014
23:12:18	75.3726	-14.0744	29.4673
23:12:23	75.6552	-13.4280	30.0556
23:12:28	75.9362	-12.7571	30.6692
23:12:33	76.2153	-12.0603	31.3082
23:12:38	76.4925	-11.3363	31.9743
23:12:43	76.7676	-10.5834	32.6696
23:12:48	77.0406	-9.8002	33.3946
23:12:53	77.3113	-8.9850	34.1525
23:12:58	77.5794	-8.1358	34.9402
23:13:03	77.8450	-7.2509	35.7536
23:13:08	78.1078	-6.3281	36.6042
23:13:13	78.3675	-5.3655	37.5029
23:13:18	78.6241	-4.3608	38.4493
23:13:23	78.8772	-3.3117	39.4413
23:13:28	79.1267	-2.2156	40.4795
23:13:33	79.3723	-1.0701	41.5667
23:13:38	79.6136	0.1276	42.7066
23:13:43	79.8505	1.3800	43.9016
23:59:59	-999.00	-999.00	-999.00
