2024/08/25 EARTHCARE
GMT	SUBLAT[N+]	SUBLON[W+]	HEADING
04:41:10	1.0018	40.0000	10.5522
04:41:15	1.3255	40.0603	10.5527
04:41:20	1.6491	40.1206	10.5528
04:41:25	1.9727	40.1809	10.5543
04:41:30	2.2963	40.2413	10.5546
04:41:35	2.6200	40.3016	10.5555
04:41:40	2.9436	40.3620	10.5559
04:41:45	3.2672	40.4224	10.5569
04:41:50	3.5908	40.4828	10.5576
04:41:55	3.9145	40.5433	10.5580
04:42:00	4.2381	40.6038	10.5597
04:42:05	4.5617	40.6643	10.5613
04:42:10	4.8853	40.7248	10.5634
04:42:15	5.2089	40.7854	10.5650
04:42:20	5.5325	40.8461	10.5673
04:42:25	5.8562	40.9067	10.5690
04:42:30	6.1798	40.9675	10.5725
04:42:35	6.5034	41.0282	10.5745
04:42:40	6.8270	41.0891	10.5771
04:42:45	7.1506	41.1499	10.5786
04:42:50	7.4741	41.2109	10.5787
04:42:55	7.7977	41.2719	10.5813
04:43:00	8.1213	41.3329	10.5832
04:43:05	8.4449	41.3940	10.5868
04:43:10	8.7684	41.4552	10.5899
04:43:15	9.0920	41.5165	10.5937
04:43:20	9.4155	41.5778	10.5971
04:43:25	9.7391	41.6392	10.6016
04:43:30	10.0626	41.7007	10.6051
04:43:35	10.3861	41.7622	10.6091
04:43:40	10.7096	41.8239	10.6136
04:43:45	11.0331	41.8856	10.6179
04:43:50	11.3566	41.9474	10.6190
04:43:55	11.6801	42.0094	10.6215
04:44:00	12.0036	42.0714	10.6256
04:44:05	12.3270	42.1335	10.6307
04:44:10	12.6505	42.1957	10.6357
04:44:15	12.9739	42.2580	10.6409
04:44:20	13.2973	42.3204	10.6460
04:44:25	13.6207	42.3830	10.6513
04:44:30	13.9441	42.4456	10.6572
04:44:35	14.2675	42.5084	10.6636
04:44:40	14.5909	42.5712	10.6696
04:44:45	14.9142	42.6342	10.6760
04:44:50	15.2375	42.6974	10.6796
04:44:55	15.5609	42.7606	10.6827
04:45:00	15.8842	42.8240	10.6857
04:45:05	16.2074	42.8876	10.6930
04:45:10	16.5307	42.9512	10.7000
04:45:15	16.8539	43.0150	10.7075
04:45:20	17.1772	43.0790	10.7152
04:45:25	17.5004	43.1431	10.7226
04:45:30	17.8236	43.2073	10.7305
04:45:35	18.1468	43.2717	10.7385
04:45:40	18.4699	43.3363	10.7473
04:45:45	18.7930	43.4011	10.7555
04:45:50	19.1162	43.4660	10.7640
04:45:55	19.4392	43.5310	10.7674
04:46:00	19.7623	43.5963	10.7727
04:46:05	20.0854	43.6617	10.7791
04:46:10	20.4084	43.7273	10.7884
04:46:15	20.7314	43.7931	10.7979
04:46:20	21.0544	43.8591	10.8087
04:46:25	21.3773	43.9253	10.8183
04:46:30	21.7002	43.9917	10.8289
04:46:35	22.0000	44.0535	88.4649
17:41:57	21.7413	52.2907	169.1698
17:42:02	21.4179	52.3572	169.1806
17:42:07	21.0945	52.4234	169.1909
17:42:12	20.7711	52.4895	169.2009
17:42:17	20.4476	52.5554	169.2108
17:42:22	20.1242	52.6211	169.2208
17:42:27	19.8006	52.6866	169.2299
17:42:32	19.4771	52.7520	169.2384
17:42:37	19.1536	52.8171	169.2427
17:42:42	18.8300	52.8821	169.2481
17:42:47	18.5064	52.9469	169.2530
17:42:52	18.1828	53.0116	169.2619
17:42:57	17.8591	53.0761	169.2701
17:43:02	17.5355	53.1404	169.2771
17:43:07	17.2118	53.2046	169.2847
17:43:12	16.8881	53.2686	169.2925
17:43:17	16.5644	53.3325	169.3000
17:43:22	16.2407	53.3962	169.3080
17:43:27	15.9169	53.4598	169.3147
17:43:32	15.5931	53.5233	169.3216
17:43:37	15.2694	53.5866	169.3265
17:43:42	14.9456	53.6498	169.3303
17:43:47	14.6217	53.7129	169.3326
17:43:52	14.2979	53.7759	169.3379
17:43:57	13.9740	53.8387	169.3443
17:44:02	13.6502	53.9014	169.3495
17:44:07	13.3263	53.9640	169.3559
17:44:12	13.0024	54.0265	169.3618
17:44:17	12.6785	54.0889	169.3665
17:44:22	12.3546	54.1512	169.3722
17:44:27	12.0306	54.2134	169.3776
17:44:32	11.7067	54.2754	169.3824
17:44:37	11.3827	54.3374	169.3868
17:44:42	11.0588	54.3993	169.3890
17:44:47	10.7348	54.4611	169.3907
17:44:52	10.4108	54.5228	169.3936
17:44:57	10.0868	54.5845	169.3975
17:45:02	9.7628	54.6460	169.4013
17:45:07	9.4387	54.7075	169.4051
17:45:12	9.1147	54.7689	169.4094
17:45:17	8.7907	54.8302	169.4132
17:45:22	8.4666	54.8914	169.4164
17:45:27	8.1426	54.9526	169.4201
17:45:32	7.8185	55.0137	169.4233
17:45:37	7.4944	55.0748	169.4258
17:45:42	7.1704	55.1358	169.4285
17:45:47	6.8463	55.1967	169.4292
17:45:52	6.5222	55.2576	169.4302
17:45:57	6.1981	55.3185	169.4316
17:46:02	5.8740	55.3792	169.4351
17:46:07	5.5499	55.4400	169.4370
17:46:12	5.2258	55.5007	169.4385
17:46:17	4.9017	55.5613	169.4411
17:46:22	4.5776	55.6219	169.4424
17:46:27	4.2535	55.6825	169.4448
17:46:32	3.9294	55.7431	169.4460
17:46:37	3.6053	55.8036	169.4480
17:46:42	3.2812	55.8641	169.4490
17:46:47	2.9570	55.9245	169.4493
17:46:52	2.6329	55.9850	169.4490
17:46:57	2.3088	56.0454	169.4509
17:47:02	1.9847	56.1058	169.4503
17:47:07	1.6606	56.1662	169.4519
17:47:12	1.3365	56.2265	169.4530
17:47:17	1.0124	56.2869	169.4526
17:47:22	0.6883	56.3472	169.4526
17:47:27	0.3642	56.4076	169.4537
17:47:32	0.0401	56.4679	169.4536
17:47:37	-0.2840	56.5283	169.4536
17:47:42	-0.6081	56.5886	169.4531
17:47:47	-0.9322	56.6490	169.4521
17:47:52	-1.2563	56.7093	169.4531
17:47:57	-1.5804	56.7697	169.4519
17:48:02	-1.9044	56.8300	169.4517
23:59:59	-999.00	-999.00	-999.00
