2024/08/04 EARTHCARE
GMT	SUBLAT[N+]	SUBLON[W+]	HEADING
02:35:22	13.9010	10.0000	10.6532
02:35:27	14.2244	10.0627	10.6597
02:35:32	14.5478	10.1256	10.6650
02:35:37	14.8711	10.1885	10.6713
02:35:42	15.1945	10.2517	10.6786
02:35:47	15.5178	10.3149	10.6851
02:35:52	15.8411	10.3782	10.6904
02:35:57	16.1644	10.4417	10.6936
02:36:02	16.4877	10.5054	10.6968
02:36:07	16.8109	10.5692	10.7033
02:36:12	17.1341	10.6331	10.7104
02:36:17	17.4573	10.6972	10.7179
02:36:22	17.7805	10.7614	10.7258
02:36:27	18.1037	10.8258	10.7343
02:36:32	18.4268	10.8903	10.7430
02:36:37	18.7500	10.9550	10.7504
02:36:42	19.0731	11.0199	10.7592
02:36:47	19.3961	11.0849	10.7681
02:36:52	19.7192	11.1501	10.7775
02:36:57	20.0422	11.2155	10.7834
02:37:02	20.3652	11.2811	10.7877
02:37:07	20.6882	11.3469	10.7928
02:37:12	21.0112	11.4128	10.8027
02:37:17	21.3341	11.4789	10.8123
02:37:22	21.6570	11.5453	10.8232
02:37:27	21.9799	11.6118	10.8336
02:37:32	22.3028	11.6786	10.8442
02:37:37	22.6256	11.7455	10.8558
02:37:42	22.9484	11.8127	10.8662
02:37:47	23.2712	11.8801	10.8778
02:37:52	23.5939	11.9477	10.8896
02:37:57	23.9166	12.0156	10.9018
02:38:02	24.2393	12.0837	10.9087
02:38:07	24.5620	12.1520	10.9151
02:38:12	24.8846	12.2206	10.9241
04:03:09	-4.8706	29.6244	10.5612
04:03:14	-4.5470	29.6849	10.5612
04:03:19	-4.2235	29.7454	10.5602
04:03:24	-3.8999	29.8059	10.5588
04:03:29	-3.5763	29.8663	10.5573
04:03:34	-3.2528	29.9267	10.5561
04:03:39	-2.9292	29.9871	10.5547
04:03:44	-2.6056	30.0475	10.5538
04:03:49	-2.2820	30.1078	10.5528
04:03:54	-1.9584	30.1681	10.5513
04:03:59	-1.6347	30.2284	10.5512
04:04:04	-1.3111	30.2887	10.5506
04:04:09	-0.9875	30.3490	10.5499
04:04:14	-0.6639	30.4093	10.5497
04:04:19	-0.3402	30.4696	10.5491
04:04:24	-0.0166	30.5299	10.1779
04:04:29	0.3070	30.5897	10.5493
04:04:34	0.6307	30.6500	10.5496
04:04:39	0.9544	30.7103	10.5494
04:04:44	1.2780	30.7705	10.5499
04:04:49	1.6017	30.8308	10.5509
04:04:54	1.9253	30.8912	10.5515
04:04:59	2.2490	30.9515	10.5518
04:05:04	2.5727	31.0118	10.5527
04:05:09	2.8963	31.0722	10.5535
04:05:14	3.2200	31.1326	10.5546
04:05:19	3.5436	31.1930	10.5562
04:05:24	3.8673	31.2535	10.5568
04:05:29	4.1910	31.3139	10.5569
04:05:34	4.5146	31.3744	10.5583
04:05:39	4.8383	31.4350	10.5596
04:05:44	5.1619	31.4956	10.5623
04:05:49	5.4856	31.5562	10.5637
04:05:54	5.8092	31.6168	10.5666
04:05:59	6.1328	31.6775	10.5689
04:06:04	6.4565	31.7383	10.5711
04:06:09	6.7801	31.7991	10.5737
04:06:14	7.1037	31.8600	10.5761
04:06:19	7.4273	31.9209	10.5800
04:06:24	7.7509	31.9819	10.5807
04:06:29	8.0745	32.0429	10.5828
04:06:34	8.3981	32.1040	10.5831
04:06:39	8.7217	32.1652	10.5864
04:06:44	9.0453	32.2264	10.5902
04:06:49	9.3689	32.2877	10.5944
04:06:54	9.6924	32.3491	10.5984
04:06:59	10.0160	32.4106	10.6019
04:07:04	10.3395	32.4721	10.6060
04:07:09	10.6630	32.5337	10.6104
04:07:14	10.9866	32.5954	10.6147
04:07:19	11.3101	32.6572	10.6194
04:07:24	11.6336	32.7191	10.6246
04:07:29	11.9570	32.7811	10.6269
04:07:34	12.2805	32.8432	10.6289
04:07:39	12.6040	32.9054	10.6313
04:07:44	12.9274	32.9677	10.6367
04:07:49	13.2508	33.0301	10.6418
04:07:54	13.5742	33.0926	10.6474
04:07:59	13.8976	33.1552	10.6534
04:08:04	14.2210	33.2179	10.6588
04:08:09	14.5444	33.2808	10.6659
04:08:14	14.8678	33.3438	10.6715
04:08:19	15.1911	33.4069	10.6776
04:08:24	15.5144	33.4701	10.6853
04:08:29	15.8377	33.5335	10.6904
04:08:34	16.1610	33.5970	10.6938
04:08:39	16.4843	33.6606	10.6976
04:08:44	16.8075	33.7244	10.7027
04:08:49	17.1307	33.7883	10.7098
04:08:54	17.4539	33.8524	10.7181
04:08:59	17.7771	33.9166	10.7252
04:09:04	18.1003	33.9810	10.7335
04:09:09	18.4234	34.0455	10.7424
04:09:14	18.7466	34.1102	10.7506
04:09:19	19.0697	34.1751	10.7592
04:09:24	19.3928	34.2401	10.7674
04:09:29	19.7158	34.3053	10.7777
04:09:34	20.0388	34.3707	10.7835
04:09:39	20.3619	34.4363	10.7889
04:09:44	20.6848	34.5020	10.7930
04:09:49	21.0078	34.5680	10.8021
04:09:54	21.3307	34.6341	10.8126
04:09:59	21.6537	34.7005	10.8225
04:10:04	21.9765	34.7670	10.8337
04:10:09	22.2994	34.8338	10.8443
04:10:14	22.6222	34.9007	10.8553
04:10:19	22.9450	34.9679	10.8656
04:10:24	23.2678	35.0353	10.8780
04:10:29	23.5906	35.1029	10.8897
04:10:34	23.9133	35.1708	10.9020
04:10:39	24.2360	35.2388	10.9090
04:10:44	24.5586	35.3072	10.9162
04:10:49	24.8813	35.3757	10.9236
05:35:46	-4.8706	52.7803	10.5619
05:35:51	-4.5470	52.8408	10.5614
05:35:56	-4.2235	52.9013	10.5602
05:36:01	-3.8999	52.9618	10.5588
05:36:06	-3.5763	53.0222	10.5573
05:36:11	-3.2528	53.0826	10.5563
05:36:16	-2.9292	53.1430	10.5547
05:36:21	-2.6056	53.2033	10.5539
05:36:26	-2.2820	53.2637	10.5528
05:36:31	-1.9584	53.3240	10.5520
05:36:36	-1.6347	53.3843	10.5512
05:36:41	-1.3111	53.4446	10.5507
05:36:46	-0.9875	53.5049	10.5506
05:36:51	-0.6639	53.5652	10.5495
05:36:56	-0.3402	53.6255	10.5498
05:37:01	-0.0166	53.6857	11.2803
05:37:06	0.3071	53.7469	10.5493
05:37:11	0.6307	53.8071	10.5496
05:37:16	0.9544	53.8674	10.5502
05:37:21	1.2780	53.9277	10.5499
05:37:26	1.6017	53.9880	10.5501
05:37:31	1.9253	54.0483	10.5516
05:37:36	2.2490	54.1087	10.5520
05:37:41	2.5727	54.1690	10.5529
05:37:46	2.8963	54.2294	10.5535
05:37:51	3.2200	54.2898	10.5556
05:37:56	3.5436	54.3502	10.5563
05:38:01	3.8673	54.4106	10.5566
05:38:06	4.1909	54.4711	10.5569
05:38:11	4.5146	54.5316	10.5585
05:38:16	4.8383	54.5921	10.5596
05:38:21	5.1619	54.6527	10.5623
05:38:26	5.4855	54.7133	10.5637
05:38:31	5.8092	54.7740	10.5666
05:38:36	6.1328	54.8347	10.5682
05:38:41	6.4564	54.8955	10.5712
05:38:46	6.7801	54.9563	10.5739
05:38:51	7.1037	55.0171	10.5762
05:38:56	7.4273	55.0780	10.5799
05:39:01	7.7509	55.1390	10.5817
05:39:06	8.0745	55.2001	10.5821
05:39:11	8.3981	55.2612	10.5832
05:39:16	8.7217	55.3223	10.5872
05:39:21	9.0453	55.3836	10.5902
05:39:26	9.3688	55.4449	10.5944
05:39:31	9.6924	55.5063	10.5975
05:39:36	10.0159	55.5677	10.6019
05:39:41	10.3395	55.6293	10.6060
05:39:46	10.6630	55.6909	10.6105
05:39:51	10.9865	55.7526	10.6147
05:39:56	11.3100	55.8144	10.6195
05:40:01	11.6335	55.8763	10.6238
05:40:06	11.9570	55.9383	10.6262
05:40:11	12.2804	56.0004	10.6289
05:40:16	12.6039	56.0626	10.6314
05:40:21	12.9273	56.1248	10.6359
05:40:26	13.2508	56.1872	10.6418
05:40:31	13.5742	56.2497	10.6474
05:40:36	13.8976	56.3124	10.6525
05:40:41	14.2210	56.3751	10.6591
05:40:46	14.5443	56.4379	10.6652
05:40:51	14.8677	56.5009	10.6723
05:40:56	15.1910	56.5640	10.6778
05:41:01	15.5143	56.6272	10.6853
05:41:06	15.8376	56.6906	10.6906
05:41:11	16.1609	56.7541	10.6948
05:41:16	16.4842	56.8177	10.6976
05:41:21	16.8074	56.8815	10.7027
05:41:26	17.1306	56.9454	10.7106
05:41:31	17.4539	57.0095	10.7181
05:41:36	17.7770	57.0737	10.7260
05:41:41	18.1002	57.1381	10.7335
05:41:46	18.4233	57.2026	10.7424
05:41:51	18.7465	57.2673	10.7506
05:41:56	19.0696	57.3322	10.7594
05:42:01	19.3927	57.3973	10.7684
05:42:06	19.7157	57.4625	10.7778
05:42:11	20.0387	57.5279	10.7843
05:42:16	20.3618	57.5934	10.7891
05:42:21	20.6847	57.6592	10.7937
05:42:26	21.0077	57.7251	10.8023
05:42:31	21.3306	57.7913	10.8119
05:42:36	21.6535	57.8576	10.8227
05:42:41	21.9764	57.9242	10.8329
05:42:46	22.2993	57.9909	10.8443
05:42:51	22.6221	58.0579	10.8545
05:42:56	22.9449	58.1250	10.8664
05:43:01	23.2677	58.1924	10.8782
05:43:06	23.5904	58.2600	10.8899
05:43:11	23.9132	58.3279	10.9020
05:43:16	24.2358	58.3960	10.9098
05:43:21	24.5585	58.4643	10.9160
05:43:26	24.8811	58.5329	10.9237
15:32:37	24.8710	19.3509	169.0686
15:32:42	24.5484	19.4194	169.0765
15:32:47	24.2259	19.4877	169.0830
15:32:52	23.9032	19.5558	169.0948
15:32:57	23.5806	19.6236	169.1072
15:33:02	23.2579	19.6912	169.1193
15:33:07	22.9352	19.7586	169.1309
15:33:12	22.6125	19.8258	169.1424
15:33:17	22.2898	19.8927	169.1527
15:33:22	21.9670	19.9595	169.1636
15:33:27	21.6442	20.0260	169.1741
15:33:32	21.3214	20.0923	169.1843
15:33:37	20.9985	20.1584	169.1949
15:33:42	20.6756	20.2244	169.1996
15:33:47	20.3527	20.2901	169.2039
15:33:52	20.0298	20.3557	169.2101
15:33:57	19.7069	20.4211	169.2193
15:34:02	19.3839	20.4863	169.2289
15:34:07	19.0609	20.5513	169.2374
15:34:12	18.7379	20.6161	169.2462
15:34:17	18.4148	20.6808	169.2546
15:34:22	18.0918	20.7453	169.2636
15:34:27	17.7687	20.8097	169.2713
15:34:32	17.4456	20.8739	169.2794
15:34:37	17.1225	20.9380	169.2871
15:34:42	16.7993	21.0019	169.2934
15:34:47	16.4762	21.0657	169.2972
15:34:52	16.1530	21.1293	169.3002
15:34:57	15.8298	21.1928	169.3054
15:35:02	15.5066	21.2561	169.3125
15:35:07	15.1833	21.3193	169.3194
15:35:12	14.8601	21.3824	169.3255
15:35:17	14.5368	21.4454	169.3323
15:35:22	14.2135	21.5082	169.3377
15:35:27	13.8902	21.5709	169.3436
15:35:32	13.5669	21.6336	169.3504
15:35:37	13.2436	21.6960	169.3553
15:35:42	12.9203	21.7584	169.3606
15:35:47	12.5969	21.8207	169.3644
15:35:52	12.2735	21.8829	169.3671
15:35:57	11.9501	21.9450	169.3691
15:36:02	11.6268	22.0069	169.3733
15:36:07	11.3033	22.0688	169.3786
15:36:12	10.9799	22.1306	169.3827
15:36:17	10.6565	22.1923	169.3879
15:36:22	10.3331	22.2539	169.3918
15:36:27	10.0096	22.3155	169.3961
15:36:32	9.6862	22.3769	169.3999
15:36:37	9.3627	22.4383	169.4038
15:36:42	9.0392	22.4996	169.4074
15:36:47	8.7157	22.5608	169.4113
15:36:52	8.3922	22.6220	169.4121
15:36:57	8.0687	22.6831	169.4140
15:37:02	7.7452	22.7441	169.4148
15:37:07	7.4217	22.8051	169.4182
15:37:12	7.0982	22.8660	169.4212
15:37:17	6.7746	22.9268	169.4239
15:37:22	6.4511	22.9876	169.4275
15:37:27	6.1276	23.0484	169.4290
15:37:32	5.8040	23.1091	169.4314
15:37:37	5.4805	23.1697	169.4337
15:37:42	5.1569	23.2303	169.4362
15:37:47	4.8333	23.2909	169.4380
15:37:52	4.5098	23.3514	169.4394
15:37:57	4.1862	23.4119	169.4403
15:38:02	3.8627	23.4724	169.4413
15:38:07	3.5391	23.5328	169.4420
15:38:12	3.2155	23.5932	169.4438
15:38:17	2.8919	23.6536	169.4441
15:38:22	2.5684	23.7140	169.4457
15:38:27	2.2448	23.7743	169.4460
15:38:32	1.9212	23.8346	169.4472
15:38:37	1.5977	23.8949	169.4481
15:38:42	1.2741	23.9552	169.4484
15:38:47	0.9505	24.0155	169.4490
15:38:52	0.6270	24.0758	169.4490
15:38:57	0.3034	24.1361	169.4493
15:39:02	-0.0202	24.1963	169.4492
15:39:07	-0.3437	24.2566	169.4493
15:39:12	-0.6673	24.3169	169.4489
15:39:17	-0.9908	24.3771	169.4489
15:39:22	-1.3144	24.4374	169.4483
15:39:27	-1.6379	24.4977	169.4471
15:39:32	-1.9615	24.5580	169.4470
15:39:37	-2.2850	24.6183	169.4465
15:39:42	-2.6085	24.6787	169.4448
15:39:47	-2.9320	24.7390	169.4438
15:39:52	-3.2555	24.7994	169.4426
15:39:57	-3.5790	24.8598	169.4417
15:40:02	-3.9025	24.9202	169.4410
15:40:07	-4.2260	24.9807	169.4397
15:40:12	-4.5495	25.0412	169.4388
15:40:17	-4.8730	25.1017	169.4374
17:05:14	24.8710	42.5072	169.0688
17:05:19	24.5484	42.5758	169.0763
17:05:24	24.2259	42.6441	169.0830
17:05:29	23.9033	42.7121	169.0948
17:05:34	23.5806	42.7800	169.1064
17:05:39	23.2579	42.8476	169.1185
17:05:44	22.9353	42.9149	169.1301
17:05:49	22.6125	42.9821	169.1416
17:05:54	22.2898	43.0490	169.1527
17:05:59	21.9670	43.1158	169.1636
17:06:04	21.6442	43.1823	169.1741
17:06:09	21.3214	43.2486	169.1851
17:06:14	20.9985	43.3147	169.1941
17:06:19	20.6756	43.3807	169.1996
17:06:24	20.3527	43.4464	169.2045
17:06:29	20.0298	43.5120	169.2101
17:06:34	19.7069	43.5774	169.2200
17:06:39	19.3839	43.6426	169.2290
17:06:44	19.0609	43.7076	169.2380
17:06:49	18.7379	43.7724	169.2462
17:06:54	18.4148	43.8371	169.2546
17:06:59	18.0918	43.9017	169.2628
17:07:04	17.7687	43.9660	169.2720
17:07:09	17.4456	44.0302	169.2794
17:07:14	17.1225	44.0943	169.2871
17:07:19	16.7993	44.1582	169.2936
17:07:24	16.4762	44.2220	169.2970
17:07:29	16.1530	44.2856	169.3002
17:07:34	15.8298	44.3491	169.3054
17:07:39	15.5066	44.4124	169.3124
17:07:44	15.1834	44.4756	169.3192
17:07:49	14.8601	44.5387	169.3255
17:07:54	14.5368	44.6017	169.3323
17:07:59	14.2136	44.6645	169.3385
17:08:04	13.8903	44.7273	169.3444
17:08:09	13.5670	44.7899	169.3504
17:08:14	13.2436	44.8524	169.3553
17:08:19	12.9203	44.9147	169.3606
17:08:24	12.5969	44.9770	169.3644
17:08:29	12.2736	45.0392	169.3662
17:08:34	11.9502	45.1013	169.3683
17:08:39	11.6268	45.1632	169.3733
17:08:44	11.3034	45.2251	169.3786
17:08:49	10.9800	45.2869	169.3826
17:08:54	10.6565	45.3486	169.3871
17:08:59	10.3331	45.4102	169.3918
17:09:04	10.0097	45.4718	169.3951
17:09:09	9.6862	45.5332	169.3997
17:09:14	9.3627	45.5946	169.4038
17:09:19	9.0392	45.6559	169.4072
17:09:24	8.7158	45.7171	169.4103
17:09:29	8.3923	45.7783	169.4129
17:09:34	8.0688	45.8394	169.4142
17:09:39	7.7453	45.9004	169.4148
17:09:44	7.4217	45.9614	169.4182
17:09:49	7.0982	46.0223	169.4212
17:09:54	6.7747	46.0831	169.4247
17:09:59	6.4512	46.1439	169.4265
17:10:04	6.1276	46.2047	169.4290
17:10:09	5.8041	46.2654	169.4315
17:10:14	5.4805	46.3260	169.4346
17:10:19	5.1570	46.3866	169.4362
17:10:24	4.8334	46.4472	169.4380
17:10:29	4.5098	46.5077	169.4394
17:10:34	4.1863	46.5682	169.4402
17:10:39	3.8627	46.6287	169.4414
17:10:44	3.5391	46.6891	169.4418
17:10:49	3.2156	46.7495	169.4427
17:10:54	2.8920	46.8099	169.4450
17:10:59	2.5684	46.8703	169.4457
17:11:04	2.2449	46.9306	169.4459
17:11:09	1.9213	46.9909	169.4472
17:11:14	1.5977	47.0512	169.4472
17:11:19	1.2742	47.1115	169.4482
17:11:24	0.9506	47.1718	169.4480
17:11:29	0.6270	47.2321	169.4490
17:11:34	0.3035	47.2923	169.4495
17:11:39	-0.0201	47.3526	169.4491
17:11:44	-0.3437	47.4129	169.4492
17:11:49	-0.6672	47.4732	169.4480
17:11:54	-0.9908	47.5334	169.4488
17:11:59	-1.3143	47.5937	169.4481
17:12:04	-1.6378	47.6540	169.4470
17:12:09	-1.9614	47.7143	169.4470
17:12:14	-2.2849	47.7746	169.4457
17:12:19	-2.6084	47.8350	169.4455
17:12:24	-2.9319	47.8953	169.4438
17:12:29	-3.2555	47.9557	169.4426
17:12:34	-3.5790	48.0161	169.4417
17:12:39	-3.9025	48.0765	169.4401
17:12:44	-4.2259	48.1370	169.4397
17:12:49	-4.5494	48.1975	169.4397
17:12:54	-4.8729	48.2580	169.4374
23:59:59	-999.00	-999.00	-999.00
