2024/10/02 EARTHCARE
GMT	SUBLAT[N+]	SUBLON[W+]	HEADING
04:15:44	-1.9353	33.5043	10.5542
04:15:49	-1.6115	33.5647	10.5539
04:15:54	-1.2877	33.6250	10.5535
04:15:59	-0.9639	33.6854	10.5535
04:16:04	-0.6401	33.7457	10.5533
04:16:09	-0.3162	33.8060	10.5534
04:16:14	0.0078	33.8628	10.5530
04:16:19	0.3316	33.9231	10.5536
04:16:24	0.6555	33.9834	10.5527
04:16:29	0.9793	34.0438	10.5535
04:16:34	1.3032	34.1041	10.5538
04:16:39	1.6270	34.1645	10.5547
04:16:44	1.9509	34.2248	10.5554
04:16:49	2.2747	34.2852	10.5557
04:16:54	2.5986	34.3456	10.5564
04:16:59	2.9225	34.4061	10.5578
04:17:04	3.2463	34.4665	10.5580
04:17:09	3.5702	34.5270	10.5587
04:17:14	3.8941	34.5875	10.5590
04:17:19	4.2179	34.6480	10.5607
04:17:24	4.5418	34.7086	10.5623
04:17:29	4.8657	34.7692	10.5634
04:17:34	5.1895	34.8298	10.5660
04:17:39	5.5134	34.8905	10.5681
04:17:44	5.8372	34.9513	10.5701
04:17:49	6.1611	35.0120	10.5724
04:17:54	6.4850	35.0728	10.5753
04:17:59	6.8088	35.1337	10.5771
04:18:04	7.1327	35.1946	10.5809
04:18:09	7.4565	35.2556	10.5812
04:18:14	7.7803	35.3167	10.5828
04:18:19	8.1042	35.3778	10.5840
04:18:24	8.4280	35.4389	10.5866
04:18:29	8.7518	35.5002	10.5907
04:18:34	9.0756	35.5615	10.5943
04:18:39	9.3994	35.6229	10.5977
04:18:44	9.7232	35.6843	10.6014
04:18:49	10.0470	35.7458	10.6057
04:18:54	10.3708	35.8075	10.6096
04:18:59	10.6946	35.8692	10.6140
04:19:04	11.0184	35.9309	10.6182
04:19:09	11.3421	35.9928	10.6221
04:19:14	11.6659	36.0548	10.6245
04:19:19	11.9896	36.1169	10.6266
04:19:24	12.3133	36.1790	10.6301
04:19:29	12.6370	36.2413	10.6349
04:19:34	12.9607	36.3036	10.6402
04:19:39	13.2844	36.3661	10.6462
04:19:44	13.6081	36.4287	10.6515
04:19:49	13.9318	36.4914	10.6574
04:19:54	14.2554	36.5542	10.6638
04:19:59	14.5791	36.6171	10.6704
04:20:04	14.9027	36.6802	10.6760
04:20:09	15.2263	36.7434	10.6820
04:20:14	15.5499	36.8067	10.6868
04:20:19	15.8735	36.8702	10.6895
04:20:24	16.1970	36.9337	10.6927
04:20:29	16.5206	36.9975	10.6997
04:20:34	16.8441	37.0613	10.7072
04:20:39	17.1676	37.1253	10.7148
04:20:44	17.4911	37.1895	10.7223
04:20:49	17.8146	37.2538	10.7309
04:20:54	18.1380	37.3183	10.7389
04:20:59	18.4615	37.3829	10.7467
04:21:04	18.7849	37.4477	10.7556
04:21:09	19.1083	37.5127	10.7641
04:21:14	19.4316	37.5778	10.7714
04:21:19	19.7550	37.6431	10.7767
04:21:24	20.0783	37.7086	10.7807
04:21:29	20.4016	37.7743	10.7882
04:21:34	20.7249	37.8401	10.7979
04:21:39	21.0482	37.9062	10.8077
04:21:44	21.3714	37.9724	10.8180
04:21:49	21.6947	38.0389	10.8286
04:21:53	21.9991	38.1016	272.8138
15:44:39	21.7394	23.1830	169.1649
15:44:44	21.4161	23.2495	169.1725
15:44:49	21.0928	23.3158	169.1828
15:44:54	20.7695	23.3818	169.1929
15:44:59	20.4461	23.4477	169.2025
15:45:04	20.1228	23.5134	169.2117
15:45:09	19.7994	23.5790	169.2215
15:45:14	19.4759	23.6443	169.2301
15:45:19	19.1525	23.7095	169.2399
15:45:24	18.8290	23.7745	169.2486
15:45:29	18.5056	23.8393	169.2569
15:45:34	18.1820	23.9039	169.2622
15:45:39	17.8585	23.9684	169.2664
15:45:44	17.5350	24.0328	169.2702
15:45:49	17.2114	24.0970	169.2776
15:45:54	16.8878	24.1610	169.2855
15:45:59	16.5642	24.2249	169.2929
15:46:04	16.2406	24.2887	169.3008
15:46:09	15.9170	24.3523	169.3073
15:46:14	15.5934	24.4157	169.3143
15:46:19	15.2697	24.4791	169.3208
15:46:24	14.9460	24.5423	169.3269
15:46:29	14.6223	24.6054	169.3336
15:46:34	14.2986	24.6683	169.3395
15:46:39	13.9749	24.7312	169.3418
15:46:44	13.6512	24.7939	169.3454
15:46:49	13.3274	24.8565	169.3483
15:46:54	13.0036	24.9190	169.3542
15:46:59	12.6799	24.9814	169.3595
15:47:04	12.3561	25.0437	169.3644
15:47:09	12.0323	25.1058	169.3705
15:47:14	11.7085	25.1679	169.3746
15:47:19	11.3847	25.2299	169.3798
15:47:24	11.0608	25.2918	169.3844
15:47:29	10.7370	25.3536	169.3887
15:47:34	10.4131	25.4153	169.3931
15:47:39	10.0893	25.4770	169.3955
15:47:44	9.7654	25.5385	169.3972
15:47:49	9.4416	25.6000	169.3995
15:47:54	9.1177	25.6614	169.4030
15:47:59	8.7938	25.7227	169.4067
15:48:04	8.4699	25.7840	169.4100
15:48:09	8.1460	25.8451	169.4127
15:48:14	7.8221	25.9063	169.4157
15:48:19	7.4982	25.9673	169.4199
15:48:24	7.1743	26.0283	169.4218
15:48:29	6.8503	26.0893	169.4252
15:48:34	6.5264	26.1501	169.4279
15:48:39	6.2025	26.2110	169.4301
15:48:44	5.8786	26.2718	169.4308
15:48:49	5.5546	26.3325	169.4318
15:48:54	5.2307	26.3932	169.4323
15:48:59	4.9067	26.4538	169.4349
15:49:04	4.5828	26.5145	169.4371
15:49:09	4.2589	26.5750	169.4386
15:49:14	3.9349	26.6356	169.4396
15:49:19	3.6110	26.6961	169.4418
15:49:24	3.2870	26.7566	169.4435
15:49:29	2.9631	26.8170	169.4437
15:49:34	2.6392	26.8775	169.4452
15:49:39	2.3152	26.9379	169.4453
15:49:44	1.9913	26.9983	169.4465
15:49:49	1.6674	27.0587	169.4472
15:49:54	1.3434	27.1190	169.4472
15:49:59	1.0195	27.1794	169.4469
15:50:04	0.6956	27.2398	169.4475
15:50:09	0.3717	27.3001	169.4478
15:50:14	0.0477	27.3604	169.4475
15:50:19	-0.2762	27.4208	169.4486
15:50:24	-0.6001	27.4811	169.4479
15:50:29	-0.9240	27.5415	169.4477
15:50:34	-1.2479	27.6018	169.4470
15:50:39	-1.5717	27.6622	169.4457
15:50:44	-1.8956	27.7225	169.4448
23:59:59	-999.00	-999.00	-999.00
