2024/10/02 EARTHCARE
GMT	SUBLAT[N+]	SUBLON[W+]	HEADING
05:47:38	-4.7370	56.1402	10.5668
05:47:43	-4.4133	56.2008	10.5651
05:47:48	-4.0896	56.2613	10.5631
05:47:53	-3.7659	56.3218	10.5616
05:47:58	-3.4422	56.3823	10.5598
05:48:03	-3.1184	56.4428	10.5585
05:48:08	-2.7947	56.5032	10.5578
05:48:13	-2.4709	56.5636	10.5558
05:48:18	-2.1472	56.6240	10.5561
05:48:23	-1.8234	56.6843	10.5552
05:48:28	-1.4996	56.7447	10.5549
05:48:33	-1.1758	56.8050	10.5542
05:48:38	-0.8520	56.8654	10.5534
05:48:43	-0.5282	56.9257	10.5529
05:48:48	-0.2044	56.9860	10.5531
05:48:53	0.1158	57.0418	10.5536
05:48:58	0.4396	57.1021	10.5538
05:49:03	0.7635	57.1624	10.5538
05:49:08	1.0873	57.2228	10.5536
05:49:13	1.4111	57.2831	10.5547
05:49:18	1.7350	57.3435	10.5556
05:49:23	2.0588	57.4039	10.5551
05:49:28	2.3827	57.4643	10.5561
05:49:33	2.7065	57.5247	10.5560
05:49:38	3.0304	57.5851	10.5572
05:49:43	3.3542	57.6456	10.5582
05:49:48	3.6781	57.7060	10.5597
05:49:53	4.0019	57.7666	10.5608
05:49:58	4.3258	57.8271	10.5624
05:50:03	4.6496	57.8877	10.5638
05:50:08	4.9735	57.9483	10.5656
05:50:13	5.2973	58.0090	10.5681
05:50:18	5.6212	58.0696	10.5703
05:50:23	5.9450	58.1304	10.5711
05:50:28	6.2688	58.1912	10.5734
05:50:33	6.5927	58.2520	10.5736
05:50:38	6.9165	58.3129	10.5752
05:50:43	7.2403	58.3738	10.5781
05:50:48	7.5642	58.4348	10.5816
05:50:53	7.8880	58.4959	10.5849
05:50:58	8.2118	58.5570	10.5878
05:51:03	8.5356	58.6182	10.5912
05:51:08	8.8594	58.6795	10.5940
05:51:13	9.1832	58.7408	10.5985
05:51:18	9.5070	58.8022	10.6009
05:51:23	9.8308	58.8637	10.6062
05:51:28	10.1545	58.9253	10.6071
05:51:33	10.4783	58.9869	10.6091
05:51:38	10.8021	59.0486	10.6118
05:51:43	11.1258	59.1104	10.6158
05:51:48	11.4495	59.1723	10.6203
05:51:53	11.7733	59.2343	10.6252
05:51:58	12.0970	59.2964	10.6306
05:52:03	12.4207	59.3586	10.6348
05:52:08	12.7444	59.4209	10.6396
05:52:13	13.0681	59.4833	10.6456
05:52:18	13.3917	59.5458	10.6505
05:52:23	13.7154	59.6084	10.6575
05:52:28	14.0390	59.6712	10.6615
05:52:33	14.3627	59.7340	10.6642
05:52:38	14.6863	59.7970	10.6668
05:52:43	15.0099	59.8601	10.6714
05:52:48	15.3335	59.9233	10.6791
05:52:53	15.6570	59.9867	10.6852
05:52:58	15.9806	60.0502	10.6921
05:53:03	16.3041	60.1138	10.6984
05:53:08	16.6277	60.1776	10.7068
05:53:13	16.9512	60.2415	10.7141
05:53:18	17.2746	60.3055	10.7218
05:53:23	17.5981	60.3697	10.7289
05:53:28	17.9216	60.4341	10.7376
05:53:33	18.2450	60.4986	10.7420
05:53:38	18.5684	60.5633	10.7466
05:53:43	18.8918	60.6282	10.7504
05:53:48	19.2152	60.6932	10.7597
05:53:53	19.5385	60.7584	10.7684
05:53:58	19.8619	60.8237	10.7777
17:17:45	19.9367	46.7126	169.2134
17:17:50	19.6133	46.7780	169.2219
17:17:55	19.2899	46.8433	169.2307
17:18:00	18.9664	46.9083	169.2391
17:18:05	18.6429	46.9732	169.2488
17:18:10	18.3194	47.0380	169.2565
17:18:15	17.9959	47.1025	169.2654
17:18:20	17.6724	47.1670	169.2731
17:18:25	17.3488	47.2312	169.2811
17:18:30	17.0252	47.2953	169.2890
17:18:35	16.7016	47.3593	169.2962
17:18:40	16.3780	47.4231	169.2997
17:18:45	16.0544	47.4867	169.3030
17:18:50	15.7308	47.5503	169.3063
17:18:55	15.4071	47.6137	169.3137
17:19:00	15.0834	47.6769	169.3204
17:19:05	14.7597	47.7401	169.3267
17:19:10	14.4360	47.8031	169.3326
17:19:15	14.1123	47.8660	169.3398
17:19:20	13.7886	47.9287	169.3456
17:19:25	13.4648	47.9914	169.3509
17:19:30	13.1411	48.0539	169.3566
17:19:35	12.8173	48.1164	169.3618
17:19:40	12.4935	48.1787	169.3657
17:19:45	12.1697	48.2409	169.3683
17:19:50	11.8459	48.3030	169.3706
17:19:55	11.5221	48.3651	169.3747
17:20:00	11.1983	48.4270	169.3791
17:20:05	10.8744	48.4889	169.3841
17:20:10	10.5506	48.5506	169.3877
17:20:15	10.2267	48.6123	169.3923
17:20:20	9.9029	48.6739	169.3966
17:20:25	9.5790	48.7354	169.4004
17:20:30	9.2551	48.7968	169.4045
17:20:35	8.9312	48.8582	169.4071
17:20:40	8.6073	48.9194	169.4120
17:20:45	8.2834	48.9806	169.4137
17:20:50	7.9595	49.0418	169.4140
17:20:55	7.6356	49.1029	169.4164
17:21:00	7.3117	49.1639	169.4192
17:21:05	6.9878	49.2249	169.4214
17:21:10	6.6638	49.2858	169.4246
17:21:15	6.3399	49.3466	169.4267
17:21:20	6.0160	49.4074	169.4299
17:21:25	5.6920	49.4682	169.4317
17:21:30	5.3681	49.5289	169.4339
17:21:35	5.0442	49.5896	169.4365
17:21:40	4.7202	49.6502	169.4375
17:21:45	4.3963	49.7108	169.4399
17:21:50	4.0723	49.7714	169.4398
17:21:55	3.7484	49.8319	169.4409
17:22:00	3.4244	49.8924	169.4416
17:22:05	3.1005	49.9529	169.4435
17:22:10	2.7766	50.0133	169.4438
17:22:15	2.4526	50.0737	169.4448
17:22:20	2.1287	50.1341	169.4458
17:22:25	1.8047	50.1945	169.4462
17:22:30	1.4808	50.2549	169.4470
17:22:35	1.1569	50.3153	169.4476
17:22:40	0.8329	50.3756	169.4482
17:22:45	0.5090	50.4360	169.4483
17:22:50	0.1851	50.4963	169.4477
17:22:55	-0.1388	50.5566	169.4486
17:23:00	-0.4627	50.6170	169.4487
17:23:05	-0.7866	50.6773	169.4475
17:23:10	-1.1105	50.7377	169.4475
17:23:15	-1.4344	50.7980	169.4469
17:23:20	-1.7583	50.8584	169.4458
17:23:25	-2.0822	50.9188	169.4460
17:23:30	-2.4061	50.9792	169.4448
17:23:35	-2.7299	51.0396	169.4429
17:23:40	-3.0538	51.1000	169.4423
17:23:45	-3.3776	51.1605	169.4409
17:23:50	-3.7015	51.2209	169.4400
17:23:55	-4.0253	51.2815	169.4396
17:24:00	-4.3491	51.3420	169.4383
17:24:05	-4.6729	51.4026	169.4365
17:24:10	-4.9967	51.4632	169.4345
23:59:59	-999.00	-999.00	-999.00
