2024/11/08 EARTHCARE
GMT	SUBLAT[N+]	SUBLON[W+]	HEADING
00:11:59	35.1294	-22.0886	11.4569
00:12:04	35.4511	-22.0087	11.4810
00:12:09	35.7727	-21.9282	11.5057
00:12:14	36.0943	-21.8473	11.5301
00:12:19	36.4158	-21.7659	11.5560
00:12:24	36.7373	-21.6839	11.5821
00:12:29	37.0588	-21.6015	11.6059
00:12:34	37.3801	-21.5185	11.6248
00:12:39	37.7015	-21.4351	11.6434
00:12:44	38.0228	-21.3510	11.6684
00:12:49	38.3440	-21.2665	11.6974
00:12:54	38.6652	-21.1813	11.7269
00:12:59	38.9863	-21.0956	11.7562
00:13:04	39.3074	-21.0093	11.7862
00:13:09	39.6284	-20.9224	11.8171
00:13:14	39.9493	-20.8349	11.8495
00:13:19	40.2702	-20.7467	11.8819
00:13:24	40.5911	-20.6580	11.9148
00:13:29	40.9118	-20.5685	11.9483
00:13:34	41.2326	-20.4784	11.9748
00:13:39	41.5532	-20.3877	12.0006
00:13:44	41.8738	-20.2962	12.0269
00:13:49	42.1943	-20.2040	12.0627
00:13:54	42.5148	-20.1111	12.0998
00:13:59	42.8352	-20.0175	12.1375
00:14:04	43.1555	-19.9231	12.1759
00:14:09	43.4758	-19.8280	12.2147
00:14:14	43.7960	-19.7320	12.2546
00:14:19	44.1161	-19.6353	12.2950
00:14:24	44.4362	-19.5377	12.3371
00:14:29	44.7561	-19.4393	12.3789
00:14:34	45.0760	-19.3400	12.4196
00:14:39	45.3959	-19.2399	12.4542
00:14:44	45.7156	-19.1388	12.4891
00:14:49	46.0353	-19.0368	12.5296
00:14:54	46.3549	-18.9339	12.5761
00:14:59	46.6744	-18.8301	12.6237
00:15:04	46.9939	-18.7252	12.6717
00:15:09	47.3132	-18.6194	12.7221
00:15:14	47.6325	-18.5125	12.7719
00:15:19	47.9517	-18.4046	12.8235
00:15:24	48.2708	-18.2956	12.8766
00:15:29	48.5898	-18.1855	12.9306
00:15:34	48.9087	-18.0742	12.9853
00:15:39	49.2276	-17.9618	13.0344
00:15:44	49.5463	-17.8482	13.0805
00:15:49	49.8649	-17.7334	13.1283
00:15:54	50.1835	-17.6174	13.1874
00:15:59	50.5019	-17.5001	13.2484
00:16:04	50.8203	-17.3815	13.3104
00:16:09	51.1385	-17.2616	13.3742
00:16:14	51.4567	-17.1403	13.4387
00:16:19	51.7747	-17.0175	13.5050
00:16:24	52.0926	-16.8934	13.5731
00:16:29	52.4104	-16.7678	13.6420
00:16:34	52.7281	-16.6406	13.7124
00:16:39	53.0457	-16.5119	13.7833
00:16:44	53.3632	-16.3816	13.8455
00:16:49	53.6805	-16.2497	13.9093
00:16:54	53.9977	-16.1160	13.9797
00:16:59	54.3148	-15.9807	14.0583
00:17:04	54.6318	-15.8436	14.1387
00:17:09	54.9486	-15.7047	14.2206
00:17:14	55.2653	-15.5639	14.3048
00:17:19	55.5819	-15.4212	14.3912
00:17:24	55.8983	-15.2765	14.4786
00:17:29	56.2146	-15.1298	14.5684
00:17:34	56.5307	-14.9810	14.6604
00:17:39	56.8467	-14.8300	14.7550
00:17:44	57.1625	-14.6769	14.8443
00:17:49	57.4781	-14.5214	14.9315
00:17:54	57.7936	-14.3636	15.0199
00:17:59	58.1089	-14.2035	15.1214
00:18:04	58.4241	-14.0408	15.2276
00:18:09	58.7390	-13.8756	15.3357
00:18:14	59.0538	-13.7078	15.4462
00:18:19	59.3684	-13.5373	15.5601
00:18:24	59.6829	-13.3640	15.6764
00:18:29	59.9971	-13.1877	15.7958
00:18:34	60.3111	-13.0085	15.9183
00:18:39	60.6249	-12.8263	16.0431
00:18:44	60.9385	-12.6409	16.1715
00:18:49	61.2518	-12.4522	16.2911
00:18:54	61.5649	-12.2601	16.4133
00:18:59	61.8778	-12.0646	16.5430
00:19:04	62.1905	-11.8655	16.6845
00:19:09	62.5029	-11.6627	16.8309
00:19:14	62.8151	-11.4560	16.9804
00:19:19	63.1269	-11.2453	17.1334
00:19:24	63.4385	-11.0306	17.2911
00:19:29	63.7499	-10.8116	17.4529
00:19:34	64.0609	-10.5881	17.6191
00:19:39	64.3716	-10.3602	17.7900
00:19:44	64.6820	-10.1274	17.9656
00:19:49	64.9921	-9.8898	18.1403
00:19:54	65.3019	-9.6471	18.3129
00:19:59	65.6113	-9.3992	18.4906
00:20:04	65.9203	-9.1458	18.6828
00:20:09	66.2290	-8.8867	18.8845
00:20:14	66.5372	-8.6218	19.0922
00:20:19	66.8451	-8.3507	19.3059
00:20:24	67.1526	-8.0733	19.5261
00:20:29	67.4596	-7.7893	19.7527
00:20:34	67.7661	-7.4984	19.9860
00:20:39	68.0722	-7.2004	20.2267
00:20:44	68.3778	-6.8949	20.4750
00:20:49	68.6829	-6.5817	20.7304
00:20:54	68.9875	-6.2604	20.9828
00:20:59	69.2915	-5.9306	21.2419
00:21:04	69.5949	-5.5921	21.5117
00:21:09	69.8977	-5.2445	21.8014
00:21:14	70.1999	-4.8874	22.1013
00:21:19	70.5015	-4.5202	22.4110
00:21:24	70.8023	-4.1427	22.7311
00:21:29	71.1024	-3.7542	23.0618
00:21:34	71.4018	-3.3543	23.4040
00:21:39	71.7004	-2.9425	23.7583
00:21:44	71.9981	-2.5182	24.1253
00:21:49	72.2950	-2.0808	24.5045
00:21:54	72.5909	-1.6298	24.8942
00:21:59	72.8859	-1.1643	25.2884
00:22:04	73.1799	-0.6838	25.6974
00:22:09	73.4728	-0.1874	26.1308
00:22:14	73.7646	0.3256	26.5861
00:22:19	74.0551	0.8560	27.0587
00:22:24	74.3445	1.4048	27.5501
00:22:29	74.6325	1.9729	28.0601
00:22:34	74.9192	2.5613	28.5916
00:22:39	75.2043	3.1712	29.1433
00:22:44	75.4879	3.8036	29.7181
00:22:49	75.7699	4.4597	30.3167
00:22:54	76.0501	5.1409	30.9396
00:22:59	76.3284	5.8486	31.5793
00:23:04	76.6047	6.5841	32.2431
00:23:09	76.8790	7.3490	32.9372
00:23:14	77.1510	8.1449	33.6754
00:23:19	77.4207	8.9736	34.4460
00:23:24	77.6878	9.8369	35.2519
00:23:29	77.9522	10.7368	36.0939
00:23:34	78.2138	11.6754	36.9747
00:23:39	78.4722	12.6547	37.8961
00:23:44	78.7274	13.6771	38.8605
00:23:49	78.9791	14.7449	39.8708
00:23:54	79.2270	15.8606	40.9283
00:23:59	79.4709	17.0269	42.0340
00:24:04	79.7104	18.2463	43.1816
00:24:09	79.9454	19.5217	44.3847
01:44:32	35.1295	1.0477	11.4569
01:44:37	35.4512	1.1277	11.4805
01:44:42	35.7729	1.2081	11.5050
01:44:47	36.0945	1.2891	11.5309
01:44:52	36.4160	1.3705	11.5566
01:44:57	36.7375	1.4524	11.5828
01:45:02	37.0589	1.5349	11.6059
01:45:07	37.3803	1.6178	11.6247
01:45:12	37.7017	1.7013	11.6435
01:45:17	38.0229	1.7853	11.6686
01:45:22	38.3442	1.8699	11.6969
01:45:27	38.6653	1.9550	11.7268
01:45:32	38.9865	2.0408	11.7564
01:45:37	39.3075	2.1271	11.7869
01:45:42	39.6285	2.2140	11.8177
01:45:47	39.9495	2.3015	11.8495
01:45:52	40.2704	2.3896	11.8814
01:45:57	40.5912	2.4784	11.9148
01:46:02	40.9120	2.5678	11.9480
01:46:07	41.2327	2.6579	11.9747
01:46:12	41.5534	2.7487	12.0001
01:46:17	41.8739	2.8402	12.0275
01:46:22	42.1945	2.9323	12.0633
01:46:27	42.5149	3.0252	12.0998
01:46:32	42.8353	3.1189	12.1375
01:46:37	43.1557	3.2132	12.1760
01:46:42	43.4759	3.3084	12.2147
01:46:47	43.7961	3.4043	12.2548
01:46:52	44.1162	3.5011	12.2949
01:46:57	44.4363	3.5987	12.3364
01:47:02	44.7563	3.6971	12.3789
01:47:07	45.0762	3.7963	12.4198
01:47:12	45.3960	3.8965	12.4536
01:47:17	45.7158	3.9976	12.4885
01:47:22	46.0354	4.0995	12.5296
01:47:27	46.3550	4.2024	12.5763
01:47:32	46.6745	4.3063	12.6237
01:47:37	46.9940	4.4111	12.6717
01:47:42	47.3133	4.5170	12.7223
01:47:47	47.6326	4.6238	12.7725
01:47:52	47.9518	4.7318	12.8242
01:47:57	48.2709	4.8408	12.8771
01:48:02	48.5899	4.9509	12.9300
01:48:07	48.9088	5.0621	12.9853
01:48:12	49.2277	5.1745	13.0342
01:48:17	49.5464	5.2881	13.0807
01:48:22	49.8650	5.4029	13.1283
01:48:27	50.1836	5.5189	13.1874
01:48:32	50.5020	5.6362	13.2486
01:48:37	50.8204	5.7548	13.3109
01:48:42	51.1386	5.8748	13.3742
01:48:47	51.4568	5.9961	13.4389
01:48:52	51.7748	6.1188	13.5049
01:48:57	52.0927	6.2430	13.5723
01:49:02	52.4105	6.3686	13.6419
01:49:07	52.7282	6.4957	13.7123
01:49:12	53.0458	6.6245	13.7833
01:49:17	53.3633	6.7548	13.8457
01:49:22	53.6806	6.8867	13.9097
01:49:27	53.9978	7.0203	13.9796
01:49:32	54.3149	7.1556	14.0580
01:49:37	54.6319	7.2927	14.1384
01:49:42	54.9487	7.4317	14.2208
01:49:47	55.2654	7.5724	14.3048
01:49:52	55.5820	7.7152	14.3907
01:49:57	55.8984	7.8598	14.4788
01:50:02	56.2146	8.0066	14.5688
01:50:07	56.5308	8.1554	14.6611
01:50:12	56.8467	8.3063	14.7547
01:50:17	57.1625	8.4595	14.8450
01:50:22	57.4782	8.6149	14.9314
01:50:27	57.7937	8.7727	15.0206
01:50:32	58.1090	8.9329	15.1219
01:50:37	58.4241	9.0955	15.2271
01:50:42	58.7391	9.2607	15.3354
01:50:47	59.0539	9.4285	15.4462
01:50:52	59.3685	9.5991	15.5605
01:50:57	59.6829	9.7724	15.6768
01:51:02	59.9971	9.9486	15.7957
01:51:07	60.3111	10.1278	15.9185
01:51:12	60.6249	10.3101	16.0434
01:51:17	60.9385	10.4955	16.1714
01:51:22	61.2519	10.6842	16.2909
01:51:27	61.5650	10.8762	16.4133
01:51:32	61.8779	11.0717	16.5430
01:51:37	62.1905	11.2709	16.6851
01:51:42	62.5030	11.4737	16.8308
01:51:47	62.8151	11.6804	16.9804
01:51:52	63.1270	11.8910	17.1334
01:51:57	63.4386	12.1058	17.2910
01:52:02	63.7499	12.3248	17.4528
01:52:07	64.0609	12.5482	17.6190
01:52:12	64.3717	12.7762	17.7899
01:52:17	64.6821	13.0089	17.9652
01:52:22	64.9921	13.2465	18.1403
01:52:27	65.3019	13.4892	18.3126
01:52:32	65.6113	13.7372	18.4905
01:52:37	65.9203	13.9906	18.6831
01:52:42	66.2290	14.2496	18.8845
01:52:47	66.5373	14.5146	19.0925
01:52:52	66.8451	14.7856	19.3062
01:52:57	67.1526	15.0630	19.5257
01:53:02	67.4596	15.3470	19.7527
01:53:07	67.7662	15.6379	19.9860
01:53:12	68.0723	15.9360	20.2267
01:53:17	68.3779	16.2415	20.4747
01:53:22	68.6830	16.5547	20.7304
01:53:27	68.9875	16.8760	20.9831
01:53:32	69.2915	17.2057	21.2416
01:53:37	69.5949	17.5442	21.5117
01:53:42	69.8978	17.8918	21.8017
01:53:47	70.2000	18.2490	22.1013
01:53:52	70.5015	18.6161	22.4107
01:53:57	70.8023	18.9937	22.7311
01:54:02	71.1024	19.3821	23.0618
01:54:07	71.4018	19.7820	23.4040
01:54:12	71.7004	20.1938	23.7580
01:54:17	71.9981	20.6181	24.1250
01:54:22	72.2950	21.0555	24.5049
01:54:27	72.5909	21.5066	24.8940
01:54:32	72.8859	21.9720	25.2881
01:54:37	73.1799	22.4526	25.6978
01:54:42	73.4728	22.9489	26.1310
01:54:47	73.7645	23.4619	26.5861
01:54:52	74.0551	23.9923	27.0587
01:54:57	74.3445	24.5411	27.5501
01:55:01	74.5780	25.0000	181.0900
03:17:07	35.2585	24.2160	11.4755
03:17:12	35.5801	24.2962	11.4929
03:17:17	35.9018	24.3768	11.5096
03:17:22	36.2233	24.4579	11.5268
03:17:27	36.5449	24.5395	11.5537
03:17:32	36.8663	24.6217	11.5795
03:17:37	37.1877	24.7043	11.6056
03:17:42	37.5091	24.7875	11.6337
03:17:47	37.8304	24.8712	11.6609
03:17:52	38.1517	24.9554	11.6891
12:53:25	62.0630	-29.9646	163.3525
12:53:30	61.7502	-29.7670	163.4805
12:53:35	61.4372	-29.5729	163.6166
12:53:40	61.1239	-29.3822	163.7503
12:53:45	60.8105	-29.1949	163.8808
12:53:50	60.4968	-29.0107	164.0078
12:53:55	60.1829	-28.8297	164.1320
12:54:00	59.8688	-28.6518	164.2524
12:54:05	59.5545	-28.4767	164.3708
12:54:10	59.2400	-28.3045	164.4858
12:54:15	58.9253	-28.1351	164.5985
12:54:20	58.6104	-27.9684	164.7074
12:54:25	58.2953	-27.8042	164.8028
12:54:30	57.9801	-27.6426	164.8954
12:54:35	57.6647	-27.4834	164.9898
12:54:40	57.3491	-27.3266	165.0902
12:54:45	57.0334	-27.1721	165.1874
12:54:50	56.7175	-27.0198	165.2835
12:54:55	56.4014	-26.8697	165.3767
12:55:00	56.0852	-26.7218	165.4681
12:55:05	55.7689	-26.5759	165.5570
12:55:10	55.4524	-26.4320	165.6437
12:55:15	55.1357	-26.2901	165.7291
12:55:20	54.8190	-26.1500	165.8126
12:55:25	54.5021	-26.0119	165.8883
12:55:30	54.1850	-25.8755	165.9567
12:55:35	53.8679	-25.7409	166.0229
12:55:40	53.5506	-25.6079	166.0968
12:55:45	53.2332	-25.4767	166.1716
12:55:50	52.9156	-25.3470	166.2449
12:55:55	52.5980	-25.2189	166.3163
12:56:00	52.2802	-25.0924	166.3864
12:56:05	51.9623	-24.9674	166.4547
12:56:10	51.6443	-24.8438	166.5223
12:56:15	51.3262	-24.7217	166.5873
12:56:20	51.0080	-24.6009	166.6520
12:56:25	50.6897	-24.4815	166.7143
12:56:30	50.3713	-24.3634	166.7660
12:56:35	50.0528	-24.2467	166.8155
12:56:40	49.7342	-24.1311	166.8665
12:56:45	49.4155	-24.0168	166.9246
12:56:50	49.0967	-23.9037	166.9815
12:56:55	48.7778	-23.7918	167.0365
12:57:00	48.4588	-23.6810	167.0913
12:57:05	48.1398	-23.5713	167.1448
12:57:10	47.8206	-23.4628	167.1970
12:57:15	47.5014	-23.3553	167.2475
12:57:20	47.1820	-23.2488	167.2987
12:57:25	46.8626	-23.1434	167.3474
12:57:30	46.5431	-23.0389	167.3916
12:57:35	46.2235	-22.9355	167.4282
12:57:40	45.9039	-22.8330	167.4646
12:57:45	45.5841	-22.7314	167.5068
12:57:50	45.2643	-22.6307	167.5514
12:57:55	44.9445	-22.5309	167.5955
12:58:00	44.6245	-22.4319	167.6380
12:58:05	44.3045	-22.3339	167.6803
12:58:10	43.9844	-22.2366	167.7209
12:58:15	43.6642	-22.1402	167.7617
12:58:20	43.3439	-22.0446	167.8017
12:58:25	43.0236	-21.9497	167.8401
12:58:30	42.7032	-21.8557	167.8776
12:58:35	42.3828	-21.7623	167.9075
12:58:40	42.0623	-21.6697	167.9341
12:58:45	41.7417	-21.5779	167.9617
12:58:50	41.4211	-21.4867	167.9970
12:58:55	41.1004	-21.3962	168.0317
12:59:00	40.7796	-21.3063	168.0662
12:59:05	40.4588	-21.2172	168.0986
12:59:10	40.1379	-21.1286	168.1317
12:59:15	39.8169	-21.0408	168.1637
12:59:20	39.4959	-20.9535	168.1950
12:59:25	39.1749	-20.8668	168.2258
12:59:30	38.8538	-20.7808	168.2558
12:59:35	38.5326	-20.6953	168.2828
12:59:40	38.2114	-20.6104	168.3026
12:59:45	37.8901	-20.5260	168.3230
12:59:50	37.5687	-20.4422	168.3474
12:59:55	37.2474	-20.3589	168.3749
13:00:00	36.9259	-20.2762	168.4020
13:00:05	36.6044	-20.1940	168.4280
13:00:10	36.2829	-20.1122	168.4541
13:00:15	35.9613	-20.0310	168.4798
13:00:20	35.6397	-19.9503	168.5042
13:00:25	35.3180	-19.8700	168.5291
13:00:30	35.0017	-19.7916	356.9426
14:21:32	77.8815	-29.2657	144.1302
14:21:37	77.6164	-28.3758	144.9627
14:21:42	77.3485	-27.5219	145.7582
14:21:47	77.0782	-26.7022	146.5203
14:21:52	76.8056	-25.9147	147.2364
14:21:57	76.5307	-25.1579	147.9211
14:22:02	76.2538	-24.4300	148.5820
14:22:07	75.9750	-23.7296	149.2239
14:22:12	75.6943	-23.0552	149.8407
14:22:17	75.4119	-22.4056	150.4327
14:22:22	75.1279	-21.7793	151.0018
14:22:27	74.8423	-21.1753	151.5477
14:22:32	74.5553	-20.5924	152.0728
14:22:37	74.2669	-20.0295	152.5778
14:22:42	73.9772	-19.4858	153.0644
14:22:47	73.6862	-18.9601	153.5320
14:22:52	73.3941	-18.4517	153.9771
14:22:57	73.1009	-17.9596	154.3979
14:23:02	72.8066	-17.4832	154.8029
14:23:07	72.5114	-17.0217	155.2032
14:23:12	72.2152	-16.5743	155.5930
14:23:17	71.9181	-16.1405	155.9692
14:23:22	71.6201	-15.7196	156.3322
14:23:27	71.3213	-15.3111	156.6835
14:23:32	71.0217	-14.9143	157.0226
14:23:37	70.7214	-14.5288	157.3505
14:23:42	70.4203	-14.1541	157.6676
14:23:47	70.1186	-13.7896	157.9750
14:23:52	69.8162	-13.4350	158.2718
14:23:57	69.5132	-13.0899	158.5477
14:24:02	69.2096	-12.7538	158.8133
14:24:07	68.9055	-12.4264	159.0720
14:24:12	68.6008	-12.1073	159.3337
14:24:17	68.2955	-11.7962	159.5871
14:24:22	67.9898	-11.4927	159.8336
14:24:27	67.6835	-11.1966	160.0724
14:24:32	67.3768	-10.9076	160.3038
14:24:37	67.0697	-10.6254	160.5287
14:24:42	66.7621	-10.3497	160.7466
14:24:47	66.4541	-10.0803	160.9592
14:24:52	66.1457	-9.8169	161.1649
14:24:57	65.8369	-9.5594	161.3610
14:25:02	65.5278	-9.3075	161.5424
14:25:07	65.2183	-9.0610	161.7195
14:25:12	64.9084	-8.8197	161.8978
14:25:17	64.5982	-8.5834	162.0770
14:25:22	64.2877	-8.3520	162.2515
14:25:27	63.9769	-8.1252	162.4209
14:25:32	63.6658	-7.9030	162.5858
14:25:37	63.3543	-7.6851	162.7465
14:25:42	63.0426	-7.4715	162.9034
14:25:47	62.7307	-7.2619	163.0559
14:25:52	62.4184	-7.0562	163.2039
14:25:57	62.1060	-6.8544	163.3487
14:26:02	61.7932	-6.6563	163.4803
14:26:07	61.4802	-6.4617	163.6055
14:26:12	61.1670	-6.2706	163.7277
14:26:17	60.8536	-6.0828	163.8583
14:26:22	60.5399	-5.8982	163.9859
14:26:27	60.2261	-5.7168	164.1100
14:26:32	59.9120	-5.5384	164.2317
14:26:37	59.5977	-5.3630	164.3501
14:26:42	59.2832	-5.1904	164.4661
14:26:47	58.9685	-5.0206	164.5788
14:26:52	58.6537	-4.8535	164.6890
14:26:57	58.3386	-4.6890	164.7962
14:27:02	58.0234	-4.5270	164.8995
14:27:07	57.7080	-4.3675	164.9897
14:27:12	57.3925	-4.2103	165.0782
14:27:17	57.0768	-4.0555	165.1700
14:27:22	56.7609	-3.9030	165.2656
14:27:27	56.4449	-3.7526	165.3598
14:27:32	56.1287	-3.6043	165.4509
14:27:37	55.8124	-3.4582	165.5407
14:27:42	55.4959	-3.3140	165.6281
14:27:47	55.1793	-3.1718	165.7133
14:27:52	54.8625	-3.0315	165.7968
14:27:57	54.5456	-2.8931	165.8789
14:28:02	54.2286	-2.7565	165.9587
14:28:07	53.9115	-2.6216	166.0294
14:28:12	53.5942	-2.4884	166.0945
14:28:17	53.2768	-2.3570	166.1578
14:28:22	52.9593	-2.2271	166.2309
14:28:27	52.6416	-2.0988	166.3025
14:28:32	52.3239	-1.9721	166.3729
14:28:37	52.0060	-1.8468	166.4413
14:28:42	51.6881	-1.7230	166.5086
14:28:47	51.3700	-1.6007	166.5743
14:28:52	51.0518	-1.4798	166.6388
14:28:57	50.7335	-1.3602	166.7019
14:29:02	50.4151	-1.2419	166.7638
14:29:07	50.0966	-1.1250	166.8236
14:29:12	49.7780	-1.0093	166.8722
14:29:17	49.4593	-0.8948	166.9193
14:29:22	49.1405	-0.7816	166.9690
14:29:27	48.8216	-0.6695	167.0254
14:29:32	48.5027	-0.5585	167.0797
14:29:37	48.1836	-0.4487	167.1337
14:29:42	47.8645	-0.3400	167.1857
14:29:47	47.5452	-0.2323	167.2370
14:29:52	47.2259	-0.1257	167.2873
14:29:57	46.9065	-0.0201	167.3365
14:30:02	46.5870	0.0844	167.3856
14:30:07	46.2675	0.1880	167.4322
14:30:12	45.9478	0.2907	167.4734
14:30:17	45.6281	0.3924	167.5089
14:30:22	45.3083	0.4932	167.5435
14:30:27	44.9884	0.5931	167.5860
14:30:32	44.6685	0.6922	167.6286
14:30:37	44.3484	0.7904	167.6705
14:30:42	44.0283	0.8877	167.7121
14:30:47	43.7082	0.9842	167.7523
14:30:52	43.3879	1.0800	167.7916
14:30:57	43.0676	1.1749	167.8307
14:31:02	42.7473	1.2691	167.8693
14:31:07	42.4268	1.3626	167.9065
14:31:12	42.1063	1.4552	167.9427
14:31:17	41.7857	1.5472	167.9696
14:31:22	41.4651	1.6385	167.9957
14:31:27	41.1444	1.7291	168.0230
14:31:32	40.8237	1.8190	168.0573
14:31:37	40.5028	1.9083	168.0910
14:31:42	40.1820	1.9969	168.1238
14:31:47	39.8610	2.0849	168.1556
14:31:52	39.5400	2.1722	168.1874
14:31:57	39.2190	2.2590	168.2182
14:32:02	38.8979	2.3451	168.2480
14:32:07	38.5767	2.4307	168.2782
14:32:12	38.2555	2.5157	168.3075
14:32:17	37.9342	2.6001	168.3315
14:32:22	37.6129	2.6840	168.3513
14:32:27	37.2915	2.7673	168.3704
14:32:32	36.9701	2.8501	168.3947
14:32:37	36.6486	2.9324	168.4219
14:32:42	36.3270	3.0142	168.4470
14:32:47	36.0055	3.0955	168.4726
14:32:52	35.6838	3.1763	168.4979
14:32:57	35.3622	3.2566	168.5223
14:33:02	35.0404	3.3365	168.5468
15:53:25	79.8623	-14.6979	136.0219
15:53:30	79.6256	-13.4427	137.2188
15:53:35	79.3845	-12.2425	138.3612
15:53:40	79.1392	-11.0945	139.4517
15:53:45	78.8899	-9.9961	140.4921
15:53:50	78.6369	-8.9448	141.4857
15:53:55	78.3806	-7.9380	142.4346
15:54:00	78.1210	-6.9734	143.3416
15:54:05	77.8584	-6.0489	144.2080
15:54:10	77.5930	-5.1622	145.0368
15:54:15	77.3249	-4.3114	145.8275
15:54:20	77.0544	-3.4945	146.5726
15:54:25	76.7815	-2.7099	147.2860
15:54:30	76.5065	-1.9556	147.9744
15:54:35	76.2294	-1.2302	148.6427
15:54:40	75.9504	-0.5321	149.2828
15:54:45	75.6696	0.1400	149.8971
15:54:50	75.3870	0.7876	150.4869
15:54:55	75.1029	1.4118	151.0533
15:55:00	74.8172	2.0139	151.5983
15:55:05	74.5300	2.5950	152.1213
15:55:10	74.2415	3.1561	152.6246
15:55:15	73.9517	3.6983	153.1092
15:55:20	73.6607	4.2224	153.5673
15:55:25	73.3685	4.7294	154.0028
15:55:30	73.0752	5.2200	154.4221
15:55:35	72.7808	5.6951	154.8385
15:55:40	72.4855	6.1553	155.2413
15:55:45	72.1892	6.6015	155.6297
15:55:50	71.8920	7.0341	156.0043
15:55:55	71.5940	7.4539	156.3668
15:56:00	71.2951	7.8614	156.7167
15:56:05	70.9955	8.2572	157.0553
15:56:10	70.6951	8.6417	157.3822
15:56:15	70.3940	9.0155	157.6981
15:56:20	70.0922	9.3791	158.0031
15:56:25	69.7898	9.7328	158.2861
15:56:30	69.4867	10.0771	158.5597
15:56:35	69.1831	10.4124	158.8291
15:56:40	68.8788	10.7391	159.0987
15:56:45	68.5741	11.0575	159.3596
15:56:50	68.2688	11.3679	159.6123
15:56:55	67.9630	11.6707	159.8575
15:57:00	67.6567	11.9662	160.0955
15:57:05	67.3500	12.2546	160.3270
15:57:10	67.0428	12.5363	160.5510
15:57:15	66.7352	12.8114	160.7688
15:57:20	66.4272	13.0802	160.9805
15:57:25	66.1187	13.3431	161.1791
15:57:30	65.8099	13.6001	161.3662
15:57:35	65.5007	13.8515	161.5469
15:57:40	65.1912	14.0976	161.7334
15:57:45	64.8813	14.3384	161.9171
15:57:50	64.5711	14.5743	162.0957
15:57:55	64.2606	14.8053	162.2695
15:58:00	63.9497	15.0316	162.4386
15:58:05	63.6386	15.2535	162.6028
15:58:10	63.3271	15.4710	162.7637
15:58:15	63.0154	15.6843	162.9196
15:58:20	62.7034	15.8935	163.0716
15:58:25	62.3912	16.0988	163.2194
15:58:30	62.0787	16.3003	163.3518
15:58:35	61.7659	16.4981	163.4802
15:58:40	61.4529	16.6924	163.6083
15:58:45	61.1397	16.8832	163.7418
15:58:50	60.8262	17.0707	163.8727
15:58:55	60.5126	17.2550	163.9999
15:59:00	60.1987	17.4362	164.1236
15:59:05	59.8846	17.6143	164.2454
15:59:10	59.5703	17.7895	164.3631
15:59:15	59.2558	17.9618	164.4787
15:59:20	58.9411	18.1314	164.5912
15:59:25	58.6262	18.2982	164.7012
15:59:30	58.3112	18.4625	164.8037
15:59:35	57.9959	18.6243	164.8966
15:59:40	57.6805	18.7836	164.9870
15:59:45	57.3650	18.9405	165.0833
15:59:50	57.0493	19.0951	165.1810
15:59:55	56.7334	19.2475	165.2774
16:00:00	56.4173	19.3977	165.3703
16:00:05	56.1011	19.5458	165.4616
16:00:10	55.7848	19.6917	165.5507
16:00:15	55.4683	19.8357	165.6384
16:00:20	55.1517	19.9778	165.7235
16:00:25	54.8349	20.1179	165.8068
16:00:30	54.5180	20.2561	165.8884
16:00:35	54.2010	20.3926	165.9587
16:00:40	53.8839	20.5273	166.0253
16:00:45	53.5666	20.6603	166.0915
16:00:50	53.2492	20.7917	166.1664
16:00:55	52.9316	20.9214	166.2396
16:01:00	52.6140	21.0496	166.3107
16:01:05	52.2962	21.1762	166.3814
16:01:10	51.9784	21.3013	166.4495
16:01:15	51.6604	21.4249	166.5175
16:01:20	51.3423	21.5471	166.5829
16:01:25	51.0241	21.6680	166.6471
16:01:30	50.7058	21.7874	166.7102
16:01:35	50.3874	21.9056	166.7687
16:01:40	50.0689	22.0224	166.8184
16:01:45	49.7503	22.1380	166.8672
16:01:50	49.4316	22.2523	166.9200
16:01:55	49.1128	22.3655	166.9767
16:02:00	48.7939	22.4775	167.0322
16:02:05	48.4750	22.5883	167.0873
16:02:10	48.1559	22.6980	167.1405
16:02:15	47.8367	22.8067	167.1925
16:02:20	47.5175	22.9142	167.2440
16:02:25	47.1982	23.0207	167.2947
16:02:30	46.8788	23.1262	167.3433
16:02:35	46.5593	23.2307	167.3915
16:02:40	46.2397	23.3342	167.4322
16:02:45	45.9201	23.4368	167.4680
16:02:50	45.6003	23.5384	167.5029
16:02:55	45.2805	23.6392	167.5480
16:03:00	44.9606	23.7390	167.5919
16:03:05	44.6407	23.8380	167.6344
16:03:10	44.3207	23.9361	167.6767
16:03:15	44.0006	24.0334	167.7178
16:03:20	43.6804	24.1298	167.7579
16:03:25	43.3602	24.2255	167.7976
16:03:30	43.0399	24.3204	167.8362
16:03:35	42.7195	24.4145	167.8741
16:03:40	42.3990	24.5079	167.9103
16:03:45	42.0785	24.6005	167.9374
16:03:50	41.7580	24.6924	167.9637
16:03:55	41.4373	24.7836	167.9939
16:04:00	41.1166	24.8742	168.0286
16:04:05	40.7959	24.9640	168.0624
17:25:57	79.9067	8.1940	135.8161
17:26:02	79.6709	9.4599	137.0108
17:26:07	79.4306	10.6703	138.1489
17:26:12	79.1860	11.8279	139.2413
17:26:17	78.9375	12.9356	140.2910
17:26:22	78.6852	13.9957	141.2933
17:26:27	78.4295	15.0108	142.2506
17:26:32	78.1705	15.9832	143.1654
17:26:37	77.9085	16.9152	144.0397
17:26:42	77.6436	17.8089	144.8752
17:26:47	77.3760	18.6663	145.6751
17:26:52	77.1059	19.4895	146.4401
17:26:57	76.8335	20.2801	147.1730
17:27:02	76.5589	21.0400	147.8665
17:27:07	76.2822	21.7708	148.5261
17:27:12	76.0035	22.4739	149.1575
17:27:17	75.7231	23.1508	149.7756
17:27:22	75.4408	23.8030	150.3696
17:27:27	75.1570	24.4315	150.9410
17:27:31	74.8919	24.9953	302.6824
21:58:44	76.6465	-29.3831	32.3410
21:58:49	76.9204	-28.6136	33.0528
21:58:54	77.1921	-27.8127	33.7959
21:58:59	77.4614	-26.9789	34.5719
21:59:04	77.7281	-26.1100	35.3824
21:59:09	77.9921	-25.2043	36.2304
21:59:14	78.2532	-24.2597	37.1172
21:59:19	78.5112	-23.2739	38.0454
21:59:24	78.7659	-22.2447	39.0171
21:59:29	79.0170	-21.1697	40.0299
21:59:34	79.2643	-20.0464	41.0818
21:59:39	79.5076	-18.8722	42.1847
21:59:44	79.7465	-17.6443	43.3477
21:59:49	79.9807	-16.3602	44.5750
23:24:33	51.8748	-29.9231	13.5306
23:24:38	52.1927	-29.7985	13.5886
23:24:43	52.5105	-29.6723	13.6464
23:24:48	52.8282	-29.5447	13.7142
23:24:53	53.1457	-29.4155	13.7863
23:24:58	53.4632	-29.2847	13.8605
23:25:03	53.7805	-29.1522	13.9364
23:25:08	54.0977	-29.0181	14.0140
23:25:13	54.4148	-28.8822	14.0936
23:25:18	54.7317	-28.7445	14.1739
23:25:23	55.0485	-28.6050	14.2574
23:25:28	55.3652	-28.4636	14.3416
23:25:33	55.6817	-28.3203	14.4283
23:25:38	55.9981	-28.1749	14.5074
23:25:43	56.3143	-28.0275	14.5857
23:25:48	56.6304	-27.8781	14.6685
23:25:53	56.9463	-27.7264	14.7637
23:25:58	57.2621	-27.5726	14.8600
23:26:03	57.5777	-27.4164	14.9593
23:26:08	57.8932	-27.2579	15.0609
23:26:13	58.2085	-27.0969	15.1648
23:26:18	58.5236	-26.9335	15.2715
23:26:23	58.8385	-26.7674	15.3809
23:26:28	59.1532	-26.5987	15.4922
23:26:33	59.4678	-26.4273	15.6070
23:26:38	59.7821	-26.2531	15.7210
23:26:43	60.0963	-26.0759	15.8288
23:26:48	60.4103	-25.8957	15.9396
23:26:53	60.7240	-25.7125	16.0607
23:26:58	61.0375	-25.5261	16.1899
23:27:03	61.3508	-25.3363	16.3226
23:27:08	61.6639	-25.1432	16.4586
23:27:13	61.9767	-24.9466	16.5980
23:27:18	62.2893	-24.7463	16.7414
23:27:23	62.6017	-24.5422	16.8882
23:27:28	62.9138	-24.3343	17.0386
23:27:33	63.2256	-24.1223	17.1940
23:27:38	63.5371	-23.9062	17.3529
23:27:43	63.8483	-23.6858	17.5069
23:27:48	64.1593	-23.4609	17.6614
23:27:53	64.4699	-23.2315	17.8211
23:27:58	64.7802	-22.9972	17.9980
23:28:03	65.0902	-22.7580	18.1803
23:28:08	65.3999	-22.5137	18.3673
23:28:13	65.7092	-22.2641	18.5593
23:28:18	66.0181	-22.0089	18.7574
23:28:23	66.3267	-21.7480	18.9613
23:28:28	66.6348	-21.4811	19.1705
23:28:33	66.9426	-21.2080	19.3859
23:28:38	67.2499	-20.9285	19.6085
23:28:43	67.5568	-20.6423	19.8348
23:28:48	67.8632	-20.3492	20.0573
23:28:53	68.1692	-20.0488	20.2871
23:28:58	68.4747	-19.7409	20.5307
23:29:03	68.7796	-19.4251	20.7888
23:29:08	69.0840	-19.1012	21.0555
23:29:13	69.3878	-18.7687	21.3304
23:29:18	69.6911	-18.4274	21.6141
23:29:23	69.9937	-18.0768	21.9073
23:29:28	70.2957	-17.7165	22.2102
23:29:33	70.5970	-17.3460	22.5229
23:29:38	70.8977	-16.9650	22.8466
23:29:43	71.1976	-16.5730	23.1808
23:29:48	71.4967	-16.1693	23.5184
23:29:53	71.7950	-15.7536	23.8630
23:29:58	72.0925	-15.3252	24.2205
23:30:03	72.3891	-14.8835	24.6036
23:30:08	72.6847	-14.4280	25.0012
23:30:13	72.9794	-13.9578	25.4137
23:30:18	73.2731	-13.4723	25.8416
23:30:23	73.5656	-12.9707	26.2851
23:30:28	73.8571	-12.4523	26.7464
23:30:33	74.1473	-11.9161	27.2249
23:30:38	74.4362	-11.3612	27.7219
23:30:43	74.7238	-10.7867	28.2390
23:30:48	75.0100	-10.1915	28.7753
23:30:53	75.2947	-9.5746	29.3206
23:30:58	75.5778	-8.9347	29.8892
23:31:03	75.8592	-8.2707	30.4864
23:31:08	76.1388	-7.5813	31.1180
23:31:13	76.4166	-6.8650	31.7768
23:31:18	76.6923	-6.1203	32.4639
23:31:23	76.9659	-5.3457	33.1803
23:31:28	77.2372	-4.5394	33.9290
23:31:33	77.5060	-3.6999	34.7106
23:31:38	77.7723	-2.8250	35.5281
23:31:43	78.0359	-1.9130	36.3823
23:31:48	78.2965	-0.9617	37.2754
23:31:53	78.5539	0.0312	38.2032
23:31:58	78.8080	1.0678	39.1684
23:32:03	79.0585	2.1507	40.1794
23:32:08	79.3052	3.2823	41.2503
23:32:13	79.5477	4.4652	42.3759
23:32:18	79.7859	5.7022	43.5542
23:32:23	80.0011	6.8920	44.5312
23:59:59	-999.00	-999.00	-999.00
