2024/11/20 EARTHCARE
GMT	SUBLAT[N+]	SUBLON[W+]	HEADING
00:38:22	35.0639	-15.4511	11.4481
00:38:27	35.3856	-15.3712	11.4725
00:38:32	35.7072	-15.2908	11.4966
00:38:37	36.0288	-15.2100	11.5220
00:38:42	36.3503	-15.1287	11.5472
00:38:47	36.6718	-15.0469	11.5736
00:38:52	36.9933	-14.9645	11.5997
00:38:57	37.3146	-14.8817	11.6264
00:39:02	37.6360	-14.7983	11.6548
00:39:07	37.9572	-14.7144	11.6766
00:39:12	38.2785	-14.6299	11.6962
00:39:17	38.5996	-14.5449	11.7163
00:39:22	38.9207	-14.4593	11.7461
00:39:27	39.2418	-14.3731	11.7768
00:39:32	39.5628	-14.2864	11.8073
00:39:37	39.8837	-14.1990	11.8385
00:39:42	40.2046	-14.1110	11.8706
00:39:47	40.5255	-14.0223	11.9030
00:39:52	40.8462	-13.9330	11.9367
00:39:57	41.1669	-13.8431	11.9706
00:40:02	41.4876	-13.7524	12.0053
00:40:07	41.8082	-13.6611	12.0388
00:40:12	42.1287	-13.5691	12.0658
00:40:17	42.4491	-13.4763	12.0930
00:40:22	42.7695	-13.3829	12.1253
00:40:27	43.0898	-13.2886	12.1632
00:40:32	43.4101	-13.1936	12.2016
00:40:37	43.7303	-13.0979	12.2418
00:40:42	44.0504	-13.0013	12.2820
00:40:47	44.3704	-12.9039	12.3233
00:40:52	44.6904	-12.8057	12.3659
00:40:57	45.0103	-12.7066	12.4083
00:41:02	45.3302	-12.6066	12.4524
00:41:07	45.6499	-12.5057	12.4972
00:41:12	45.9696	-12.4040	12.5361
00:41:17	46.2892	-12.3012	12.5723
00:41:22	46.6087	-12.1976	12.6099
00:41:27	46.9281	-12.0929	12.6571
00:41:32	47.2475	-11.9873	12.7068
00:41:37	47.5668	-11.8806	12.7572
00:41:42	47.8859	-11.7729	12.8083
00:41:47	48.2050	-11.6642	12.8606
00:41:52	48.5241	-11.5543	12.9139
00:41:57	48.8430	-11.4433	12.9688
00:42:02	49.1618	-11.3311	13.0250
00:42:07	49.4806	-11.2178	13.0819
00:42:12	49.7992	-11.1033	13.1389
00:42:17	50.1177	-10.9875	13.1877
00:42:22	50.4362	-10.8704	13.2375
00:42:27	50.7545	-10.7521	13.2921
00:42:32	51.0728	-10.6324	13.3558
00:42:37	51.3909	-10.5114	13.4204
00:42:42	51.7090	-10.3890	13.4858
00:42:47	52.0269	-10.2652	13.5535
00:42:52	52.3447	-10.1398	13.6220
00:42:57	52.6624	-10.0130	13.6927
00:43:02	52.9800	-9.8846	13.7640
00:43:07	53.2975	-9.7547	13.8374
00:43:12	53.6148	-9.6231	13.9122
00:43:17	53.9321	-9.4898	13.9831
00:43:22	54.2492	-9.3549	14.0499
00:43:27	54.5661	-9.2181	14.1182
00:43:32	54.8830	-9.0796	14.1984
00:43:37	55.1997	-8.9392	14.2819
00:43:42	55.5163	-8.7969	14.3673
00:43:47	55.8327	-8.6526	14.4548
00:43:52	56.1490	-8.5063	14.5440
00:43:57	56.4651	-8.3580	14.6357
00:44:02	56.7811	-8.2075	14.7297
00:44:07	57.0969	-8.0548	14.8256
00:44:12	57.4126	-7.8998	14.9234
00:44:17	57.7281	-7.7425	15.0241
00:44:22	58.0434	-7.5829	15.1151
00:44:27	58.3586	-7.4207	15.2085
00:44:32	58.6736	-7.2561	15.3069
00:44:37	58.9884	-7.0888	15.4174
00:44:42	59.3031	-6.9188	15.5302
00:44:47	59.6175	-6.7461	15.6458
00:44:52	59.9317	-6.5705	15.7647
00:44:57	60.2458	-6.3920	15.8864
00:45:02	60.5596	-6.2104	16.0104
00:45:07	60.8732	-6.0256	16.1383
00:45:12	61.1866	-5.8376	16.2697
00:45:17	61.4998	-5.6463	16.4036
00:45:22	61.8127	-5.4515	16.5363
00:45:27	62.1254	-5.2531	16.6648
00:45:32	62.4378	-5.0511	16.7977
00:45:37	62.7500	-4.8452	16.9424
00:45:42	63.0620	-4.6354	17.0950
00:45:47	63.3736	-4.4215	17.2517
00:45:52	63.6850	-4.2034	17.4125
00:45:57	63.9961	-3.9809	17.5779
00:46:02	64.3068	-3.7539	17.7474
00:46:07	64.6173	-3.5222	17.9223
00:46:12	64.9274	-3.2857	18.1013
00:46:17	65.2372	-3.0441	18.2856
00:46:22	65.5467	-2.7972	18.4754
00:46:27	65.8558	-2.5450	18.6590
00:46:32	66.1645	-2.2871	18.8467
00:46:37	66.4729	-2.0234	19.0417
00:46:42	66.7808	-1.7536	19.2544
00:46:47	67.0884	-1.4776	19.4731
00:46:52	67.3955	-1.1950	19.6983
00:46:57	67.7021	-0.9056	19.9302
00:47:02	68.0083	-0.6091	20.1695
00:47:07	68.3140	-0.3052	20.4159
00:47:12	68.6192	0.0064	20.6696
00:47:17	68.9239	0.3260	20.9323
00:47:22	69.2280	0.6539	21.2022
00:47:27	69.5315	0.9905	21.4777
00:47:32	69.8344	1.3362	21.7526
00:47:37	70.1368	1.6913	22.0368
00:47:42	70.4384	2.0564	22.3389
00:47:47	70.7394	2.4317	22.6569
00:47:52	71.0397	2.8178	22.9853
00:47:57	71.3392	3.2153	23.3247
00:48:02	71.6379	3.6245	23.6764
00:48:07	71.9358	4.0461	24.0407
00:48:12	72.2329	4.4807	24.4175
00:48:17	72.5290	4.9288	24.8080
00:48:22	72.8242	5.3912	25.2128
00:48:27	73.1184	5.8685	25.6324
00:48:32	73.4115	6.3615	26.0576
00:48:37	73.7035	6.8709	26.4958
00:48:42	73.9943	7.3976	26.9513
00:48:47	74.2839	7.9425	27.4386
00:48:52	74.5722	8.5064	27.9450
00:48:57	74.8592	9.0905	28.4716
00:49:02	75.1446	9.6958	29.0189
00:49:07	75.4286	10.3233	29.5886
00:49:12	75.7109	10.9744	30.1819
00:49:17	75.9914	11.6502	30.7998
00:49:22	76.2702	12.3521	31.4444
00:49:27	76.5469	13.0816	32.1160
00:49:32	76.8216	13.8402	32.8140
00:49:37	77.0941	14.6295	33.5317
00:49:42	77.3643	15.4512	34.2816
00:49:47	77.6320	16.3071	35.0729
00:49:52	77.8970	17.1992	35.9071
00:49:57	78.1591	18.1294	36.7796
00:50:02	78.4182	19.1000	37.6924
00:50:07	78.6741	20.1131	38.6474
00:50:12	78.9265	21.1711	39.6474
00:50:17	79.1753	22.2766	40.6950
00:50:22	79.4200	23.4320	41.7926
00:50:27	79.6605	24.6400	42.9430
02:10:55	35.1285	7.7004	11.4578
02:11:00	35.4502	7.7804	11.4820
02:11:05	35.7718	7.8609	11.5067
02:11:10	36.0934	7.9418	11.5311
02:11:15	36.4149	8.0232	11.5570
02:11:20	36.7363	8.1051	11.5830
02:11:25	37.0578	8.1876	11.6061
02:11:30	37.3791	8.2705	11.6243
02:11:35	37.7004	8.3540	11.6435
02:11:40	38.0217	8.4380	11.6695
02:11:45	38.3429	8.5226	11.6986
02:11:50	38.6641	8.6077	11.7273
02:11:55	38.9852	8.6934	11.7568
02:12:00	39.3062	8.7797	11.7871
02:12:05	39.6272	8.8666	11.8180
02:12:10	39.9481	8.9541	11.8498
02:12:15	40.2690	9.0423	11.8824
02:12:20	40.5898	9.1311	11.9144
02:12:25	40.9106	9.2205	11.9486
02:12:30	41.2313	9.3106	11.9738
02:12:35	41.5519	9.4014	11.9998
02:12:40	41.8725	9.4928	12.0274
02:12:45	42.1930	9.5850	12.0631
02:12:50	42.5134	9.6779	12.1002
02:12:55	42.8338	9.7715	12.1379
02:13:00	43.1541	9.8659	12.1756
02:13:05	43.4743	9.9610	12.2151
02:13:10	43.7945	10.0570	12.2551
02:13:15	44.1146	10.1537	12.2962
02:13:20	44.4346	10.2513	12.3375
02:13:25	44.7546	10.3497	12.3794
02:13:30	45.0745	10.4489	12.4189
02:13:35	45.3943	10.5491	12.4529
02:13:40	45.7140	10.6501	12.4882
02:13:45	46.0337	10.7521	12.5301
02:13:50	46.3533	10.8550	12.5763
02:13:55	46.6728	10.9588	12.6243
02:14:00	46.9922	11.0637	12.6723
02:14:05	47.3115	11.1695	12.7224
02:14:10	47.6308	11.2764	12.7731
02:14:15	47.9499	11.3843	12.8241
02:14:20	48.2690	11.4933	12.8772
02:14:25	48.5880	11.6034	12.9312
02:14:30	48.9069	11.7146	12.9862
02:14:35	49.2257	11.8270	13.0332
02:14:40	49.5444	11.9406	13.0796
02:14:45	49.8631	12.0554	13.1283
02:14:50	50.1816	12.1714	13.1880
02:14:55	50.5000	12.2887	13.2489
02:15:00	50.8184	12.4073	13.3107
02:15:05	51.1366	12.5272	13.3743
02:15:10	51.4547	12.6485	13.4388
02:15:15	51.7727	12.7712	13.5050
02:15:20	52.0906	12.8953	13.5727
02:15:25	52.4084	13.0210	13.6422
02:15:30	52.7261	13.1481	13.7123
02:15:35	53.0437	13.2768	13.7818
02:15:40	53.3611	13.4071	13.8443
02:15:45	53.6784	13.5390	13.9082
02:15:50	53.9956	13.6726	13.9800
02:15:55	54.3127	13.8079	14.0586
02:16:00	54.6296	13.9450	14.1388
02:16:05	54.9465	14.0839	14.2213
02:16:10	55.2631	14.2247	14.3050
02:16:15	55.5797	14.3674	14.3912
02:16:20	55.8961	14.5120	14.4789
02:16:25	56.2123	14.6587	14.5689
02:16:30	56.5284	14.8075	14.6612
02:16:35	56.8444	14.9585	14.7549
02:16:40	57.1602	15.1116	14.8434
02:16:45	57.4758	15.2670	14.9299
02:16:50	57.7913	15.4248	15.0188
02:16:55	58.1066	15.5849	15.1217
02:17:00	58.4217	15.7475	15.2275
02:17:05	58.7367	15.9127	15.3358
02:17:10	59.0515	16.0805	15.4464
02:17:15	59.3660	16.2510	15.5599
02:17:20	59.6804	16.4243	15.6764
02:17:25	59.9946	16.6005	15.7955
02:17:30	60.3086	16.7797	15.9176
02:17:35	60.6224	16.9619	16.0426
02:17:40	60.9360	17.1473	16.1695
02:17:45	61.2493	17.3359	16.2890
02:17:50	61.5625	17.5280	16.4113
02:17:55	61.8753	17.7235	16.5424
02:18:00	62.1880	17.9225	16.6846
02:18:05	62.5004	18.1253	16.8299
02:18:10	62.8125	18.3320	16.9793
02:18:15	63.1244	18.5426	17.1329
02:18:20	63.4360	18.7573	17.2904
02:18:25	63.7473	18.9763	17.4522
02:18:30	64.0583	19.1996	17.6185
02:18:35	64.3690	19.4276	17.7892
02:18:40	64.6794	19.6603	17.9646
02:18:45	64.9895	19.8978	18.1373
02:18:50	65.2992	20.1405	18.3100
02:18:55	65.6086	20.3884	18.4878
02:19:00	65.9176	20.6417	18.6821
02:19:05	66.2263	20.9007	18.8836
02:19:10	66.5346	21.1656	19.0911
02:19:15	66.8424	21.4366	19.3046
02:19:20	67.1499	21.7139	19.5245
02:19:25	67.4569	21.9979	19.7512
02:19:30	67.7634	22.2887	19.9844
02:19:35	68.0695	22.5867	20.2253
02:19:40	68.3751	22.8921	20.4730
02:19:45	68.6802	23.2052	20.7289
02:19:50	68.9848	23.5265	20.9790
02:19:55	69.2887	23.8561	21.2377
02:20:00	69.5922	24.1945	21.5097
02:20:05	69.8950	24.5420	21.7996
02:20:10	70.1972	24.8991	22.0991
13:17:42	69.7664	-29.8647	158.2944
13:17:47	69.4633	-29.5210	158.5768
13:17:52	69.1596	-29.1864	158.8537
13:17:57	68.8553	-28.8603	159.1223
13:18:02	68.5505	-28.5425	159.3827
13:18:07	68.2452	-28.2327	159.6350
13:18:12	67.9393	-27.9305	159.8798
13:18:17	67.6330	-27.6355	160.1172
13:18:22	67.3262	-27.3476	160.3481
13:18:27	67.0190	-27.0665	160.5714
13:18:32	66.7113	-26.7919	160.7890
13:18:37	66.4032	-26.5235	160.9890
13:18:42	66.0948	-26.2611	161.1806
13:18:47	65.7859	-26.0045	161.3690
13:18:52	65.4767	-25.7535	161.5631
13:18:57	65.1671	-25.5078	161.7513
13:19:02	64.8572	-25.2673	161.9347
13:19:07	64.5469	-25.0318	162.1126
13:19:12	64.2364	-24.8012	162.2862
13:19:17	63.9255	-24.5752	162.4549
13:19:22	63.6143	-24.3537	162.6189
13:19:27	63.3028	-24.1365	162.7793
13:19:32	62.9911	-23.9235	162.9349
13:19:37	62.6790	-23.7146	163.0831
13:19:42	62.3668	-23.5096	163.2179
13:19:47	62.0542	-23.3084	163.3499
13:19:52	61.7414	-23.1109	163.4851
13:19:57	61.4284	-22.9168	163.6217
13:20:02	61.1151	-22.7262	163.7555
13:20:07	60.8016	-22.5390	163.8860
13:20:12	60.4879	-22.3549	164.0125
13:20:17	60.1740	-22.1740	164.1367
13:20:22	59.8599	-21.9961	164.2577
13:20:27	59.5456	-21.8211	164.3760
13:20:32	59.2310	-21.6490	164.4909
13:20:37	58.9163	-21.4797	164.6034
13:20:42	58.6014	-21.3130	164.7037
13:20:47	58.2863	-21.1489	164.7989
13:20:52	57.9711	-20.9873	164.8920
13:20:57	57.6556	-20.8282	164.9944
13:21:02	57.3401	-20.6714	165.0944
13:21:07	57.0243	-20.5170	165.1920
13:21:12	56.7084	-20.3648	165.2876
13:21:17	56.3923	-20.2147	165.3803
13:21:22	56.0761	-20.0668	165.4721
13:21:27	55.7597	-19.9210	165.5609
13:21:32	55.4432	-19.7772	165.6483
13:21:37	55.1266	-19.6353	165.7332
13:21:42	54.8098	-19.4953	165.8143
13:21:47	54.4928	-19.3572	165.8839
13:21:52	54.1758	-19.2208	165.9520
13:21:57	53.8586	-19.0862	166.0243
13:22:02	53.5413	-18.9534	166.1003
13:22:07	53.2239	-18.8221	166.1754
13:22:12	52.9063	-18.6925	166.2487
13:22:17	52.5886	-18.5645	166.3195
13:22:22	52.2708	-18.4380	166.3899
13:22:27	51.9529	-18.3130	166.4582
13:22:32	51.6349	-18.1894	166.5252
13:22:37	51.3168	-18.0673	166.5908
13:22:42	50.9986	-17.9466	166.6547
13:22:47	50.6803	-17.8273	166.7107
13:22:52	50.3618	-17.7092	166.7615
13:22:57	50.0433	-17.5925	166.8110
13:23:02	49.7247	-17.4770	166.8692
13:23:07	49.4059	-17.3627	166.9276
13:23:12	49.0871	-17.2496	166.9839
13:23:17	48.7682	-17.1377	167.0394
13:23:22	48.4492	-17.0270	167.0942
13:23:27	48.1301	-16.9173	167.1474
13:23:32	47.8109	-16.8088	167.1995
13:23:37	47.4917	-16.7013	167.2508
13:23:42	47.1723	-16.5949	167.3015
13:23:47	46.8529	-16.4894	167.3498
13:23:52	46.5333	-16.3850	167.3872
13:23:57	46.2137	-16.2816	167.4244
13:24:02	45.8941	-16.1791	167.4640
13:24:07	45.5743	-16.0775	167.5092
13:24:12	45.2545	-15.9768	167.5542
13:24:17	44.9346	-15.8770	167.5980
13:24:22	44.6146	-15.7781	167.6407
13:24:27	44.2945	-15.6801	167.6823
13:24:32	43.9744	-15.5829	167.7237
13:24:37	43.6542	-15.4865	167.7640
13:24:42	43.3339	-15.3908	167.8037
13:24:47	43.0136	-15.2960	167.8416
13:24:52	42.6932	-15.2020	167.8746
13:24:57	42.3727	-15.1086	167.9025
13:25:02	42.0522	-15.0161	167.9304
13:25:07	41.7316	-14.9242	167.9646
13:25:12	41.4109	-14.8330	167.9993
13:25:17	41.0902	-14.7425	168.0340
13:25:22	40.7694	-14.6527	168.0679
13:25:27	40.4485	-14.5636	168.1012
13:25:32	40.1276	-14.4750	168.1335
13:25:37	39.8066	-14.3872	168.1655
13:25:42	39.4856	-14.2999	168.1968
13:25:47	39.1645	-14.2133	168.2279
13:25:52	38.8434	-14.1272	168.2577
13:25:57	38.5222	-14.0417	168.2787
13:26:02	38.2009	-13.9568	168.2987
13:26:07	37.8796	-13.8725	168.3208
13:26:12	37.5583	-13.7887	168.3495
13:26:17	37.2369	-13.7054	168.3764
13:26:22	36.9154	-13.6227	168.4041
13:26:27	36.5939	-13.5405	168.4301
13:26:32	36.2723	-13.4588	168.4556
13:26:37	35.9507	-13.3775	168.4815
13:26:42	35.6290	-13.2968	168.5058
13:26:47	35.3073	-13.2166	168.5306
13:26:52	35.0069	-13.1421	355.7782
14:47:23	79.4505	-29.0507	138.0655
14:47:28	79.2062	-27.8889	139.1559
14:47:33	78.9580	-26.7772	140.2047
14:47:38	78.7060	-25.7133	141.2106
14:47:43	78.4505	-24.6946	142.1720
14:47:48	78.1918	-23.7187	143.0893
14:47:53	77.9300	-22.7835	143.9669
14:47:58	77.6653	-21.8867	144.8059
14:48:03	77.3980	-21.0263	145.6083
14:48:08	77.1281	-20.2004	146.3766
14:48:13	76.8559	-19.4071	147.1121
14:48:18	76.5814	-18.6448	147.8165
14:48:23	76.3049	-17.9117	148.4808
14:48:28	76.0264	-17.2064	149.1146
14:48:33	75.7460	-16.5273	149.7237
14:48:38	75.4639	-15.8732	150.3198
14:48:43	75.1802	-15.2427	150.8925
14:48:48	74.8949	-14.6347	151.4428
14:48:53	74.6081	-14.0479	151.9716
14:48:58	74.3200	-13.4815	152.4809
14:49:03	74.0305	-12.9342	152.9702
14:49:08	73.7398	-12.4053	153.4415
14:49:13	73.4479	-11.8937	153.8953
14:49:18	73.1549	-11.3987	154.3326
14:49:23	72.8608	-10.9195	154.7510
14:49:28	72.5657	-10.4553	155.1440
14:49:33	72.2696	-10.0054	155.5226
14:49:38	71.9727	-9.5692	155.8949
14:49:43	71.6749	-9.1459	156.2607
14:49:48	71.3762	-8.7351	156.6143
14:49:53	71.0768	-8.3362	156.9551
14:49:58	70.7766	-7.9486	157.2853
14:50:03	70.4757	-7.5719	157.6043
14:50:08	70.1740	-7.2056	157.9131
14:50:13	69.8718	-6.8493	158.2120
14:50:18	69.5689	-6.5024	158.5013
14:50:23	69.2654	-6.1647	158.7814
14:50:28	68.9613	-5.8357	159.0439
14:50:33	68.6567	-5.5151	159.2941
14:50:38	68.3515	-5.2026	159.5357
14:50:43	68.0459	-4.8977	159.7829
14:50:48	67.7397	-4.6003	160.0232
14:50:53	67.4331	-4.3100	160.2558
14:50:58	67.1260	-4.0265	160.4822
14:51:03	66.8185	-3.7496	160.7015
14:51:08	66.5106	-3.4790	160.9151
14:51:13	66.2022	-3.2146	161.1218
14:51:18	65.8935	-2.9560	161.3234
14:51:23	65.5844	-2.7031	161.5190
14:51:28	65.2750	-2.4556	161.7071
14:51:33	64.9652	-2.2133	161.8794
14:51:38	64.6550	-1.9761	162.0465
14:51:43	64.3445	-1.7438	162.2140
14:51:48	64.0338	-1.5162	162.3845
14:51:53	63.7227	-1.2932	162.5505
14:51:58	63.4113	-1.0745	162.7121
14:52:03	63.0997	-0.8601	162.8691
14:52:08	62.7877	-0.6497	163.0221
14:52:13	62.4755	-0.4434	163.1717
14:52:18	62.1631	-0.2409	163.3172
14:52:23	61.8504	-0.0420	163.4588
14:52:28	61.5374	0.1532	163.5968
14:52:33	61.2242	0.3449	163.7240
14:52:38	60.9108	0.5333	163.8432
14:52:43	60.5972	0.7185	163.9590
14:52:48	60.2834	0.9005	164.0820
14:52:53	59.9693	1.0794	164.2045
14:52:58	59.6550	1.2554	164.3233
14:53:03	59.3406	1.4285	164.4394
14:53:08	59.0259	1.5988	164.5528
14:53:13	58.7111	1.7665	164.6634
14:53:18	58.3961	1.9314	164.7719
14:53:23	58.0809	2.0939	164.8771
14:53:28	57.7655	2.2539	164.9803
14:53:33	57.4500	2.4114	165.0808
14:53:38	57.1343	2.5667	165.1671
14:53:43	56.8184	2.7196	165.2518
14:53:48	56.5024	2.8704	165.3374
14:53:53	56.1862	3.0190	165.4292
14:53:58	55.8699	3.1656	165.5190
14:54:03	55.5535	3.3101	165.6071
14:54:08	55.2368	3.4527	165.6929
14:54:13	54.9201	3.5933	165.7767
14:54:18	54.6032	3.7321	165.8589
14:54:23	54.2862	3.8691	165.9393
14:54:28	53.9691	4.0043	166.0174
14:54:33	53.6518	4.1377	166.0942
14:54:38	53.3344	4.2695	166.1637
14:54:43	53.0169	4.3997	166.2265
14:54:48	52.6993	4.5283	166.2873
14:54:53	52.3815	4.6553	166.3551
14:54:58	52.0637	4.7808	166.4240
14:55:03	51.7457	4.9049	166.4916
14:55:08	51.4276	5.0275	166.5581
14:55:13	51.1094	5.1487	166.6225
14:55:18	50.7911	5.2685	166.6856
14:55:23	50.4727	5.3870	166.7476
14:55:28	50.1542	5.5042	166.8082
14:55:33	49.8357	5.6201	166.8682
14:55:38	49.5170	5.7348	166.9262
14:55:43	49.1982	5.8483	166.9734
14:55:48	48.8793	5.9606	167.0192
14:55:53	48.5603	6.0717	167.0658
14:55:58	48.2413	6.1818	167.1187
14:56:03	47.9221	6.2907	167.1714
14:56:08	47.6029	6.3986	167.2237
14:56:13	47.2835	6.5054	167.2740
14:56:18	46.9641	6.6111	167.3234
14:56:23	46.6446	6.7159	167.3717
14:56:28	46.3251	6.8197	167.4192
14:56:33	46.0054	6.9225	167.4660
14:56:38	45.6857	7.0244	167.5121
14:56:43	45.3659	7.1254	167.5527
14:56:48	45.0460	7.2255	167.5869
14:56:53	44.7260	7.3247	167.6200
14:56:58	44.4060	7.4230	167.6588
14:57:03	44.0859	7.5205	167.7001
14:57:08	43.7657	7.6172	167.7404
14:57:13	43.4455	7.7131	167.7803
14:57:18	43.1252	7.8082	167.8197
14:57:23	42.8048	7.9025	167.8580
14:57:28	42.4843	7.9961	167.8955
14:57:33	42.1638	8.0890	167.9325
14:57:38	41.8432	8.1811	167.9683
14:57:43	41.5226	8.2725	168.0034
14:57:48	41.2019	8.3632	168.0305
14:57:53	40.8811	8.4532	168.0554
14:57:58	40.5603	8.5426	168.0803
14:58:03	40.2394	8.6314	168.1137
14:58:08	39.9185	8.7195	168.1461
14:58:13	39.5975	8.8069	168.1774
14:58:18	39.2764	8.8938	168.2086
14:58:23	38.9553	8.9801	168.2390
14:58:28	38.6341	9.0657	168.2685
14:58:33	38.3129	9.1508	168.2980
14:58:38	37.9916	9.2354	168.3267
14:58:43	37.6702	9.3194	168.3544
14:58:48	37.3488	9.4028	168.3797
14:58:53	37.0274	9.4857	168.3990
14:58:58	36.7059	9.5681	168.4169
14:59:03	36.3843	9.6500	168.4393
14:59:08	36.0627	9.7314	168.4648
14:59:13	35.7411	9.8123	168.4896
14:59:18	35.4194	9.8927	168.5147
14:59:23	35.0976	9.9726	168.5385
16:19:46	79.9129	-8.3275	135.7839
16:19:51	79.6772	-7.0601	136.9797
16:19:56	79.4370	-5.8483	138.1195
16:20:01	79.1926	-4.6892	139.2130
16:20:06	78.9441	-3.5803	140.2632
16:20:11	78.6919	-2.5189	141.2670
16:20:16	78.4363	-1.5027	142.2255
16:20:21	78.1774	-0.5292	143.1414
16:20:26	77.9154	0.4039	144.0167
16:20:31	77.6506	1.2986	144.8537
16:20:36	77.3831	2.1570	145.6541
16:20:41	77.1131	2.9811	146.4199
16:20:46	76.8408	3.7726	147.1541
16:20:51	76.5662	4.5332	147.8490
16:20:56	76.2895	5.2647	148.5092
16:21:01	76.0109	5.9686	149.1411
16:21:06	75.7305	6.6462	149.7590
16:21:11	75.4483	7.2990	150.3543
16:21:16	75.1644	7.9282	150.9256
16:21:21	74.8791	8.5350	151.4748
16:21:26	74.5922	9.1206	152.0025
16:21:31	74.3040	9.6860	152.5100
16:21:36	74.0145	10.2322	152.9987
16:21:41	73.7237	10.7601	153.4693
16:21:46	73.4317	11.2707	153.9221
16:21:51	73.1387	11.7648	154.3584
16:21:56	72.8445	12.2432	154.7657
16:22:01	72.5494	12.7066	155.1577
16:22:06	72.2533	13.1557	155.5399
16:22:11	71.9563	13.5912	155.9177
16:22:16	71.6584	14.0138	156.2823
16:22:21	71.3597	14.4239	156.6350
16:22:26	71.0602	14.8222	156.9760
16:22:31	70.7600	15.2091	157.3052
16:22:36	70.4591	15.5852	157.6235
16:22:41	70.1574	15.9509	157.9318
16:22:46	69.8551	16.3068	158.2303
16:22:51	69.5522	16.6531	158.5190
16:22:56	69.2487	16.9903	158.7928
16:23:01	68.9446	17.3188	159.0508
16:23:06	68.6399	17.6390	159.3003
16:23:11	68.3347	17.9511	159.5512
16:23:16	68.0290	18.2555	159.7984
16:23:21	67.7229	18.5526	160.0379
16:23:26	67.4162	18.8425	160.2709
16:23:31	67.1091	19.1256	160.4963
16:23:36	66.8016	19.4021	160.7155
16:23:41	66.4936	19.6724	160.9281
16:23:46	66.1853	19.9365	161.1351
16:23:51	65.8765	20.1947	161.3359
16:23:56	65.5674	20.4474	161.5314
16:24:01	65.2580	20.6946	161.7097
16:24:06	64.9481	20.9365	161.8817
16:24:11	64.6380	21.1734	162.0508
16:24:16	64.3275	21.4055	162.2256
16:24:21	64.0167	21.6328	162.3955
16:24:26	63.7056	21.8557	162.5611
16:24:31	63.3942	22.0741	162.7226
16:24:36	63.0826	22.2883	162.8795
16:24:41	62.7706	22.4984	163.0324
16:24:46	62.4584	22.7045	163.1814
16:24:51	62.1460	22.9068	163.3266
16:24:56	61.8332	23.1054	163.4680
16:25:01	61.5203	23.3005	163.6020
16:25:06	61.2071	23.4920	163.7238
16:25:11	60.8937	23.6802	163.8432
16:25:16	60.5800	23.8652	163.9659
16:25:21	60.2662	24.0471	164.0912
16:25:26	59.9521	24.2258	164.2124
16:25:31	59.6378	24.4017	164.3320
16:25:36	59.3234	24.5746	164.4473
16:25:41	59.0087	24.7448	164.5607
16:25:46	58.6939	24.9122	164.6714
17:52:18	79.9559	14.5676	135.5488
17:52:23	79.7212	15.8456	136.7687
17:52:28	79.4818	17.0675	137.9323
17:52:33	79.2381	18.2361	139.0355
17:52:38	78.9904	19.3541	140.0817
17:52:43	78.7389	20.4240	141.0793
17:52:48	78.4838	21.4484	142.0443
17:52:53	78.2255	22.4297	142.9679
17:52:58	77.9641	23.3700	143.8504
17:53:03	77.6998	24.2717	144.6944
17:53:07	77.4784	24.9921	281.0841
22:24:11	73.4892	-29.5927	26.1588
22:24:16	73.7809	-29.0788	26.6157
22:24:21	74.0714	-28.5474	27.0891
22:24:26	74.3607	-27.9975	27.5812
22:24:31	74.6487	-27.4283	28.0930
22:24:36	74.9352	-26.8386	28.6248
22:24:41	75.2203	-26.2275	29.1779
22:24:46	75.5038	-25.5938	29.7540
22:24:51	75.7857	-24.9363	30.3539
22:24:56	76.0658	-24.2536	30.9680
22:25:01	76.3440	-23.5444	31.6054
22:25:06	76.6202	-22.8073	32.2725
22:25:11	76.8944	-22.0407	32.9811
22:25:16	77.1663	-21.2430	33.7206
22:25:21	77.4358	-20.4123	34.4933
22:25:26	77.7028	-19.5470	35.3010
22:25:31	77.9671	-18.6449	36.1458
22:25:36	78.2284	-17.7041	37.0282
22:25:41	78.4867	-16.7224	37.9523
22:25:46	78.7417	-15.6975	38.9189
22:25:51	78.9932	-14.6270	39.9316
22:25:56	79.2409	-13.5084	40.9895
22:26:01	79.4845	-12.3392	42.0865
22:26:06	79.7238	-11.1166	43.2375
22:26:11	79.9585	-9.8380	44.4521
23:46:34	35.1928	-28.3709	11.4664
23:46:39	35.5145	-28.2908	11.4911
23:46:44	35.8361	-28.2103	11.5155
23:46:49	36.1577	-28.1293	11.5393
23:46:54	36.4792	-28.0477	11.5571
23:46:59	36.8007	-27.9657	11.5748
23:47:04	37.1221	-27.8832	11.5972
23:47:09	37.4434	-27.8001	11.6242
23:47:14	37.7648	-27.7165	11.6514
23:47:19	38.0860	-27.6324	11.6799
23:47:24	38.4072	-27.5477	11.7086
23:47:29	38.7284	-27.4625	11.7381
23:47:34	39.0495	-27.3766	11.7676
23:47:39	39.3705	-27.2902	11.7985
23:47:44	39.6915	-27.2032	11.8298
23:47:49	40.0125	-27.1155	11.8612
23:47:54	40.3333	-27.0273	11.8876
23:47:59	40.6541	-26.9384	11.9117
23:48:04	40.9749	-26.8488	11.9364
23:48:09	41.2956	-26.7586	11.9694
23:48:14	41.6162	-26.6677	12.0041
23:48:19	41.9368	-26.5761	12.0397
23:48:24	42.2573	-26.4838	12.0760
23:48:29	42.5777	-26.3907	12.1136
23:48:34	42.8981	-26.2969	12.1510
23:48:39	43.2184	-26.2024	12.1889
23:48:44	43.5386	-26.1071	12.2286
23:48:49	43.8588	-26.0110	12.2689
23:48:54	44.1789	-25.9141	12.3085
23:48:59	44.4989	-25.8163	12.3401
23:49:04	44.8189	-25.7177	12.3730
23:49:09	45.1388	-25.6183	12.4099
23:49:14	45.4586	-25.5180	12.4541
23:49:19	45.7783	-25.4168	12.4988
23:49:24	46.0980	-25.3146	12.5445
23:49:29	46.4175	-25.2115	12.5915
23:49:34	46.7370	-25.1075	12.6393
23:49:39	47.0564	-25.0024	12.6888
23:49:44	47.3758	-24.8964	12.7376
23:49:49	47.6950	-24.7893	12.7887
23:49:54	48.0142	-24.6812	12.8410
23:49:59	48.3333	-24.5719	12.8884
23:50:04	48.6522	-24.4616	12.9318
23:50:09	48.9711	-24.3501	12.9760
23:50:14	49.2899	-24.2375	13.0302
23:50:19	49.6087	-24.1237	13.0876
23:50:24	49.9273	-24.0087	13.1466
23:50:29	50.2458	-23.8924	13.2061
23:50:34	50.5642	-23.7748	13.2670
23:50:39	50.8825	-23.6560	13.3294
23:50:44	51.2007	-23.5358	13.3932
23:50:49	51.5189	-23.4142	13.4584
23:50:54	51.8369	-23.2912	13.5249
23:50:59	52.1548	-23.1667	13.5926
23:51:04	52.4725	-23.0408	13.6514
23:51:09	52.7902	-22.9133	13.7106
23:51:14	53.1078	-22.7843	13.7750
23:51:19	53.4252	-22.6537	13.8489
23:51:24	53.7425	-22.5215	13.9247
23:51:29	54.0597	-22.3875	14.0015
23:51:34	54.3767	-22.2519	14.0804
23:51:39	54.6937	-22.1144	14.1612
23:51:44	55.0105	-21.9751	14.2441
23:51:49	55.3271	-21.8339	14.3290
23:51:54	55.6437	-21.6908	14.4149
23:51:59	55.9600	-21.5458	14.5035
23:52:04	56.2763	-21.3986	14.5888
23:52:09	56.5924	-21.2494	14.6696
23:52:14	56.9083	-21.0980	14.7520
23:52:19	57.2241	-20.9444	14.8451
23:52:24	57.5397	-20.7886	14.9446
23:52:29	57.8551	-20.6303	15.0461
23:52:34	58.1704	-20.4697	15.1494
23:52:39	58.4855	-20.3065	15.2557
23:52:44	58.8005	-20.1408	15.3642
23:52:49	59.1152	-19.9725	15.4759
23:52:54	59.4298	-19.8014	15.5898
23:52:59	59.7441	-19.6275	15.7066
23:53:04	60.0583	-19.4507	15.8269
23:53:09	60.3723	-19.2709	15.9384
23:53:14	60.6860	-19.0881	16.0523
23:53:19	60.9995	-18.9020	16.1707
23:53:24	61.3129	-18.7127	16.3027
23:53:29	61.6260	-18.5200	16.4387
23:53:34	61.9388	-18.3238	16.5780
23:53:39	62.2514	-18.1239	16.7208
23:53:44	62.5638	-17.9204	16.8667
23:53:49	62.8758	-17.7129	17.0172
23:53:54	63.1877	-17.5015	17.1719
23:53:59	63.4992	-17.2859	17.3304
23:54:04	63.8105	-17.0660	17.4924
23:54:09	64.1214	-16.8417	17.6557
23:54:14	64.4321	-16.6128	17.8148
23:54:19	64.7425	-16.3791	17.9783
23:54:24	65.0525	-16.1406	18.1544
23:54:29	65.3622	-15.8969	18.3409
23:54:34	65.6715	-15.6479	18.5327
23:54:39	65.9804	-15.3934	18.7297
23:54:44	66.2890	-15.1332	18.9324
23:54:49	66.5972	-14.8671	19.1411
23:54:54	66.9050	-14.5948	19.3565
23:54:59	67.2124	-14.3161	19.5776
23:55:04	67.5193	-14.0308	19.8051
23:55:09	67.8258	-13.7385	20.0405
23:55:14	68.1318	-13.4390	20.2720
23:55:19	68.4373	-13.1321	20.5085
23:55:24	68.7423	-12.8173	20.7538
23:55:29	69.0467	-12.4944	21.0192
23:55:34	69.3506	-12.1630	21.2927
23:55:39	69.6539	-11.8228	21.5752
23:55:44	69.9566	-11.4734	21.8673
23:55:49	70.2587	-11.1143	22.1688
23:55:54	70.5601	-10.7451	22.4806
23:55:59	70.8608	-10.3654	22.8024
23:56:04	71.1608	-9.9748	23.1355
23:56:09	71.4600	-9.5726	23.4804
23:56:14	71.7584	-9.1584	23.8338
23:56:19	72.0560	-8.7316	24.1898
23:56:24	72.3527	-8.2916	24.5585
23:56:29	72.6484	-7.8378	24.9481
23:56:34	72.9432	-7.3695	25.3586
23:56:39	73.2370	-6.8859	25.7843
23:56:44	73.5297	-6.3864	26.2269
23:56:49	73.8212	-5.8701	26.6852
23:56:54	74.1116	-5.3362	27.1615
23:56:59	74.4007	-4.7837	27.6558
23:57:04	74.6885	-4.2116	28.1704
23:57:09	74.9748	-3.6191	28.7051
23:57:14	75.2597	-3.0049	29.2614
23:57:19	75.5430	-2.3680	29.8317
23:57:24	75.8246	-1.7070	30.4206
23:57:29	76.1044	-1.0208	31.0359
23:57:34	76.3824	-0.3079	31.6903
23:57:39	76.6583	0.4332	32.3736
23:57:44	76.9322	1.2040	33.0866
23:57:49	77.2038	2.0062	33.8311
23:57:54	77.4729	2.8415	34.6082
23:57:59	77.7396	3.7119	35.4210
23:58:04	78.0034	4.6192	36.2704
23:58:09	78.2644	5.5655	37.1590
23:58:14	78.5222	6.5530	38.0886
23:58:19	78.7767	7.5841	39.0599
23:58:24	79.0277	8.6611	40.0652
23:58:29	79.2748	9.7865	41.1196
23:58:34	79.5179	10.9630	42.2295
23:58:39	79.7566	12.1931	43.4015
23:58:44	79.9906	13.4796	44.6316
23:59:59	-999.00	-999.00	-999.00
