2024/11/24 EARTHCARE
GMT	SUBLAT[N+]	SUBLON[W+]	HEADING
00:15:13	35.0000	-21.2111	11.4406
00:15:18	35.3218	-21.1313	11.4561
00:15:23	35.6435	-21.0511	11.4776
00:15:28	35.9651	-20.9704	11.5018
00:15:33	36.2868	-20.8893	11.5273
00:15:38	36.6083	-20.8076	11.5538
00:15:43	36.9298	-20.7254	11.5795
00:15:48	37.2513	-20.6427	11.6062
00:15:53	37.5727	-20.5595	11.6342
00:15:58	37.8941	-20.4758	11.6616
00:16:03	38.2154	-20.3915	11.6903
00:16:08	38.5366	-20.3066	11.7193
00:16:13	38.8578	-20.2212	11.7419
00:16:18	39.1790	-20.1352	11.7634
00:16:23	39.5001	-20.0486	11.7853
00:16:28	39.8211	-19.9613	11.8169
00:16:33	40.1421	-19.8735	11.8487
00:16:38	40.4630	-19.7851	11.8813
00:16:43	40.7839	-19.6960	11.9140
00:16:48	41.1047	-19.6062	11.9481
00:16:53	41.4254	-19.5158	11.9825
00:16:58	41.7461	-19.4246	12.0175
00:17:03	42.0667	-19.3328	12.0532
00:17:08	42.3872	-19.2403	12.0902
00:17:13	42.7077	-19.1470	12.1256
00:17:18	43.0281	-19.0530	12.1539
00:17:23	43.3485	-18.9582	12.1832
00:17:28	43.6687	-18.8626	12.2180
00:17:33	43.9889	-18.7662	12.2577
00:17:38	44.3091	-18.6691	12.2985
00:17:43	44.6291	-18.5711	12.3404
00:17:48	44.9491	-18.4722	12.3838
00:17:53	45.2691	-18.3725	12.4269
00:17:58	45.5889	-18.2719	12.4715
00:18:03	45.9087	-18.1703	12.5162
00:18:08	46.2284	-18.0679	12.5630
00:18:13	46.5480	-17.9645	12.6098
00:18:18	46.8675	-17.8601	12.6514
00:18:23	47.1870	-17.7547	12.6906
00:18:28	47.5063	-17.6483	12.7300
00:18:33	47.8256	-17.5409	12.7807
00:18:38	48.1448	-17.4324	12.8335
00:18:43	48.4639	-17.3228	12.8864
00:18:48	48.7829	-17.2121	12.9410
00:18:53	49.1019	-17.1002	12.9959
00:18:58	49.4207	-16.9872	13.0529
00:19:03	49.7394	-16.8730	13.1107
00:19:08	50.0581	-16.7575	13.1695
00:19:13	50.3766	-16.6408	13.2301
00:19:18	50.6951	-16.5228	13.2898
00:19:23	51.0134	-16.4034	13.3419
00:19:28	51.3317	-16.2827	13.3953
00:19:33	51.6498	-16.1607	13.4548
00:19:38	51.9678	-16.0372	13.5214
00:19:43	52.2858	-15.9122	13.5899
00:19:48	52.6036	-15.7858	13.6594
00:19:53	52.9213	-15.6578	13.7314
00:19:58	53.2388	-15.5282	13.8040
00:20:03	53.5563	-15.3970	13.8787
00:20:08	53.8736	-15.2642	13.9547
00:20:13	54.1908	-15.1296	14.0330
00:20:18	54.5079	-14.9933	14.1126
00:20:23	54.8249	-14.8552	14.1871
00:20:28	55.1417	-14.7152	14.2595
00:20:33	55.4584	-14.5734	14.3326
00:20:38	55.7749	-14.4296	14.4184
00:20:43	56.0913	-14.2838	14.5072
00:20:48	56.4075	-14.1359	14.5984
00:20:53	56.7236	-13.9859	14.6911
00:20:58	57.0396	-13.8337	14.7865
00:21:03	57.3554	-13.6793	14.8842
00:21:08	57.6710	-13.5226	14.9844
00:21:13	57.9864	-13.3635	15.0867
00:21:18	58.3017	-13.2019	15.1913
00:21:23	58.6168	-13.0378	15.2980
00:21:28	58.9318	-12.8711	15.3958
00:21:33	59.2465	-12.7018	15.4963
00:21:38	59.5611	-12.5297	15.6030
00:21:43	59.8754	-12.3547	15.7205
00:21:48	60.1896	-12.1768	15.8416
00:21:53	60.5035	-11.9959	15.9654
00:21:58	60.8173	-11.8119	16.0928
00:22:03	61.1308	-11.6247	16.2230
00:22:08	61.4441	-11.4341	16.3562
00:22:13	61.7571	-11.2400	16.4932
00:22:18	62.0700	-11.0425	16.6340
00:22:23	62.3825	-10.8412	16.7776
00:22:28	62.6949	-10.6362	16.9202
00:22:33	63.0069	-10.4272	17.0590
00:22:38	63.3187	-10.2142	17.2023
00:22:43	63.6302	-9.9970	17.3595
00:22:48	63.9414	-9.7755	17.5234
00:22:53	64.2524	-9.5495	17.6923
00:22:58	64.5630	-9.3188	17.8659
00:23:03	64.8733	-9.0833	18.0441
00:23:08	65.1832	-8.8428	18.2272
00:23:13	65.4928	-8.5971	18.4157
00:23:18	65.8021	-8.3460	18.6094
00:23:23	66.1110	-8.0893	18.8087
00:23:28	66.4195	-7.8268	19.0141
00:23:33	66.7276	-7.5583	19.2132
00:23:38	67.0353	-7.2836	19.4179
00:23:43	67.3426	-7.0023	19.6315
00:23:48	67.6494	-6.7143	19.8617
00:23:53	67.9558	-6.4193	20.0995
00:23:58	68.2616	-6.1169	20.3446
00:24:03	68.5670	-5.8070	20.5971
00:24:08	68.8719	-5.4890	20.8574
00:24:13	69.1762	-5.1628	21.1263
00:24:18	69.4799	-4.8280	21.4033
00:24:23	69.7831	-4.4842	21.6897
01:47:46	35.0000	1.9252	11.4399
01:47:51	35.3218	2.0049	11.4561
01:47:56	35.6435	2.0851	11.4769
01:48:01	35.9651	2.1658	11.5018
01:48:06	36.2868	2.2470	11.5273
01:48:11	36.6083	2.3286	11.5532
01:48:16	36.9298	2.4108	11.5802
01:48:21	37.2513	2.4935	11.6069
01:48:26	37.5727	2.5767	11.6342
01:48:31	37.8941	2.6605	11.6616
01:48:36	38.2154	2.7448	11.6903
01:48:41	38.5366	2.8296	11.7193
01:48:46	38.8578	2.9151	11.7426
01:48:51	39.1790	3.0011	11.7627
01:48:56	39.5001	3.0877	11.7853
01:49:01	39.8211	3.1749	11.8169
01:49:06	40.1421	3.2627	11.8487
01:49:11	40.4630	3.3512	11.8813
01:49:16	40.7839	3.4403	11.9146
01:49:21	41.1047	3.5301	11.9481
01:49:26	41.4254	3.6205	11.9825
01:49:31	41.7461	3.7116	12.0182
01:49:36	42.0667	3.8034	12.0539
01:49:41	42.3872	3.8960	12.0902
01:49:46	42.7077	3.9893	12.1250
01:49:51	43.0281	4.0833	12.1539
01:49:56	43.3485	4.1781	12.1832
01:50:01	43.6687	4.2736	12.2174
01:50:06	43.9889	4.3700	12.2577
01:50:11	44.3091	4.4672	12.2985
01:50:16	44.6291	4.5652	12.3410
01:50:21	44.9491	4.6640	12.3832
01:50:26	45.2691	4.7638	12.4269
01:50:31	45.5889	4.8644	12.4715
01:50:36	45.9087	4.9659	12.5168
01:50:41	46.2284	5.0684	12.5630
01:50:46	46.5480	5.1718	12.6104
01:50:51	46.8675	5.2762	12.6520
01:50:56	47.1870	5.3816	12.6900
01:51:01	47.5063	5.4880	12.7300
01:51:06	47.8256	5.5954	12.7812
01:51:11	48.1448	5.7039	12.8335
01:51:16	48.4639	5.8135	12.8859
01:51:21	48.7829	5.9242	12.9404
01:51:26	49.1019	6.0360	12.9959
01:51:31	49.4207	6.1491	13.0529
01:51:36	49.7394	6.2633	13.1107
01:51:41	50.0581	6.3788	13.1695
01:51:46	50.3766	6.4955	13.2301
01:51:51	50.6951	6.6135	13.2904
01:51:56	51.0134	6.7328	13.3425
01:52:01	51.3317	6.8535	13.3959
01:52:06	51.6498	6.9756	13.4548
01:52:11	51.9678	7.0991	13.5214
01:52:16	52.2858	7.2240	13.5899
01:52:21	52.6036	7.3505	13.6594
01:52:26	52.9213	7.4785	13.7309
01:52:31	53.2388	7.6080	13.8045
01:52:36	53.5563	7.7392	13.8787
01:52:41	53.8736	7.8721	13.9547
01:52:46	54.1908	8.0066	14.0330
01:52:51	54.5079	8.1429	14.1126
01:52:56	54.8249	8.2811	14.1871
01:53:01	55.1417	8.4210	14.2590
01:53:06	55.4584	8.5629	14.3326
01:53:11	55.7749	8.7067	14.4180
01:53:16	56.0913	8.8525	14.5072
01:53:21	56.4075	9.0004	14.5984
01:53:26	56.7236	9.1503	14.6911
01:53:31	57.0396	9.3025	14.7867
01:53:36	57.3554	9.4569	14.8842
01:53:41	57.6710	9.6137	14.9844
01:53:46	57.9864	9.7728	15.0867
01:53:51	58.3017	9.9343	15.1909
01:53:56	58.6168	10.0984	15.2980
01:54:01	58.9318	10.2651	15.3958
01:54:06	59.2465	10.4345	15.4959
01:54:11	59.5611	10.6066	15.6030
01:54:16	59.8754	10.7815	15.7209
01:54:21	60.1896	10.9594	15.8416
01:54:26	60.5035	11.1403	15.9654
01:54:31	60.8173	11.3243	16.0924
01:54:36	61.1308	11.5116	16.2230
01:54:41	61.4441	11.7022	16.3562
01:54:46	61.7571	11.8962	16.4936
01:54:51	62.0700	12.0938	16.6340
01:54:56	62.3825	12.2950	16.7780
01:55:01	62.6949	12.5000	16.9202
01:55:06	63.0069	12.7090	17.0594
01:55:11	63.3187	12.9220	17.2023
01:55:16	63.6302	13.1392	17.3591
01:55:21	63.9414	13.3607	17.5234
01:55:26	64.2524	13.5867	17.6926
01:55:31	64.5630	13.8174	17.8659
01:55:36	64.8733	14.0529	18.0441
01:55:41	65.1832	14.2935	18.2276
01:55:46	65.4928	14.5392	18.4157
01:55:51	65.8021	14.7903	18.6097
01:55:56	66.1110	15.0469	18.8090
01:56:01	66.4195	15.3094	19.0141
01:56:06	66.7276	15.5779	19.2132
01:56:11	67.0353	15.8527	19.4179
01:56:16	67.3426	16.1339	19.6315
01:56:21	67.6494	16.4219	19.8620
01:56:26	67.9558	16.7170	20.0998
01:56:31	68.2616	17.0193	20.3446
01:56:36	68.5670	17.3293	20.5971
01:56:41	68.8719	17.6472	20.8574
01:56:46	69.1762	17.9734	21.1263
01:56:51	69.4799	18.3082	21.4033
01:56:56	69.7831	18.6521	21.6897
12:56:15	63.5005	-29.9998	162.6854
12:56:20	63.1889	-29.7844	162.8315
12:56:25	62.8770	-29.5731	162.9841
12:56:30	62.5648	-29.3658	163.1341
12:56:35	62.2524	-29.1624	163.2804
12:56:40	61.9397	-28.9627	163.4232
12:56:45	61.6268	-28.7666	163.5624
12:56:50	61.3136	-28.5740	163.6974
12:56:55	61.0002	-28.3848	163.8294
12:57:00	60.6866	-28.1989	163.9584
12:57:05	60.3728	-28.0162	164.0842
12:57:10	60.0587	-27.8366	164.2067
12:57:15	59.7445	-27.6599	164.3139
12:57:20	59.4300	-27.4862	164.4188
12:57:25	59.1154	-27.3152	164.5248
12:57:30	58.8006	-27.1470	164.6353
12:57:35	58.4856	-26.9814	164.7448
12:57:40	58.1704	-26.8184	164.8503
12:57:45	57.8550	-26.6578	164.9548
12:57:50	57.5395	-26.4997	165.0560
12:57:55	57.2238	-26.3440	165.1544
12:58:00	56.9080	-26.1905	165.2511
12:58:05	56.5920	-26.0392	165.3459
12:58:10	56.2758	-25.8901	165.4383
12:58:15	55.9595	-25.7431	165.5226
12:58:20	55.6430	-25.5982	165.5994
12:58:25	55.3265	-25.4552	165.6735
12:58:30	55.0097	-25.3141	165.7556
12:58:35	54.6928	-25.1749	165.8381
12:58:40	54.3758	-25.0376	165.9189
12:58:45	54.0587	-24.9020	165.9976
12:58:50	53.7415	-24.7682	166.0751
12:58:55	53.4241	-24.6360	166.1506
12:59:00	53.1066	-24.5055	166.2246
12:59:05	52.7889	-24.3766	166.2969
12:59:10	52.4712	-24.2492	166.3680
12:59:15	52.1533	-24.1234	166.4369
12:59:20	51.8354	-23.9991	166.4948
12:59:25	51.5173	-23.8762	166.5496
12:59:30	51.1991	-23.7547	166.6065
12:59:35	50.8808	-23.6346	166.6699
12:59:40	50.5624	-23.5158	166.7325
12:59:45	50.2440	-23.3983	166.7934
12:59:50	49.9254	-23.2821	166.8533
12:59:55	49.6067	-23.1672	166.9119
13:00:00	49.2879	-23.0535	166.9693
13:00:05	48.9690	-22.9409	167.0254
13:00:10	48.6501	-22.8296	167.0806
13:00:15	48.3310	-22.7193	167.1344
13:00:20	48.0119	-22.6102	167.1831
13:00:25	47.6926	-22.5021	167.2245
13:00:30	47.3733	-22.3951	167.2644
13:00:35	47.0539	-22.2892	167.3112
13:00:40	46.7344	-22.1842	167.3600
13:00:45	46.4149	-22.0802	167.4081
13:00:50	46.0952	-21.9772	167.4545
13:00:55	45.7755	-21.8751	167.5007
13:01:00	45.4557	-21.7740	167.5454
13:01:05	45.1358	-21.6738	167.5895
13:01:10	44.8159	-21.5744	167.6330
13:01:15	44.4958	-21.4759	167.6753
13:01:20	44.1757	-21.3782	167.7163
13:01:25	43.8556	-21.2814	167.7494
13:01:30	43.5353	-21.1854	167.7795
13:01:35	43.2150	-21.0901	167.8104
13:01:40	42.8946	-20.9957	167.8488
13:01:45	42.5742	-20.9020	167.8868
13:01:50	42.2537	-20.8090	167.9233
13:01:55	41.9331	-20.7167	167.9601
13:02:00	41.6125	-20.6252	167.9955
13:02:05	41.2918	-20.5344	168.0300
13:02:10	40.9710	-20.4442	168.0645
13:02:15	40.6502	-20.3547	168.0983
13:02:20	40.3293	-20.2659	168.1306
13:02:25	40.0084	-20.1777	168.1608
13:02:30	39.6874	-20.0901	168.1827
13:02:35	39.3663	-20.0032	168.2050
13:02:40	39.0452	-19.9168	168.2325
13:02:45	38.7241	-19.8310	168.2615
13:02:50	38.4028	-19.7459	168.2916
13:02:55	38.0816	-19.6612	168.3206
13:03:00	37.7602	-19.5772	168.3487
13:03:05	37.4388	-19.4936	168.3764
13:03:10	37.1174	-19.4106	168.4036
13:03:15	36.7959	-19.3282	168.4297
13:03:20	36.4744	-19.2462	168.4562
13:03:25	36.1528	-19.1647	168.4821
13:03:30	35.8312	-19.0838	168.5006
13:03:35	35.5095	-19.0033	168.5177
13:03:40	35.1877	-18.9233	168.5334
14:27:03	69.9395	-12.6489	158.1585
14:27:08	69.6367	-12.3002	158.4495
14:27:13	69.3333	-11.9608	158.7316
14:27:18	69.0293	-11.6302	159.0047
14:27:23	68.7247	-11.3080	159.2697
14:27:28	68.4196	-10.9940	159.5261
14:27:33	68.1139	-10.6877	159.7746
14:27:38	67.8078	-10.3889	160.0027
14:27:43	67.5012	-10.0973	160.2242
14:27:48	67.1942	-9.8126	160.4424
14:27:53	66.8867	-9.5345	160.6632
14:27:58	66.5788	-9.2628	160.8775
14:28:03	66.2705	-8.9973	161.0857
14:28:08	65.9618	-8.7376	161.2882
14:28:13	65.6528	-8.4837	161.4848
14:28:18	65.3433	-8.2352	161.6760
14:28:23	65.0335	-7.9920	161.8621
14:28:28	64.7234	-7.7540	162.0428
14:28:33	64.4130	-7.5208	162.2189
14:28:38	64.1022	-7.2924	162.3841
14:28:43	63.7911	-7.0686	162.5376
14:28:48	63.4798	-6.8491	162.6873
14:28:53	63.1681	-6.6340	162.8422
14:28:58	62.8562	-6.4230	162.9965
14:29:03	62.5440	-6.2159	163.1458
14:29:08	62.2316	-6.0127	163.2925
14:29:13	61.9189	-5.8133	163.4346
14:29:18	61.6060	-5.6174	163.5736
14:29:23	61.2928	-5.4251	163.7088
14:29:28	60.9794	-5.2361	163.8404
14:29:33	60.6657	-5.0504	163.9694
14:29:38	60.3519	-4.8679	164.0945
14:29:43	60.0378	-4.6885	164.2059
14:29:48	59.7236	-4.5121	164.3129
14:29:53	59.4091	-4.3385	164.4203
14:29:58	59.0945	-4.1677	164.5343
14:30:03	58.7797	-3.9997	164.6452
14:30:08	58.4646	-3.8342	164.7535
14:30:13	58.1494	-3.6714	164.8595
14:30:18	57.8341	-3.5110	164.9636
14:30:23	57.5185	-3.3531	165.0649
14:30:28	57.2028	-3.1974	165.1629
14:30:33	56.8870	-3.0441	165.2594
14:30:38	56.5710	-2.8930	165.3542
14:30:43	56.2548	-2.7441	165.4420
14:30:48	55.9385	-2.5972	165.5203
14:30:53	55.6220	-2.4524	165.5963
14:30:58	55.3054	-2.3095	165.6792
14:31:03	54.9887	-2.1686	165.7630
14:31:08	54.6718	-2.0295	165.8457
14:31:13	54.3548	-1.8923	165.9263
14:31:18	54.0376	-1.7568	166.0049
14:31:23	53.7204	-1.6231	166.0824
14:31:28	53.4030	-1.4910	166.1576
14:31:33	53.0855	-1.3606	166.2313
14:31:38	52.7678	-1.2318	166.3038
14:31:43	52.4501	-1.1046	166.3738
14:31:48	52.1322	-0.9789	166.4345
14:31:53	51.8142	-0.8546	166.4913
14:31:58	51.4962	-0.7318	166.5475
14:32:03	51.1780	-0.6104	166.6125
14:32:08	50.8597	-0.4904	166.6756
14:32:13	50.5413	-0.3717	166.7384
14:32:18	50.2228	-0.2543	166.7995
14:32:23	49.9042	-0.1382	166.8590
14:32:28	49.5855	-0.0234	166.9177
14:32:33	49.2667	0.0903	166.9747
14:32:38	48.9478	0.2027	167.0310
14:32:43	48.6289	0.3140	167.0858
14:32:48	48.3098	0.4242	167.1369
14:32:53	47.9906	0.5333	167.1794
14:32:58	47.6714	0.6412	167.2207
14:33:03	47.3521	0.7482	167.2668
14:33:08	47.0327	0.8541	167.3164
14:33:13	46.7132	0.9590	167.3647
14:33:18	46.3936	1.0629	167.4132
14:33:23	46.0740	1.1658	167.4595
14:33:28	45.7542	1.2679	167.5053
14:33:33	45.4344	1.3689	167.5501
14:33:38	45.1145	1.4691	167.5941
14:33:43	44.7946	1.5684	167.6374
14:33:48	44.4746	1.6669	167.6795
14:33:53	44.1545	1.7645	167.7147
14:33:58	43.8343	1.8612	167.7453
14:34:03	43.5140	1.9572	167.7749
14:34:08	43.1937	2.0524	167.8146
14:34:13	42.8733	2.1468	167.8531
14:34:18	42.5529	2.2405	167.8912
14:34:23	42.2324	2.3334	167.9279
14:34:28	41.9118	2.4256	167.9640
14:34:33	41.5912	2.5171	167.9995
14:34:38	41.2705	2.6079	168.0341
14:34:43	40.9497	2.6980	168.0683
14:34:48	40.6289	2.7874	168.1021
14:34:53	40.3080	2.8762	168.1332
14:34:58	39.9871	2.9644	168.1561
14:35:03	39.6661	3.0519	168.1794
14:35:08	39.3450	3.1388	168.2052
14:35:13	39.0239	3.2252	168.2351
14:35:18	38.7027	3.3109	168.2650
14:35:23	38.3815	3.3960	168.2952
14:35:28	38.0602	3.4806	168.3237
14:35:33	37.7389	3.5647	168.3517
14:35:38	37.4175	3.6482	168.3793
14:35:43	37.0960	3.7311	168.4067
14:35:48	36.7745	3.8136	168.4336
14:35:53	36.4530	3.8955	168.4593
14:35:58	36.1314	3.9769	168.4798
14:36:03	35.8098	4.0578	168.4968
14:36:08	35.4881	4.1383	168.5134
14:36:13	35.1664	4.2183	168.5362
15:59:36	69.9395	10.4874	158.1585
15:59:41	69.6367	10.8360	158.4495
15:59:46	69.3333	11.1755	158.7316
15:59:51	69.0293	11.5061	159.0050
15:59:56	68.7247	11.8282	159.2697
16:00:01	68.4196	12.1423	159.5264
16:00:06	68.1139	12.4485	159.7746
16:00:11	67.8078	12.7473	160.0027
16:00:16	67.5012	13.0389	160.2242
16:00:21	67.1942	13.3236	160.4424
16:00:26	66.8867	13.6017	160.6632
16:00:31	66.5788	13.8734	160.8778
16:00:36	66.2705	14.1390	161.0857
16:00:41	65.9618	14.3986	161.2882
16:00:46	65.6528	14.6526	161.4848
16:00:51	65.3433	14.9010	161.6760
16:00:56	65.0335	15.1442	161.8621
16:01:01	64.7234	15.3823	162.0426
16:01:06	64.4130	15.6154	162.2189
16:01:11	64.1022	15.8439	162.3837
16:01:16	63.7911	16.0677	162.5376
16:01:21	63.4798	16.2871	162.6876
16:01:26	63.1681	16.5023	162.8426
16:01:31	62.8562	16.7133	162.9961
16:01:36	62.5440	16.9203	163.1462
16:01:41	62.2316	17.1235	163.2925
16:01:46	61.9189	17.3230	163.4346
16:01:51	61.6060	17.5188	163.5736
16:01:56	61.2928	17.7112	163.7084
16:02:01	60.9794	17.9001	163.8404
16:02:06	60.6657	18.0858	163.9694
16:02:11	60.3519	18.2683	164.0945
16:02:16	60.0378	18.4477	164.2059
16:02:21	59.7236	18.6242	164.3129
16:02:26	59.4091	18.7978	164.4203
16:02:31	59.0945	18.9685	164.5343
16:02:36	58.7797	19.1366	164.6452
16:02:41	58.4646	19.3020	164.7539
16:02:46	58.1494	19.4649	164.8600
16:02:51	57.8341	19.6252	164.9636
16:02:56	57.5185	19.7832	165.0644
16:03:01	57.2028	19.9388	165.1629
16:03:06	56.8870	20.0921	165.2594
16:03:11	56.5710	20.2432	165.3542
16:03:16	56.2548	20.3922	165.4420
16:03:21	55.9385	20.5391	165.5203
16:03:26	55.6220	20.6839	165.5968
16:03:31	55.3054	20.8267	165.6787
16:03:36	54.9887	20.9677	165.7630
16:03:41	54.6718	21.1067	165.8462
16:03:46	54.3548	21.2440	165.9263
16:03:51	54.0376	21.3794	166.0054
16:03:56	53.7204	21.5132	166.0824
16:04:01	53.4030	21.6452	166.1576
16:04:06	53.0855	21.7756	166.2313
16:04:11	52.7678	21.9044	166.3038
16:04:16	52.4501	22.0317	166.3744
16:04:21	52.1322	22.1574	166.4345
16:04:26	51.8142	22.2816	166.4913
16:04:31	51.4962	22.4044	166.5475
16:04:36	51.1780	22.5258	166.6125
16:04:41	50.8597	22.6458	166.6764
16:04:46	50.5413	22.7645	166.7384
16:04:51	50.2228	22.8819	166.7995
16:04:56	49.9042	22.9980	166.8590
16:05:01	49.5855	23.1129	166.9177
16:05:06	49.2667	23.2265	166.9747
16:05:11	48.9478	23.3390	167.0310
16:05:16	48.6289	23.4503	167.0858
16:05:21	48.3098	23.5605	167.1369
16:05:26	47.9906	23.6695	167.1794
16:05:31	47.6714	23.7775	167.2207
16:05:36	47.3521	23.8844	167.2668
16:05:41	47.0327	23.9903	167.3164
16:05:46	46.7132	24.0952	167.3647
16:05:51	46.3936	24.1991	167.4132
16:05:56	46.0740	24.3021	167.4589
16:06:01	45.7542	24.4041	167.5053
16:06:06	45.4344	24.5052	167.5501
16:06:11	45.1145	24.6054	167.5941
16:06:16	44.7946	24.7047	167.6374
16:06:21	44.4746	24.8031	167.6795
16:06:26	44.1545	24.9007	167.7147
16:06:31	43.8343	24.9975	167.7598
23:27:08	49.4528	-29.9320	13.0617
23:27:13	49.7716	-29.8177	13.1200
23:27:18	50.0902	-29.7021	13.1785
23:27:23	50.4087	-29.5852	13.2336
23:27:28	50.7272	-29.4671	13.2848
23:27:33	51.0455	-29.3476	13.3362
23:27:38	51.3637	-29.2268	13.3982
23:27:43	51.6819	-29.1046	13.4646
23:27:48	51.9999	-28.9810	13.5310
23:27:53	52.3178	-28.8559	13.6001
23:27:58	52.6356	-28.7292	13.6700
23:28:03	52.9533	-28.6011	13.7417
23:28:08	53.2708	-28.4714	13.8150
23:28:13	53.5883	-28.3400	13.8894
23:28:18	53.9056	-28.2070	13.9656
23:28:23	54.2228	-28.0723	14.0440
23:28:28	54.5399	-27.9358	14.1132
23:28:33	54.8568	-27.7975	14.1834
23:28:38	55.1736	-27.6573	14.2577
23:28:43	55.4903	-27.5153	14.3428
23:28:48	55.8068	-27.3713	14.4297
23:28:53	56.1232	-27.2253	14.5194
23:28:58	56.4394	-27.0772	14.6108
23:29:03	56.7555	-26.9270	14.7040
23:29:08	57.0714	-26.7746	14.7996
23:29:13	57.3872	-26.6199	14.8973
23:29:18	57.7028	-26.4630	14.9980
23:29:23	58.0182	-26.3036	15.0999
23:29:28	58.3335	-26.1418	15.2003
23:29:33	58.6486	-25.9774	15.2959
23:29:38	58.9635	-25.8105	15.3940
23:29:43	59.2782	-25.6409	15.5027
23:29:48	59.5927	-25.4685	15.6184
23:29:53	59.9071	-25.2932	15.7362
23:29:58	60.2212	-25.1151	15.8571
23:30:03	60.5352	-24.9338	15.9816
23:30:08	60.8489	-24.7495	16.1088
23:30:13	61.1624	-24.5619	16.2396
23:30:18	61.4756	-24.3710	16.3734
23:30:23	61.7887	-24.1766	16.5108
23:30:28	62.1015	-23.9787	16.6518
23:30:33	62.4140	-23.7770	16.7856
23:30:38	62.7263	-23.5716	16.9213
23:30:43	63.0384	-23.3623	17.0626
23:30:48	63.3501	-23.1489	17.2188
23:30:53	63.6616	-22.9312	17.3792
23:30:58	63.9728	-22.7093	17.5435
23:31:03	64.2837	-22.4828	17.7132
23:31:08	64.5943	-22.2516	17.8875
23:31:13	64.9045	-22.0156	18.0658
23:31:18	65.2144	-21.7746	18.2498
23:31:23	65.5240	-21.5283	18.4384
23:31:28	65.8332	-21.2767	18.6334
23:31:33	66.1421	-21.0194	18.8290
23:31:38	66.4506	-20.7563	19.0224
23:31:43	66.7586	-20.4872	19.2206
23:31:48	67.0663	-20.2118	19.4333
23:31:53	67.3735	-19.9299	19.6576
23:31:58	67.6803	-19.6412	19.8891
23:32:03	67.9866	-19.3455	20.1275
23:32:08	68.2924	-19.0424	20.3731
23:32:13	68.5978	-18.7316	20.6264
23:32:18	68.9026	-18.4128	20.8877
23:32:23	69.2068	-18.0858	21.1572
23:32:28	69.5105	-17.7501	21.4356
23:32:33	69.8136	-17.4053	21.7231
23:59:59	-999.00	-999.00	-999.00
