2024/09/03 EARTHCARE
GMT	SUBLAT[N+]	SUBLON[W+]	HEADING
03:05:13	-0.8090	15.8481	10.5537
03:05:18	-0.4854	15.9084	10.5533
03:05:23	-0.1618	15.9687	10.5534
03:05:28	0.1649	16.0257	10.5529
03:05:33	0.4885	16.0860	10.5531
03:05:38	0.8121	16.1463	10.5533
03:05:43	1.1357	16.2066	10.5538
03:05:48	1.4593	16.2669	10.5541
03:05:53	1.7830	16.3272	10.5539
03:05:58	2.1066	16.3875	10.5543
03:06:03	2.4302	16.4479	10.5545
03:06:08	2.7538	16.5082	10.5560
03:06:13	3.0774	16.5686	10.5564
03:06:18	3.4010	16.6291	10.5583
03:06:23	3.7247	16.6895	10.5588
03:06:28	4.0483	16.7500	10.5609
03:06:33	4.3719	16.8105	10.5625
03:06:38	4.6955	16.8710	10.5638
03:06:43	5.0191	16.9316	10.5655
03:06:48	5.3427	16.9922	10.5672
03:06:53	5.6663	17.0528	10.5683
03:06:58	5.9900	17.1135	10.5684
03:07:03	6.3136	17.1743	10.5715
03:07:08	6.6372	17.2351	10.5735
03:07:13	6.9608	17.2959	10.5758
03:07:18	7.2843	17.3568	10.5788
03:07:23	7.6079	17.4178	10.5816
03:07:28	7.9315	17.4788	10.5847
03:07:33	8.2551	17.5399	10.5884
03:07:38	8.5786	17.6011	10.5917
03:07:43	8.9022	17.6623	10.5948
03:07:48	9.2258	17.7236	10.5992
03:07:53	9.5493	17.7849	10.6007
03:07:58	9.8728	17.8464	10.6016
03:08:03	10.1964	17.9079	10.6041
03:08:08	10.5199	17.9695	10.6080
03:08:13	10.8434	18.0312	10.6123
03:08:18	11.1669	18.0929	10.6172
03:08:23	11.4904	18.1548	10.6216
03:08:28	11.8139	18.2168	10.6267
03:08:33	12.1373	18.2788	10.6311
03:08:38	12.4608	18.3410	10.6362
03:08:43	12.7842	18.4032	10.6417
03:08:48	13.1077	18.4656	10.6470
03:08:53	13.4311	18.5281	10.6518
03:08:58	13.7545	18.5907	10.6547
03:09:03	14.0779	18.6534	10.6561
03:09:08	14.4013	18.7162	10.6615
03:09:13	14.7246	18.7791	10.6682
03:09:18	15.0480	18.8422	10.6744
03:09:23	15.3713	18.9054	10.6803
03:09:28	15.6946	18.9687	10.6874
03:09:33	16.0179	19.0321	10.6935
03:09:38	16.3412	19.0957	10.7006
03:09:43	16.6645	19.1595	10.7081
03:09:48	16.9877	19.2233	10.7162
03:09:53	17.3110	19.2874	10.7229
03:09:58	17.6342	19.3515	10.7277
03:10:03	17.9574	19.4159	10.7313
03:10:08	18.2806	19.4803	10.7352
03:10:13	18.6037	19.5450	10.7446
03:10:18	18.9269	19.6098	10.7526
03:10:23	19.2500	19.6748	10.7617
03:10:28	19.5731	19.7399	10.7705
03:10:33	19.8962	19.8053	10.7797
03:10:38	20.2192	19.8708	10.7891
03:10:43	20.5422	19.9365	10.7981
03:10:48	20.8652	20.0024	10.8092
03:10:53	21.1882	20.0684	10.8190
03:10:58	21.5112	20.1347	10.8275
03:11:03	21.8341	20.2012	10.8324
04:37:43	-0.9386	38.9590	10.5534
04:37:48	-0.6151	39.0193	10.5531
04:37:53	-0.2915	39.0796	10.5533
04:37:58	0.0355	39.1376	10.5529
04:38:03	0.3591	39.1979	10.5525
04:38:08	0.6827	39.2582	10.5526
04:38:13	1.0063	39.3185	10.5534
04:38:18	1.3299	39.3788	10.5537
04:38:23	1.6535	39.4391	10.5547
04:38:28	1.9771	39.4995	10.5543
04:38:33	2.3008	39.5598	10.5563
04:38:38	2.6244	39.6202	10.5570
04:38:43	2.9480	39.6805	10.5568
04:38:48	3.2716	39.7409	10.5577
04:38:53	3.5952	39.8014	10.5576
04:38:58	3.9189	39.8618	10.5598
04:39:03	4.2425	39.9223	10.5607
04:39:08	4.5661	39.9828	10.5621
04:39:13	4.8897	40.0434	10.5642
04:39:18	5.2133	40.1040	10.5658
04:39:23	5.5370	40.1646	10.5679
04:39:28	5.8606	40.2253	10.5698
04:39:33	6.1842	40.2860	10.5723
04:39:38	6.5078	40.3468	10.5752
04:39:43	6.8314	40.4077	10.5778
04:39:48	7.1550	40.4685	10.5782
04:39:53	7.4786	40.5295	10.5802
04:39:58	7.8022	40.5905	10.5809
04:40:03	8.1257	40.6515	10.5838
04:40:08	8.4493	40.7127	10.5883
04:40:13	8.7729	40.7738	10.5915
04:40:18	9.0964	40.8351	10.5951
04:40:23	9.4200	40.8964	10.5984
04:40:28	9.7435	40.9579	10.6022
04:40:33	10.0671	41.0193	10.6065
04:40:38	10.3906	41.0809	10.6105
04:40:43	10.7141	41.1426	10.6148
04:40:48	11.0376	41.2043	10.6183
04:40:53	11.3611	41.2661	10.6202
04:40:58	11.6846	41.3281	10.6220
04:41:03	12.0081	41.3901	10.6267
04:41:08	12.3316	41.4522	10.6311
04:41:13	12.6550	41.5144	10.6359
04:41:18	12.9784	41.5767	10.6413
04:41:23	13.3019	41.6392	10.6470
04:41:28	13.6253	41.7017	10.6533
04:41:33	13.9487	41.7644	10.6592
04:41:38	14.2721	41.8271	10.6647
04:41:43	14.5955	41.8900	10.6707
04:41:48	14.9188	41.9530	10.6771
04:41:53	15.2422	42.0162	10.6798
04:41:58	15.5655	42.0794	10.6830
04:42:03	15.8888	42.1428	10.6867
04:42:08	16.2121	42.2064	10.6940
04:42:13	16.5354	42.2700	10.7009
04:42:18	16.8587	42.3339	10.7092
04:42:23	17.1819	42.3978	10.7161
04:42:28	17.5051	42.4619	10.7235
04:42:33	17.8283	42.5262	10.7312
04:42:38	18.1515	42.5906	10.7395
04:42:43	18.4747	42.6552	10.7480
04:42:48	18.7978	42.7200	10.7561
04:42:53	19.1210	42.7849	10.7632
04:42:58	19.4441	42.8500	10.7673
04:43:03	19.7672	42.9152	10.7725
04:43:08	20.0902	42.9807	10.7797
04:43:13	20.4133	43.0463	10.7898
04:43:18	20.7363	43.1121	10.7985
04:43:23	21.0593	43.1781	10.8093
04:43:28	21.3823	43.2443	10.8187
04:43:33	21.7052	43.3107	10.8293
04:43:38	22.0002	43.3715	272.9261
16:06:22	21.7671	28.4455	169.1676
16:06:27	21.4436	28.5120	169.1775
16:06:32	21.1201	28.5783	169.1878
16:06:37	20.7965	28.6444	169.1980
16:06:42	20.4730	28.7104	169.2084
16:06:47	20.1494	28.7761	169.2176
16:06:52	19.8258	28.8416	169.2272
16:06:57	19.5022	28.9070	169.2367
16:07:02	19.1786	28.9722	169.2457
16:07:07	18.8549	29.0372	169.2535
16:07:12	18.5312	29.1021	169.2576
16:07:17	18.2075	29.1667	169.2614
16:07:22	17.8838	29.2313	169.2672
16:07:27	17.5600	29.2956	169.2758
16:07:32	17.2362	29.3598	169.2833
16:07:37	16.9125	29.4239	169.2912
16:07:42	16.5887	29.4878	169.2987
16:07:47	16.2648	29.5516	169.3056
16:07:52	15.9410	29.6152	169.3131
16:07:57	15.6171	29.6787	169.3200
16:08:02	15.2932	29.7421	169.3266
16:08:07	14.9694	29.8053	169.3335
16:08:12	14.6454	29.8684	169.3375
16:08:17	14.3215	29.9314	169.3402
16:08:22	13.9976	29.9942	169.3433
16:08:27	13.6736	30.0570	169.3484
16:08:32	13.3496	30.1196	169.3539
16:08:37	13.0257	30.1821	169.3597
16:08:42	12.7017	30.2445	169.3651
16:08:47	12.3777	30.3068	169.3701
16:08:52	12.0536	30.3691	169.3755
16:08:57	11.7296	30.4312	169.3803
16:09:02	11.4055	30.4932	169.3854
16:09:07	11.0815	30.5551	169.3900
16:09:12	10.7574	30.6169	169.3942
16:09:17	10.4333	30.6786	169.3962
16:09:22	10.1093	30.7403	169.3977
16:09:27	9.7852	30.8018	169.4003
16:09:32	9.4611	30.8633	169.4042
16:09:37	9.1369	30.9248	169.4085
16:09:42	8.8128	30.9861	169.4122
16:09:47	8.4887	31.0474	169.4155
16:09:52	8.1645	31.1086	169.4190
16:09:57	7.8404	31.1697	169.4213
16:10:02	7.5162	31.2308	169.4246
16:10:07	7.1921	31.2918	169.4275
16:10:12	6.8679	31.3528	169.4298
16:10:17	6.5438	31.4137	169.4325
16:10:22	6.2196	31.4745	169.4330
16:10:27	5.8954	31.5353	169.4338
16:10:32	5.5712	31.5961	169.4365
16:10:37	5.2470	31.6568	169.4380
16:10:42	4.9229	31.7175	169.4407
16:10:47	4.5987	31.7781	169.4427
16:10:52	4.2745	31.8387	169.4444
16:10:57	3.9503	31.8992	169.4462
16:11:02	3.6261	31.9598	169.4474
16:11:07	3.3019	32.0203	169.4483
16:11:12	2.9777	32.0808	169.4503
16:11:17	2.6535	32.1412	169.4500
16:11:22	2.3293	32.2016	169.4510
16:11:27	2.0051	32.2621	169.4513
16:11:32	1.6809	32.3225	169.4520
16:11:37	1.3567	32.3828	169.4522
16:11:42	1.0326	32.4432	169.4526
16:11:47	0.7084	32.5036	169.4534
16:11:52	0.3842	32.5639	169.4537
16:11:57	0.0600	32.6243	169.4534
16:12:02	-0.2641	32.6846	169.4534
16:12:07	-0.5883	32.7450	169.4538
16:12:12	-0.9125	32.8054	169.4526
17:38:53	21.8323	51.5675	169.1715
17:38:58	21.5088	51.6341	169.1773
17:39:03	21.1853	51.7004	169.1835
17:39:08	20.8618	51.7666	169.1934
17:39:13	20.5383	51.8325	169.2038
17:39:18	20.2147	51.8983	169.2136
17:39:23	19.8911	51.9639	169.2225
17:39:28	19.5675	52.0293	169.2319
17:39:33	19.2439	52.0945	169.2415
17:39:38	18.9202	52.1596	169.2501
17:39:43	18.5965	52.2245	169.2590
17:39:48	18.2728	52.2892	169.2668
17:39:53	17.9491	52.3537	169.2733
17:39:58	17.6254	52.4181	169.2770
17:40:03	17.3016	52.4824	169.2810
17:40:08	16.9778	52.5465	169.2873
17:40:13	16.6540	52.6104	169.2945
17:40:18	16.3302	52.6742	169.3023
17:40:23	16.0063	52.7379	169.3097
17:40:28	15.6825	52.8014	169.3159
17:40:33	15.3586	52.8648	169.3231
17:40:38	15.0347	52.9280	169.3299
17:40:43	14.7108	52.9911	169.3363
17:40:48	14.3869	53.0542	169.3422
17:40:53	14.0630	53.1170	169.3487
17:40:58	13.7390	53.1798	169.3520
17:41:03	13.4150	53.2424	169.3539
17:41:08	13.0911	53.3050	169.3566
17:41:13	12.7671	53.3674	169.3626
17:41:18	12.4431	53.4297	169.3674
17:41:23	12.1190	53.4920	169.3737
17:41:28	11.7950	53.5541	169.3775
17:41:33	11.4710	53.6161	169.3826
17:41:38	11.1469	53.6780	169.3880
17:41:43	10.8229	53.7399	169.3921
17:41:48	10.4988	53.8016	169.3957
17:41:53	10.1747	53.8633	169.4005
17:41:58	9.8506	53.9249	169.4040
17:42:03	9.5265	53.9864	169.4054
17:42:08	9.2024	54.0478	169.4069
17:42:13	8.8783	54.1092	169.4098
17:42:18	8.5541	54.1705	169.4139
17:42:23	8.2300	54.2317	169.4171
17:42:28	7.9059	54.2928	169.4202
17:42:33	7.5817	54.3539	169.4235
17:42:38	7.2576	54.4149	169.4264
17:42:43	6.9334	54.4759	169.4295
17:42:48	6.6092	54.5368	169.4320
17:42:53	6.2851	54.5977	169.4341
17:42:58	5.9609	54.6585	169.4366
17:43:03	5.6367	54.7193	169.4377
17:43:08	5.3125	54.7800	169.4382
17:43:13	4.9883	54.8407	169.4398
17:43:18	4.6642	54.9013	169.4418
17:43:23	4.3400	54.9619	169.4434
17:43:28	4.0158	55.0225	169.4451
17:43:33	3.6916	55.0830	169.4464
17:43:38	3.3674	55.1435	169.4481
17:43:43	3.0432	55.2040	169.4490
17:43:48	2.7190	55.2645	169.4496
17:43:53	2.3948	55.3249	169.4515
17:43:58	2.0706	55.3853	169.4525
17:44:03	1.7464	55.4457	169.4522
17:44:08	1.4223	55.5061	169.4523
17:44:13	1.0981	55.5665	169.4528
17:44:18	0.7739	55.6268	169.4526
17:44:23	0.4497	55.6872	169.4536
17:44:28	0.1255	55.7476	169.4533
17:44:33	-0.1986	55.8079	169.4534
17:44:38	-0.5228	55.8683	169.4535
17:44:43	-0.8470	55.9286	169.4524
23:59:59	-999.00	-999.00	-999.00
