2024/09/08 EARTHCARE
GMT	SUBLAT[N+]	SUBLON[W+]	HEADING
04:54:40	-1.9353	43.0994	10.5563
04:54:45	-1.6117	43.1597	10.5553
04:54:50	-1.2881	43.2200	10.5548
04:54:55	-0.9646	43.2803	10.5547
04:55:00	-0.6410	43.3406	10.5544
04:55:05	-0.3174	43.4009	10.5539
04:55:10	0.0062	43.4599	10.5543
04:55:15	0.3298	43.5202	10.5548
04:55:20	0.6534	43.5805	10.5551
04:55:25	0.9771	43.6408	10.5549
04:55:30	1.3007	43.7011	10.5552
04:55:35	1.6243	43.7614	10.5552
04:55:40	1.9479	43.8217	10.5559
04:55:45	2.2716	43.8821	10.5571
04:55:50	2.5952	43.9425	10.5579
04:55:55	2.9188	44.0029	10.5592
04:56:00	3.2425	44.0633	10.5603
04:56:05	3.5661	44.1237	10.5600
04:56:10	3.8897	44.1842	10.5605
04:56:15	4.2134	44.2447	10.5623
04:56:20	4.5370	44.3052	10.5637
04:56:25	4.8607	44.3658	10.5657
04:56:30	5.1843	44.4264	10.5673
04:56:35	5.5079	44.4870	10.5688
04:56:40	5.8315	44.5477	10.5716
04:56:45	6.1552	44.6085	10.5732
04:56:50	6.4788	44.6692	10.5760
04:56:55	6.8024	44.7301	10.5787
04:57:00	7.1260	44.7910	10.5808
04:57:05	7.4496	44.8519	10.5827
04:57:10	7.7733	44.9129	10.5844
04:57:15	8.0969	44.9740	10.5848
04:57:20	8.4204	45.0351	10.5882
04:57:25	8.7440	45.0963	10.5913
04:57:30	9.0676	45.1576	10.5951
04:57:35	9.3912	45.2189	10.5992
04:57:40	9.7148	45.2803	10.6031
04:57:45	10.0383	45.3418	10.6065
04:57:50	10.3619	45.4034	10.6113
04:57:55	10.6854	45.4651	10.6160
04:58:00	11.0090	45.5268	10.6200
04:58:05	11.3325	45.5886	10.6238
04:58:10	11.6560	45.6506	10.6255
04:58:15	11.9795	45.7126	10.6267
04:58:20	12.3030	45.7747	10.6312
04:58:25	12.6265	45.8369	10.6361
04:58:30	12.9500	45.8993	10.6415
04:58:35	13.2734	45.9617	10.6472
04:58:40	13.5969	46.0242	10.6526
04:58:45	13.9203	46.0869	10.6585
04:58:50	14.2437	46.1497	10.6641
04:58:55	14.5672	46.2126	10.6701
04:59:00	14.8906	46.2756	10.6766
04:59:05	15.2139	46.3387	10.6834
04:59:10	15.5373	46.4020	10.6864
04:59:15	15.8607	46.4654	10.6902
04:59:20	16.1840	46.5289	10.6942
04:59:25	16.5073	46.5926	10.7003
04:59:30	16.8306	46.6564	10.7078
04:59:35	17.1539	46.7204	10.7155
04:59:40	17.4772	46.7845	10.7238
04:59:45	17.8004	46.8488	10.7307
04:59:50	18.1236	46.9132	10.7390
04:59:55	18.4469	46.9778	10.7484
05:00:00	18.7701	47.0425	10.7566
05:00:05	19.0932	47.1074	10.7643
05:00:10	19.4164	47.1725	10.7724
05:00:15	19.7395	47.2378	10.7767
05:00:20	20.0626	47.3032	10.7809
05:00:25	20.3857	47.3689	10.7886
05:00:30	20.7088	47.4347	10.7990
05:00:35	21.0318	47.5007	10.8080
05:00:40	21.3548	47.5669	10.8184
05:00:45	21.6778	47.6333	10.8281
05:00:50	22.0000	47.6997	88.4725
17:56:03	21.7412	55.8964	169.1668
17:56:08	21.4176	55.9629	169.1774
17:56:13	21.0940	56.0293	169.1886
17:56:18	20.7704	56.0954	169.1976
17:56:23	20.4468	56.1613	169.2083
17:56:28	20.1232	56.2270	169.2175
17:56:33	19.7995	56.2926	169.2263
17:56:38	19.4758	56.3580	169.2358
17:56:43	19.1521	56.4231	169.2447
17:56:48	18.8283	56.4882	169.2535
17:56:53	18.5046	56.5530	169.2591
17:56:58	18.1808	56.6177	169.2630
17:57:03	17.8570	56.6822	169.2672
17:57:08	17.5332	56.7466	169.2757
17:57:13	17.2093	56.8108	169.2834
17:57:18	16.8855	56.8749	169.2911
17:57:23	16.5616	56.9388	169.2986
17:57:28	16.2377	57.0026	169.3054
17:57:33	15.9138	57.0662	169.3123
17:57:38	15.5899	57.1297	169.3190
17:57:43	15.2659	57.1931	169.3264
17:57:48	14.9420	57.2563	169.3326
17:57:53	14.6180	57.3194	169.3383
17:57:58	14.2940	57.3824	169.3410
17:58:03	13.9700	57.4453	169.3441
17:58:08	13.6460	57.5080	169.3485
17:58:13	13.3219	57.5707	169.3530
17:58:18	12.9979	57.6332	169.3598
17:58:23	12.6738	57.6956	169.3651
17:58:28	12.3497	57.7579	169.3701
17:58:33	12.0257	57.8201	169.3747
17:58:38	11.7016	57.8822	169.3801
17:58:43	11.3775	57.9442	169.3844
17:58:48	11.0533	58.0062	169.3893
17:58:53	10.7292	58.0680	169.3943
17:58:58	10.4051	58.1297	169.3964
17:59:03	10.0809	58.1914	169.3986
17:59:08	9.7568	58.2530	169.3997
17:59:13	9.4326	58.3145	169.4045
17:59:18	9.1084	58.3759	169.4078
17:59:23	8.7843	58.4372	169.4106
17:59:28	8.4601	58.4985	169.4148
17:59:33	8.1359	58.5597	169.4175
17:59:38	7.8117	58.6209	169.4213
17:59:43	7.4875	58.6820	169.4239
17:59:48	7.1633	58.7430	169.4267
17:59:53	6.8391	58.8040	169.4293
17:59:58	6.5148	58.8649	169.4318
18:00:03	6.1906	58.9257	169.4332
18:00:08	5.8664	58.9865	169.4349
18:00:13	5.5422	59.0473	169.4350
18:00:18	5.2179	59.1080	169.4374
18:00:23	4.8937	59.1687	169.4400
18:00:28	4.5695	59.2294	169.4413
18:00:33	4.2452	59.2900	169.4437
18:00:38	3.9210	59.3505	169.4446
18:00:43	3.5967	59.4111	169.4469
18:00:48	3.2725	59.4716	169.4477
18:00:53	2.9483	59.5321	169.4487
18:00:58	2.6240	59.5925	169.4502
18:01:03	2.2998	59.6530	169.4503
18:01:08	1.9756	59.7134	169.4506
18:01:13	1.6513	59.7738	169.4506
18:01:18	1.3271	59.8342	169.4515
18:01:23	1.0029	59.8946	169.4521
18:01:28	0.6787	59.9550	169.4520
23:59:59	-999.00	-999.00	-999.00
