2024/09/08 EARTHCARE
GMT	SUBLAT[N+]	SUBLON[W+]	HEADING
03:21:24	-4.8061	19.4275	10.5680
03:21:29	-4.4826	19.4880	10.5672
03:21:34	-4.1591	19.5486	10.5652
03:21:39	-3.8355	19.6090	10.5638
03:21:44	-3.5120	19.6695	10.5612
03:21:49	-3.1884	19.7299	10.5601
03:21:54	-2.8649	19.7903	10.5594
03:21:59	-2.5413	19.8507	10.5583
03:22:04	-2.2177	19.9111	10.5571
03:22:09	-1.8941	19.9714	10.5564
03:22:14	-1.5705	20.0317	10.5561
03:22:19	-1.2469	20.0921	10.5545
03:22:24	-0.9233	20.1524	10.5546
03:22:29	-0.5996	20.2127	10.5543
03:22:34	-0.2760	20.2730	10.5545
03:22:39	0.0480	20.3326	10.5540
03:22:44	0.3716	20.3929	10.5529
03:22:49	0.6952	20.4532	10.5539
03:22:54	1.0189	20.5135	10.5546
03:22:59	1.3425	20.5738	10.5549
03:23:04	1.6662	20.6341	10.5550
03:23:09	1.9899	20.6945	10.5555
03:23:14	2.3135	20.7548	10.5565
03:23:19	2.6372	20.8152	10.5573
03:23:24	2.9609	20.8756	10.5568
03:23:29	3.2845	20.9360	10.5580
03:23:34	3.6082	20.9964	10.5585
03:23:39	3.9319	21.0569	10.5599
03:23:44	4.2555	21.1174	10.5616
03:23:49	4.5792	21.1780	10.5630
03:23:54	4.9029	21.2385	10.5649
03:23:59	5.2265	21.2991	10.5667
03:24:04	5.5502	21.3598	10.5688
03:24:09	5.8738	21.4205	10.5715
03:24:14	6.1975	21.4812	10.5738
03:24:19	6.5211	21.5420	10.5767
03:24:24	6.8448	21.6029	10.5783
03:24:29	7.1684	21.6638	10.5789
03:24:34	7.4921	21.7247	10.5801
03:24:39	7.8157	21.7857	10.5823
03:24:44	8.1394	21.8468	10.5854
03:24:49	8.4630	21.9080	10.5887
03:24:54	8.7866	21.9692	10.5927
03:24:59	9.1102	22.0304	10.5954
03:25:04	9.4338	22.0918	10.5996
03:25:09	9.7574	22.1532	10.6033
03:25:14	10.0810	22.2147	10.6068
03:25:19	10.4046	22.2763	10.6116
03:25:24	10.7282	22.3380	10.6161
03:25:29	11.0517	22.3997	10.6175
03:25:34	11.3753	22.4616	10.6196
03:25:39	11.6988	22.5235	10.6221
03:25:44	12.0224	22.5856	10.6268
03:25:49	12.3459	22.6477	10.6321
03:25:54	12.6694	22.7099	10.6377
03:25:59	12.9929	22.7723	10.6421
03:26:04	13.3164	22.8347	10.6479
03:26:09	13.6399	22.8973	10.6532
03:26:14	13.9633	22.9600	10.6599
03:26:19	14.2868	23.0228	10.6654
03:26:24	14.6102	23.0857	10.6722
03:26:29	14.9336	23.1487	10.6768
03:26:34	15.2570	23.2119	10.6795
03:26:39	15.5804	23.2752	10.6826
03:26:44	15.9038	23.3386	10.6886
03:26:49	16.2272	23.4021	10.6952
03:26:54	16.5505	23.4658	10.7021
03:26:59	16.8739	23.5297	10.7094
03:27:04	17.1972	23.5937	10.7172
03:27:09	17.5205	23.6578	10.7254
03:27:14	17.8437	23.7221	10.7330
03:27:19	18.1670	23.7865	10.7412
03:27:24	18.4902	23.8511	10.7496
03:27:29	18.8135	23.9159	10.7579
03:27:34	19.1366	23.9809	10.7624
03:27:39	19.4598	24.0460	10.7672
03:27:44	19.7830	24.1113	10.7724
03:27:49	20.1061	24.1767	10.7820
03:27:54	20.4292	24.2424	10.7911
03:27:59	20.7523	24.3082	10.8007
03:28:04	21.0754	24.3742	10.8107
03:28:09	21.3984	24.4405	10.8208
03:28:14	21.7215	24.5069	10.8322
03:28:19	22.0445	24.5735	10.8423
03:28:24	22.3674	24.6404	10.8527
03:28:29	22.6904	24.7074	10.8634
03:28:34	23.0133	24.7747	10.8721
03:28:39	23.3362	24.8422	10.8786
03:28:44	23.6591	24.9099	10.8847
03:28:49	23.9819	24.9778	10.8960
03:28:54	24.3048	25.0460	10.9082
03:28:59	24.6276	25.1144	10.9206
03:29:04	24.9503	25.1831	10.9337
04:53:56	-4.8063	42.5609	10.5680
04:54:01	-4.4828	42.6215	10.5670
04:54:06	-4.1592	42.6820	10.5652
04:54:11	-3.8357	42.7425	10.5638
04:54:16	-3.5121	42.8029	10.5612
04:54:21	-3.1886	42.8634	10.5608
04:54:26	-2.8650	42.9238	10.5594
04:54:31	-2.5414	42.9842	10.5583
04:54:36	-2.2178	43.0445	10.5569
04:54:41	-1.8942	43.1049	10.5562
04:54:46	-1.5706	43.1652	10.5561
04:54:51	-1.2470	43.2255	10.5554
04:54:56	-0.9234	43.2858	10.5554
04:55:01	-0.5998	43.3461	10.5550
04:55:06	-0.2762	43.4064	10.5543
04:55:11	0.0478	43.4671	10.5532
04:55:16	0.3715	43.5274	10.5536
04:55:21	0.6951	43.5877	10.5539
04:55:26	1.0188	43.6480	10.5545
04:55:31	1.3424	43.7083	10.5547
04:55:36	1.6661	43.7687	10.5549
04:55:41	1.9898	43.8290	10.5553
04:55:46	2.3134	43.8894	10.5565
04:55:51	2.6371	43.9497	10.5573
04:55:56	2.9608	44.0101	10.5577
04:56:01	3.2845	44.0706	10.5577
04:56:06	3.6081	44.1310	10.5585
04:56:11	3.9318	44.1915	10.5604
04:56:16	4.2555	44.2520	10.5615
04:56:21	4.5791	44.3125	10.5637
04:56:26	4.9028	44.3731	10.5648
04:56:31	5.2265	44.4337	10.5665
04:56:36	5.5501	44.4944	10.5695
04:56:41	5.8738	44.5551	10.5714
04:56:46	6.1975	44.6158	10.5738
04:56:51	6.5211	44.6766	10.5757
04:56:56	6.8448	44.7374	10.5775
04:57:01	7.1684	44.7983	10.5787
04:57:06	7.4921	44.8593	10.5798
04:57:11	7.8157	44.9203	10.5830
04:57:16	8.1394	44.9814	10.5859
04:57:21	8.4630	45.0425	10.5885
04:57:26	8.7866	45.1037	10.5926
04:57:31	9.1102	45.1650	10.5953
04:57:36	9.4338	45.2264	10.6002
04:57:41	9.7574	45.2878	10.6033
04:57:46	10.0810	45.3493	10.6075
04:57:51	10.4046	45.4109	10.6115
04:57:56	10.7282	45.4726	10.6158
04:58:01	11.0518	45.5343	10.6183
04:58:06	11.3753	45.5962	10.6194
04:58:11	11.6989	45.6581	10.6219
04:58:16	12.0224	45.7202	10.6266
04:58:21	12.3459	45.7823	10.6317
04:58:26	12.6695	45.8445	10.6375
04:58:31	12.9930	45.9069	10.6427
04:58:36	13.3165	45.9693	10.6486
04:58:41	13.6399	46.0319	10.6539
04:58:46	13.9634	46.0946	10.6598
04:58:51	14.2869	46.1573	10.6659
04:58:56	14.6103	46.2203	10.6721
04:59:01	14.9337	46.2833	10.6758
04:59:06	15.2571	46.3465	10.6795
04:59:11	15.5805	46.4097	10.6824
04:59:16	15.9039	46.4732	10.6885
04:59:21	16.2273	46.5367	10.6959
04:59:26	16.5506	46.6004	10.7026
04:59:31	16.8740	46.6643	10.7102
04:59:36	17.1973	46.7283	10.7178
04:59:41	17.5206	46.7924	10.7252
04:59:46	17.8439	46.8567	10.7330
04:59:51	18.1671	46.9211	10.7410
04:59:56	18.4904	46.9857	10.7504
05:00:01	18.8136	47.0505	10.7577
05:00:06	19.1368	47.1155	10.7622
05:00:11	19.4600	47.1806	10.7662
05:00:16	19.7831	47.2459	10.7722
05:00:21	20.1063	47.3113	10.7818
05:00:26	20.4294	47.3770	10.7909
05:00:31	20.7525	47.4428	10.8005
05:00:36	21.0756	47.5089	10.8111
05:00:41	21.3986	47.5751	10.8206
05:00:46	21.7217	47.6415	10.8312
05:00:51	22.0447	47.7081	10.8421
05:00:56	22.3676	47.7750	10.8525
05:01:01	22.6906	47.8420	10.8648
05:01:06	23.0135	47.9093	10.8736
05:01:11	23.3364	47.9768	10.8792
05:01:16	23.6593	48.0445	10.8855
05:01:21	23.9822	48.1124	10.8958
05:01:26	24.3050	48.1806	10.9079
05:01:31	24.6278	48.2490	10.9204
05:01:36	24.9506	48.3177	10.9328
14:51:30	19.7193	10.0381	169.2316
14:51:35	19.3956	10.1034	169.2362
14:51:40	19.0719	10.1686	169.2404
14:51:45	18.7482	10.2336	169.2459
14:51:50	18.4245	10.2984	169.2544
14:51:55	18.1007	10.3630	169.2630
14:52:00	17.7770	10.4275	169.2705
14:52:05	17.4532	10.4918	169.2795
14:52:10	17.1294	10.5560	169.2869
14:52:15	16.8055	10.6200	169.2949
14:52:20	16.4817	10.6839	169.3024
14:52:25	16.1578	10.7477	169.3096
14:52:30	15.8339	10.8113	169.3162
14:52:35	15.5100	10.8747	169.3209
14:52:40	15.1861	10.9381	169.3243
14:52:45	14.8622	11.0013	169.3271
14:52:50	14.5382	11.0643	169.3321
14:52:55	14.2142	11.1273	169.3390
14:53:00	13.8903	11.1901	169.3446
14:53:05	13.5663	11.2528	169.3508
14:53:10	13.2423	11.3154	169.3563
14:53:15	12.9182	11.3779	169.3622
14:53:20	12.5942	11.4403	169.3671
14:53:25	12.2702	11.5026	169.3719
14:53:30	11.9461	11.5648	169.3774
14:53:35	11.6220	11.6269	169.3831
14:53:40	11.2980	11.6889	169.3850
14:53:45	10.9739	11.7508	169.3872
14:53:50	10.6498	11.8126	169.3890
14:53:55	10.3257	11.8743	169.3936
14:54:00	10.0015	11.9359	169.3976
14:54:05	9.6774	11.9975	169.4013
14:54:10	9.3533	12.0590	169.4054
14:54:15	9.0291	12.1204	169.4088
14:54:20	8.7050	12.1817	169.4127
14:54:25	8.3808	12.2429	169.4161
14:54:30	8.0567	12.3041	169.4197
14:54:35	7.7325	12.3653	169.4228
14:54:40	7.4083	12.4263	169.4246
14:54:45	7.0841	12.4873	169.4259
14:54:50	6.7600	12.5483	169.4275
14:54:55	6.4358	12.6092	169.4293
14:55:00	6.1116	12.6700	169.4315
14:55:05	5.7874	12.7308	169.4340
14:55:10	5.4632	12.7916	169.4361
14:55:15	5.1390	12.8523	169.4386
14:55:20	4.8148	12.9130	169.4405
14:55:25	4.4906	12.9736	169.4427
14:55:30	4.1664	13.0342	169.4434
14:55:35	3.8421	13.0948	169.4462
14:55:40	3.5179	13.1553	169.4468
14:55:45	3.1937	13.2158	169.4475
14:55:50	2.8695	13.2763	169.4471
14:55:55	2.5453	13.3367	169.4487
14:56:00	2.2211	13.3972	169.4495
14:56:05	1.8969	13.4576	169.4501
14:56:10	1.5727	13.5180	169.4508
14:56:15	1.2485	13.5784	169.4511
14:56:20	0.9243	13.6388	169.4516
14:56:25	0.6001	13.6991	169.4518
14:56:30	0.2759	13.7595	169.4521
14:56:35	-0.0482	13.8199	169.4520
14:56:40	-0.3724	13.8802	169.4522
14:56:45	-0.6966	13.9406	169.4516
14:56:50	-1.0208	14.0010	169.4515
14:56:55	-1.3449	14.0613	169.4508
14:57:00	-1.6691	14.1217	169.4512
14:57:05	-1.9932	14.1821	169.4496
14:57:10	-2.3174	14.2425	169.4489
14:57:15	-2.6415	14.3030	169.4488
14:57:20	-2.9656	14.3634	169.4473
14:57:25	-3.2897	14.4239	169.4460
14:57:30	-3.6138	14.4844	169.4441
14:57:35	-3.9379	14.5449	169.4436
14:57:40	-4.2620	14.6055	169.4406
14:57:45	-4.5861	14.6661	169.4389
14:57:50	-4.9102	14.7267	169.4384
16:22:42	24.8816	32.1028	169.0714
16:22:47	24.5584	32.1714	169.0850
16:22:52	24.2351	32.2399	169.0970
16:22:57	23.9118	32.3081	169.1087
16:23:02	23.5884	32.3760	169.1153
16:23:07	23.2651	32.4438	169.1210
16:23:12	22.9417	32.5113	169.1293
16:23:17	22.6182	32.5786	169.1407
16:23:22	22.2948	32.6456	169.1516
16:23:27	21.9713	32.7125	169.1631
16:23:32	21.6478	32.7791	169.1732
16:23:37	21.3243	32.8456	169.1842
16:23:42	21.0007	32.9118	169.1947
16:23:47	20.6771	32.9779	169.2041
16:23:52	20.3535	33.0438	169.2138
16:23:57	20.0299	33.1094	169.2231
16:24:02	19.7063	33.1749	169.2298
16:24:07	19.3826	33.2402	169.2336
16:24:12	19.0589	33.3054	169.2388
16:24:17	18.7352	33.3704	169.2467
16:24:22	18.4115	33.4352	169.2560
16:24:27	18.0877	33.4998	169.2638
16:24:32	17.7639	33.5643	169.2714
16:24:37	17.4401	33.6286	169.2802
16:24:42	17.1163	33.6928	169.2878
16:24:47	16.7925	33.7568	169.2957
16:24:52	16.4687	33.8207	169.3023
16:24:57	16.1448	33.8844	169.3104
16:25:02	15.8209	33.9480	169.3172
16:25:07	15.4970	34.0115	169.3201
16:25:12	15.1731	34.0748	169.3226
16:25:17	14.8492	34.1380	169.3272
16:25:22	14.5252	34.2010	169.3329
16:25:27	14.2012	34.2640	169.3399
16:25:32	13.8773	34.3268	169.3456
16:25:37	13.5533	34.3895	169.3518
16:25:42	13.2293	34.4521	169.3574
16:25:47	12.9053	34.5146	169.3633
16:25:52	12.5812	34.5770	169.3681
16:25:57	12.2572	34.6393	169.3739
16:26:02	11.9331	34.7015	169.3784
16:26:07	11.6091	34.7635	169.3818
16:26:12	11.2850	34.8255	169.3835
16:26:17	10.9609	34.8874	169.3858
16:26:22	10.6368	34.9492	169.3901
16:26:27	10.3127	35.0109	169.3939
16:26:32	9.9886	35.0726	169.3981
16:26:37	9.6645	35.1341	169.4016
16:26:42	9.3403	35.1956	169.4057
16:26:47	9.0162	35.2570	169.4092
16:26:52	8.6920	35.3183	169.4132
16:26:57	8.3679	35.3796	169.4164
16:27:02	8.0437	35.4408	169.4192
16:27:07	7.7196	35.5019	169.4224
16:27:12	7.3954	35.5629	169.4241
16:27:17	7.0712	35.6240	169.4254
16:27:22	6.7470	35.6849	169.4270
16:27:27	6.4228	35.7458	169.4298
16:27:32	6.0986	35.8066	169.4321
16:27:37	5.7744	35.8674	169.4346
16:27:42	5.4503	35.9282	169.4366
16:27:47	5.1261	35.9889	169.4391
16:27:52	4.8019	36.0496	169.4400
16:27:57	4.4776	36.1102	169.4422
16:28:02	4.1534	36.1708	169.4448
16:28:07	3.8292	36.2313	169.4459
16:28:12	3.5050	36.2919	169.4465
16:28:17	3.1808	36.3524	169.4474
16:28:22	2.8566	36.4129	169.4477
16:28:27	2.5324	36.4733	169.4484
16:28:32	2.2082	36.5337	169.4495
16:28:37	1.8840	36.5942	169.4500
16:28:42	1.5598	36.6546	169.4507
16:28:47	1.2356	36.7150	169.4509
16:28:52	0.9114	36.7753	169.4516
16:28:57	0.5872	36.8357	169.4516
16:29:02	0.2631	36.8961	169.4519
16:29:07	-0.0611	36.9564	169.4519
16:29:12	-0.3853	37.0168	169.4512
16:29:17	-0.7095	37.0772	169.4516
16:29:22	-1.0336	37.1375	169.4514
16:29:27	-1.3578	37.1979	169.4515
16:29:32	-1.6819	37.2583	169.4504
16:29:37	-2.0061	37.3187	169.4503
16:29:42	-2.3302	37.3791	169.4490
16:29:47	-2.6543	37.4396	169.4481
16:29:52	-2.9785	37.5000	169.4464
16:29:57	-3.3026	37.5605	169.4460
16:30:02	-3.6267	37.6210	169.4441
16:30:07	-3.9508	37.6815	169.4426
16:30:12	-4.2748	37.7421	169.4408
16:30:17	-4.5989	37.8027	169.4389
16:30:22	-4.9230	37.8633	169.4391
17:55:14	24.8805	55.2364	169.0719
17:55:19	24.5572	55.3050	169.0849
17:55:24	24.2339	55.3735	169.0969
17:55:29	23.9106	55.4417	169.1084
17:55:34	23.5873	55.5096	169.1152
17:55:39	23.2639	55.5774	169.1209
17:55:44	22.9405	55.6449	169.1292
17:55:49	22.6171	55.7122	169.1413
17:55:54	22.2936	55.7792	169.1523
17:55:59	21.9701	55.8461	169.1628
17:56:04	21.6466	55.9127	169.1739
17:56:09	21.3231	55.9792	169.1841
17:56:14	20.9996	56.0454	169.1937
17:56:19	20.6760	56.1115	169.2040
17:56:24	20.3524	56.1774	169.2145
17:56:29	20.0288	56.2430	169.2232
17:56:34	19.7051	56.3085	169.2298
17:56:39	19.3814	56.3738	169.2345
17:56:44	19.0577	56.4390	169.2387
17:56:49	18.7340	56.5040	169.2474
17:56:54	18.4103	56.5688	169.2558
17:56:59	18.0865	56.6334	169.2637
17:57:04	17.7628	56.6979	169.2721
17:57:09	17.4390	56.7622	169.2800
17:57:14	17.1152	56.8264	169.2884
17:57:19	16.7913	56.8904	169.2956
17:57:24	16.4675	56.9543	169.3024
17:57:29	16.1436	57.0180	169.3103
17:57:34	15.8197	57.0816	169.3163
17:57:39	15.4958	57.1450	169.3201
17:57:44	15.1719	57.2084	169.3226
17:57:49	14.8480	57.2716	169.3271
17:57:54	14.5240	57.3346	169.3337
17:57:59	14.2001	57.3976	169.3399
17:58:04	13.8761	57.4604	169.3464
17:58:09	13.5521	57.5231	169.3517
17:58:14	13.2281	57.5857	169.3572
17:58:19	12.9041	57.6482	169.3624
17:58:24	12.5801	57.7106	169.3679
17:58:29	12.2560	57.7729	169.3730
17:58:34	11.9320	57.8350	169.3783
17:58:39	11.6079	57.8971	169.3815
17:58:44	11.2838	57.9591	169.3835
17:58:49	10.9597	58.0210	169.3857
17:58:54	10.6357	58.0828	169.3892
17:58:59	10.3115	58.1445	169.3940
17:59:04	9.9874	58.2061	169.3980
17:59:09	9.6633	58.2677	169.4016
17:59:14	9.3392	58.3292	169.4056
17:59:19	9.0150	58.3906	169.4091
17:59:24	8.6909	58.4519	169.4131
17:59:29	8.3667	58.5131	169.4173
17:59:34	8.0426	58.5743	169.4192
17:59:39	7.7184	58.6355	169.4232
17:59:44	7.3942	58.6965	169.4241
17:59:49	7.0701	58.7575	169.4254
17:59:54	6.7459	58.8185	169.4268
17:59:59	6.4217	58.8794	169.4290
18:00:04	6.0975	58.9402	169.4320
18:00:09	5.7733	59.0010	169.4345
18:00:14	5.4491	59.0618	169.4367
18:00:19	5.1249	59.1225	169.4391
18:00:24	4.8007	59.1831	169.4400
18:00:29	4.4765	59.2438	169.4423
18:00:34	4.1523	59.3044	169.4439
18:00:39	3.8281	59.3649	169.4459
18:00:44	3.5039	59.4254	169.4465
18:00:49	3.1797	59.4859	169.4466
18:00:54	2.8555	59.5464	169.4468
18:00:59	2.5313	59.6069	169.4484
18:01:04	2.2071	59.6673	169.4494
18:01:09	1.8829	59.7277	169.4500
18:01:14	1.5587	59.7881	169.4507
18:01:19	1.2345	59.8485	169.4509
18:01:24	0.9103	59.9089	169.4516
18:01:29	0.5861	59.9693	169.4516
18:01:34	0.2619	60.0296	169.4519
18:01:39	-0.0622	60.0900	169.4519
18:01:44	-0.3864	60.1504	169.4520
18:01:49	-0.7106	60.2107	169.4515
18:01:54	-1.0347	60.2711	169.4513
18:01:59	-1.3589	60.3315	169.4515
18:02:04	-1.6830	60.3919	169.4504
18:02:09	-2.0072	60.4523	169.4505
18:02:14	-2.3313	60.5127	169.4490
18:02:19	-2.6555	60.5731	169.4481
18:02:24	-2.9796	60.6336	169.4473
18:02:29	-3.3037	60.6940	169.4451
18:02:34	-3.6278	60.7546	169.4441
18:02:39	-3.9519	60.8151	169.4427
18:02:44	-4.2760	60.8756	169.4406
18:02:49	-4.6000	60.9362	169.4398
18:02:54	-4.9241	60.9969	169.4385
23:59:59	-999.00	-999.00	-999.00
