2024/09/08 EARTHCARE
GMT	SUBLAT[N+]	SUBLON[W+]	HEADING
03:22:08	-1.9353	19.9658	10.5554
03:22:13	-1.6117	20.0262	10.5553
03:22:18	-1.2881	20.0865	10.5548
03:22:23	-0.9646	20.1468	10.5540
03:22:28	-0.6410	20.2071	10.5544
03:22:33	-0.3174	20.2674	10.5539
03:22:38	0.0062	20.3252	10.5542
03:22:43	0.3298	20.3855	10.5548
03:22:48	0.6534	20.4458	10.5541
03:22:53	0.9771	20.5061	10.5547
03:22:58	1.3007	20.5664	10.5552
03:23:03	1.6243	20.6268	10.5562
03:23:08	1.9479	20.6871	10.5559
03:23:13	2.2716	20.7475	10.5569
03:23:18	2.5952	20.8078	10.5578
03:23:23	2.9188	20.8682	10.5592
03:23:28	3.2425	20.9286	10.5594
03:23:33	3.5661	20.9891	10.5601
03:23:38	3.8897	21.0495	10.5604
03:23:43	4.2134	21.1100	10.5613
03:23:48	4.5370	21.1706	10.5627
03:23:53	4.8607	21.2311	10.5649
03:23:58	5.1843	21.2917	10.5673
03:24:03	5.5079	21.3524	10.5688
03:24:08	5.8316	21.4131	10.5714
03:24:13	6.1552	21.4738	10.5739
03:24:18	6.4788	21.5346	10.5760
03:24:23	6.8024	21.5954	10.5785
03:24:28	7.1260	21.6563	10.5808
03:24:33	7.4497	21.7173	10.5827
03:24:38	7.7733	21.7783	10.5835
03:24:43	8.0969	21.8393	10.5856
03:24:48	8.4205	21.9005	10.5891
03:24:53	8.7441	21.9617	10.5913
03:24:58	9.0676	22.0229	10.5959
03:25:03	9.3912	22.0843	10.5984
03:25:08	9.7148	22.1457	10.6031
03:25:13	10.0384	22.2072	10.6065
03:25:18	10.3619	22.2688	10.6113
03:25:23	10.6855	22.3304	10.6158
03:25:28	11.0090	22.3922	10.6192
03:25:33	11.3325	22.4540	10.6229
03:25:38	11.6560	22.5159	10.6255
03:25:43	11.9795	22.5780	10.6269
03:25:48	12.3030	22.6401	10.6311
03:25:53	12.6265	22.7023	10.6361
03:25:58	12.9500	22.7646	10.6413
03:26:03	13.2735	22.8271	10.6462
03:26:08	13.5969	22.8896	10.6527
03:26:13	13.9204	22.9523	10.6585
03:26:18	14.2438	23.0150	10.6649
03:26:23	14.5672	23.0779	10.6708
03:26:28	14.8906	23.1409	10.6774
03:26:33	15.2140	23.2041	10.6833
03:26:38	15.5373	23.2673	10.6866
03:26:43	15.8607	23.3308	10.6902
03:26:48	16.1840	23.3943	10.6933
03:26:53	16.5073	23.4580	10.7012
03:26:58	16.8306	23.5218	10.7078
03:27:03	17.1539	23.5858	10.7155
03:27:08	17.4772	23.6499	10.7228
03:27:13	17.8005	23.7141	10.7315
03:27:18	18.1237	23.7786	10.7388
03:27:23	18.4469	23.8431	10.7476
03:27:28	18.7701	23.9079	10.7564
03:27:33	19.0933	23.9728	10.7651
03:27:38	19.4164	24.0379	10.7723
03:27:43	19.7396	24.1032	10.7767
03:27:48	20.0627	24.1686	10.7809
03:27:53	20.3858	24.2342	10.7885
03:27:58	20.7088	24.3000	10.7982
03:28:03	21.0319	24.3660	10.8088
03:28:08	21.3549	24.4322	10.8184
03:28:13	21.6779	24.4986	10.8283
03:28:18	22.0000	24.5650	88.4723
16:23:31	21.7412	32.7629	169.1669
16:23:36	21.4176	32.8294	169.1774
16:23:41	21.0940	32.8958	169.1879
16:23:46	20.7704	32.9619	169.1978
16:23:51	20.4468	33.0278	169.2075
16:23:56	20.1231	33.0935	169.2176
16:24:01	19.7995	33.1591	169.2273
16:24:06	19.4758	33.2245	169.2367
16:24:11	19.1520	33.2897	169.2449
16:24:16	18.8283	33.3547	169.2535
16:24:21	18.5045	33.4195	169.2592
16:24:26	18.1808	33.4842	169.2630
16:24:31	17.8570	33.5487	169.2672
16:24:36	17.5331	33.6131	169.2751
16:24:41	17.2093	33.6773	169.2826
16:24:46	16.8854	33.7414	169.2903
16:24:51	16.5615	33.8053	169.2978
16:24:56	16.2376	33.8691	169.3057
16:25:01	15.9137	33.9327	169.3131
16:25:06	15.5898	33.9962	169.3192
16:25:11	15.2659	34.0596	169.3257
16:25:16	14.9419	34.1228	169.3326
16:25:21	14.6179	34.1859	169.3376
16:25:26	14.2939	34.2489	169.3412
16:25:31	13.9699	34.3118	169.3435
16:25:36	13.6459	34.3745	169.3476
16:25:41	13.3218	34.4372	169.3540
16:25:46	12.9978	34.4997	169.3589
16:25:51	12.6737	34.5621	169.3653
16:25:56	12.3497	34.6244	169.3701
16:26:01	12.0256	34.6866	169.3747
16:26:06	11.7015	34.7488	169.3795
16:26:11	11.3774	34.8108	169.3846
16:26:16	11.0532	34.8727	169.3901
16:26:21	10.7291	34.9345	169.3945
16:26:26	10.4050	34.9963	169.3965
16:26:31	10.0808	35.0579	169.3979
16:26:36	9.7567	35.1195	169.3997
16:26:41	9.4325	35.1810	169.4036
16:26:46	9.1083	35.2424	169.4079
16:26:51	8.7841	35.3038	169.4108
16:26:56	8.4600	35.3650	169.4139
16:27:01	8.1358	35.4263	169.4176
16:27:06	7.8116	35.4874	169.4206
16:27:11	7.4874	35.5485	169.4249
16:27:16	7.1631	35.6095	169.4269
16:27:21	6.8389	35.6705	169.4301
16:27:26	6.5147	35.7314	169.4320
16:27:31	6.1905	35.7923	169.4332
16:27:36	5.8662	35.8531	169.4340
16:27:41	5.5420	35.9138	169.4361
16:27:46	5.2178	35.9746	169.4374
16:27:51	4.8935	36.0352	169.4400
16:27:56	4.5693	36.0959	169.4412
16:28:01	4.2451	36.1565	169.4437
16:28:06	3.9208	36.2171	169.4447
16:28:11	3.5966	36.2776	169.4461
16:28:16	3.2723	36.3381	169.4479
16:28:21	2.9481	36.3986	169.4491
16:28:26	2.6239	36.4591	169.4497
16:28:31	2.2996	36.5195	169.4505
16:28:36	1.9754	36.5799	169.4499
16:28:41	1.6511	36.6403	169.4516
16:28:46	1.3269	36.7007	169.4517
16:28:51	1.0027	36.7611	169.4521
16:28:56	0.6785	36.8215	169.4529
16:29:01	0.3542	36.8819	169.4524
16:29:06	0.0300	36.9422	169.4530
16:29:11	-0.2942	37.0026	169.4530
16:29:16	-0.6184	37.0630	169.4517
16:29:21	-0.9426	37.1234	169.4514
16:29:26	-1.2668	37.1837	169.4517
16:29:31	-1.5910	37.2441	169.4512
16:29:36	-1.9152	37.3045	169.4503
23:59:59	-999.00	-999.00	-999.00
