2024/11/17 EARTHCARE
GMT	SUBLAT[N+]	SUBLON[W+]	HEADING
00:08:23	35.1947	-22.9381	11.4658
00:08:28	35.5164	-22.8580	11.4903
00:08:33	35.8380	-22.7775	11.5149
00:08:38	36.1595	-22.6965	11.5385
00:08:43	36.4810	-22.6150	11.5563
00:08:48	36.8025	-22.5329	11.5741
00:08:53	37.1239	-22.4504	11.5957
00:08:58	37.4453	-22.3674	11.6234
00:09:03	37.7666	-22.2838	11.6507
00:09:08	38.0879	-22.1997	11.6791
00:09:13	38.4091	-22.1150	11.7078
00:09:18	38.7302	-22.0297	11.7369
00:09:23	39.0513	-21.9439	11.7669
00:09:28	39.3723	-21.8575	11.7971
00:09:33	39.6933	-21.7705	11.8286
00:09:38	40.0142	-21.6828	11.8606
00:09:43	40.3351	-21.5946	11.8877
00:09:48	40.6559	-21.5056	11.9116
00:09:53	40.9766	-21.4161	11.9358
00:09:58	41.2973	-21.3259	11.9686
00:10:03	41.6180	-21.2350	12.0035
00:10:08	41.9385	-21.1434	12.0390
00:10:13	42.2590	-21.0511	12.0752
00:10:18	42.5794	-20.9580	12.1122
00:10:23	42.8998	-20.8643	12.1496
00:10:28	43.2201	-20.7697	12.1883
00:10:33	43.5403	-20.6744	12.2274
00:10:38	43.8605	-20.5783	12.2677
00:10:43	44.1806	-20.4814	12.3085
00:10:48	44.5006	-20.3837	12.3402
00:10:53	44.8205	-20.2851	12.3731
00:10:58	45.1404	-20.1857	12.4095
00:11:03	45.4602	-20.0854	12.4529
00:11:08	45.7799	-19.9841	12.4983
00:11:13	46.0996	-19.8820	12.5440
00:11:18	46.4191	-19.7789	12.5903
00:11:23	46.7386	-19.6749	12.6385
00:11:28	47.0580	-19.5698	12.6875
00:11:33	47.3774	-19.4638	12.7376
00:11:38	47.6966	-19.3567	12.7878
00:11:43	48.0157	-19.2486	12.8399
00:11:48	48.3348	-19.1393	12.8886
00:11:53	48.6538	-19.0290	12.9318
00:11:58	48.9727	-18.9176	12.9758
00:12:03	49.2915	-18.8049	13.0298
00:12:08	49.6102	-18.6911	13.0869
00:12:13	49.9288	-18.5761	13.1457
00:12:18	50.2473	-18.4598	13.2052
00:12:23	50.5657	-18.3423	13.2665
00:12:28	50.8840	-18.2234	13.3283
00:12:33	51.2022	-18.1032	13.3926
00:12:38	51.5203	-17.9817	13.4574
00:12:43	51.8383	-17.8587	13.5239
00:12:48	52.1562	-17.7342	13.5917
00:12:53	52.4739	-17.6083	13.6514
00:12:58	52.7916	-17.4809	13.7113
00:13:03	53.1091	-17.3518	13.7745
00:13:08	53.4266	-17.2212	13.8484
00:13:13	53.7439	-17.0890	13.9236
00:13:18	54.0610	-16.9551	14.0007
00:13:23	54.3781	-16.8194	14.0796
00:13:28	54.6950	-16.6820	14.1606
00:13:33	55.0118	-16.5427	14.2431
00:13:38	55.3284	-16.4015	14.3273
00:13:43	55.6449	-16.2584	14.4137
00:13:48	55.9613	-16.1134	14.5023
00:13:53	56.2775	-15.9662	14.5888
00:13:58	56.5936	-15.8170	14.6698
00:14:03	56.9095	-15.6656	14.7526
00:14:08	57.2253	-15.5121	14.8442
00:14:13	57.5409	-15.3562	14.9432
00:14:18	57.8563	-15.1980	15.0449
00:14:23	58.1716	-15.0373	15.1480
00:14:28	58.4867	-14.8742	15.2548
00:14:33	58.8016	-14.7085	15.3635
00:14:38	59.1163	-14.5402	15.4750
00:14:43	59.4309	-14.3691	15.5888
00:14:48	59.7452	-14.1952	15.7060
00:14:53	60.0594	-14.0184	15.8259
00:14:58	60.3733	-13.8387	15.9391
00:15:03	60.6871	-13.6558	16.0526
00:15:08	61.0006	-13.4698	16.1699
00:15:13	61.3139	-13.2805	16.3020
00:15:18	61.6270	-13.0878	16.4377
00:15:23	61.9398	-12.8916	16.5768
00:15:28	62.2524	-12.6918	16.7195
00:15:33	62.5647	-12.4882	16.8658
00:15:38	62.8768	-12.2808	17.0159
00:15:43	63.1886	-12.0693	17.1703
00:15:48	63.5002	-11.8538	17.3285
00:15:53	63.8114	-11.6339	17.4913
00:15:58	64.1224	-11.4096	17.6563
00:16:03	64.4330	-11.1807	17.8151
00:16:08	64.7433	-10.9471	17.9788
00:16:13	65.0533	-10.7085	18.1532
00:16:18	65.3630	-10.4649	18.3397
00:16:23	65.6723	-10.2159	18.5310
00:16:28	65.9813	-9.9614	18.7283
00:16:33	66.2898	-9.7012	18.9311
00:16:38	66.5980	-9.4351	19.1400
00:16:43	66.9058	-9.1629	19.3549
00:16:48	67.2131	-8.8842	19.5760
00:16:53	67.5200	-8.5989	19.8038
00:16:58	67.8265	-8.3066	20.0389
00:17:03	68.1325	-8.0072	20.2726
00:17:08	68.4380	-7.7002	20.5095
00:17:13	68.7429	-7.3855	20.7533
00:17:18	69.0474	-7.0626	21.0176
00:17:23	69.3513	-6.7313	21.2911
00:17:28	69.6545	-6.3911	21.5737
00:17:33	69.9572	-6.0416	21.8657
00:17:38	70.2593	-5.6826	22.1673
00:17:43	70.5607	-5.3135	22.4787
00:17:48	70.8614	-4.9338	22.8008
00:17:53	71.1613	-4.5432	23.1339
00:17:58	71.4605	-4.1411	23.4782
00:18:03	71.7589	-3.7269	23.8348
00:18:08	72.0564	-3.3001	24.1898
00:18:13	72.3531	-2.8602	24.5591
00:18:18	72.6489	-2.4064	24.9459
00:18:23	72.9436	-1.9381	25.3570
00:18:28	73.2374	-1.4546	25.7825
00:18:33	73.5301	-0.9552	26.2243
00:18:38	73.8216	-0.4389	26.6826
00:18:43	74.1120	0.0950	27.1590
00:18:48	74.4010	0.6474	27.6542
00:18:53	74.6888	1.2194	28.1681
00:18:58	74.9751	1.8119	28.7033
00:19:03	75.2600	2.4260	29.2592
00:19:08	75.5432	3.0628	29.8317
00:19:13	75.8248	3.7237	30.4208
00:19:18	76.1047	4.4099	31.0358
00:19:23	76.3826	5.1227	31.6881
00:19:28	76.6586	5.8637	32.3708
00:19:33	76.9324	6.6344	33.0836
00:19:38	77.2040	7.4365	33.8280
00:19:43	77.4731	8.2718	34.6054
00:19:48	77.7397	9.1420	35.4180
00:19:53	78.0036	10.0492	36.2673
00:19:58	78.2645	10.9954	37.1559
00:20:03	78.5224	11.9828	38.0853
00:20:08	78.7769	13.0138	39.0583
00:20:13	79.0278	14.0906	40.0648
00:20:18	79.2750	15.2159	41.1180
00:20:23	79.5180	16.3922	42.2257
00:20:28	79.7567	17.6221	43.3978
00:20:33	79.9907	18.9085	44.6263
01:40:56	35.1949	0.1990	11.4658
01:41:01	35.5165	0.2790	11.4896
01:41:06	35.8381	0.3596	11.5149
01:41:11	36.1597	0.4406	11.5392
01:41:16	36.4812	0.5221	11.5571
01:41:21	36.8027	0.6042	11.5742
01:41:26	37.1241	0.6867	11.5957
01:41:31	37.4454	0.7697	11.6227
01:41:36	37.7667	0.8533	11.6506
01:41:41	38.0880	0.9374	11.6791
01:41:46	38.4092	1.0221	11.7078
01:41:51	38.7303	1.1074	11.7375
01:41:56	39.0514	1.1932	11.7670
01:42:01	39.3725	1.2796	11.7973
01:42:06	39.6934	1.3666	11.8286
01:42:11	40.0144	1.4543	11.8607
01:42:16	40.3352	1.5425	11.8877
01:42:21	40.6560	1.6314	11.9117
01:42:26	40.9768	1.7210	11.9358
01:42:31	41.2975	1.8112	11.9686
01:42:36	41.6181	1.9021	12.0035
01:42:41	41.9386	1.9937	12.0391
01:42:46	42.2591	2.0860	12.0754
01:42:51	42.5796	2.1791	12.1122
01:42:56	42.8999	2.2728	12.1497
01:43:01	43.2202	2.3674	12.1882
01:43:06	43.5404	2.4627	12.2282
01:43:11	43.8606	2.5588	12.2677
01:43:16	44.1807	2.6557	12.3085
01:43:21	44.5007	2.7534	12.3403
01:43:26	44.8206	2.8520	12.3731
01:43:31	45.1405	2.9514	12.4089
01:43:36	45.4603	3.0517	12.4529
01:43:41	45.7800	3.1530	12.4977
01:43:46	46.0997	3.2551	12.5439
01:43:51	46.4192	3.3582	12.5903
01:43:56	46.7387	3.4622	12.6387
01:44:01	47.0581	3.5673	12.6877
01:44:06	47.3775	3.6733	12.7370
01:44:11	47.6967	3.7804	12.7883
01:44:16	48.0158	3.8885	12.8398
01:44:21	48.3349	3.9977	12.8886
01:44:26	48.6539	4.1081	12.9312
01:44:31	48.9728	4.2195	12.9760
01:44:36	49.2916	4.3322	13.0298
01:44:41	49.6103	4.4460	13.0870
01:44:46	49.9289	4.5610	13.1457
01:44:51	50.2474	4.6772	13.2052
01:44:56	50.5658	4.7948	13.2661
01:45:01	50.8841	4.9136	13.3290
01:45:06	51.2023	5.0338	13.3926
01:45:11	51.5204	5.1554	13.4574
01:45:16	51.8384	5.2784	13.5239
01:45:21	52.1562	5.4029	13.5922
01:45:26	52.4740	5.5288	13.6516
01:45:31	52.7917	5.6562	13.7110
01:45:36	53.1092	5.7852	13.7739
01:45:41	53.4266	5.9158	13.8481
01:45:46	53.7439	6.0481	13.9236
01:45:51	54.0611	6.1820	14.0007
01:45:56	54.3781	6.3177	14.0801
01:46:01	54.6951	6.4551	14.1606
01:46:06	55.0118	6.5944	14.2433
01:46:11	55.3285	6.7356	14.3278
01:46:16	55.6450	6.8786	14.4139
01:46:21	55.9614	7.0237	14.5023
01:46:26	56.2776	7.1708	14.5890
01:46:31	56.5937	7.3201	14.6698
01:46:36	56.9096	7.4714	14.7529
01:46:41	57.2253	7.6250	14.8444
01:46:46	57.5409	7.7809	14.9434
01:46:51	57.8564	7.9391	15.0449
01:46:56	58.1716	8.0997	15.1484
01:47:01	58.4867	8.2629	15.2546
01:47:06	58.8017	8.4286	15.3635
01:47:11	59.1164	8.5969	15.4748
01:47:16	59.4309	8.7680	15.5892
01:47:21	59.7453	8.9419	15.7060
01:47:26	60.0594	9.1186	15.8256
01:47:31	60.3734	9.2984	15.9393
01:47:36	60.6871	9.4813	16.0528
01:47:41	61.0006	9.6673	16.1699
01:47:46	61.3139	9.8566	16.3020
01:47:51	61.6270	10.0493	16.4377
01:47:56	61.9398	10.2455	16.5764
01:48:01	62.2524	10.4453	16.7194
01:48:06	62.5648	10.6489	16.8660
01:48:11	62.8768	10.8563	17.0161
01:48:16	63.1886	11.0677	17.1706
01:48:21	63.5002	11.2833	17.3287
01:48:26	63.8114	11.5032	17.4916
01:48:31	64.1224	11.7275	17.6565
01:48:36	64.4330	11.9564	17.8147
01:48:41	64.7433	12.1900	17.9788
01:48:46	65.0533	12.4286	18.1532
01:48:51	65.3630	12.6722	18.3391
01:48:56	65.6723	12.9212	18.5309
01:49:01	65.9813	13.1756	18.7283
01:49:06	66.2898	13.4358	18.9311
01:49:11	66.5980	13.7019	19.1397
01:49:16	66.9058	13.9742	19.3545
01:49:21	67.2131	14.2529	19.5757
01:49:26	67.5200	14.5382	19.8042
01:49:31	67.8265	14.8304	20.0389
01:49:36	68.1325	15.1299	20.2730
01:49:41	68.4380	15.4368	20.5092
01:49:46	68.7429	15.7516	20.7533
01:49:51	69.0474	16.0745	21.0173
01:49:56	69.3512	16.4058	21.2911
01:50:01	69.6545	16.7460	21.5740
01:50:06	69.9572	17.0954	21.8658
01:50:11	70.2593	17.4545	22.1676
01:50:16	70.5606	17.8236	22.4790
01:50:21	70.8613	18.2032	22.8008
01:50:26	71.1613	18.5938	23.1343
01:50:31	71.4605	18.9960	23.4782
01:50:36	71.7589	19.4101	23.8346
01:50:41	72.0564	19.8369	24.1902
01:50:46	72.3531	20.2769	24.5589
01:50:51	72.6488	20.7306	24.9461
01:50:56	72.9436	21.1989	25.3564
01:51:01	73.2374	21.6824	25.7826
01:51:06	73.5300	22.1819	26.2247
01:51:11	73.8216	22.6981	26.6827
01:51:16	74.1119	23.2320	27.1591
01:51:21	74.4010	23.7844	27.6538
01:51:26	74.6888	24.3564	28.1679
01:51:31	74.9751	24.9488	28.7029
03:13:29	35.1951	23.3360	11.4664
03:13:34	35.5168	23.4160	11.4905
03:13:39	35.8384	23.4966	11.5155
03:13:44	36.1599	23.5776	11.5390
03:13:49	36.4814	23.6591	11.5569
03:13:54	36.8029	23.7412	11.5740
03:13:59	37.1243	23.8237	11.5957
03:14:04	37.4457	23.9067	11.6232
03:14:09	37.7670	23.9903	11.6506
03:14:14	38.0883	24.0744	11.6790
03:14:19	38.4095	24.1591	11.7078
03:14:24	38.7306	24.2444	11.7368
03:14:29	39.0517	24.3302	11.7668
03:14:34	39.3727	24.4166	11.7977
03:14:39	39.6937	24.5036	11.8290
03:14:44	40.0146	24.5913	11.8605
03:14:49	40.3355	24.6795	11.8876
03:14:54	40.6563	24.7685	11.9117
03:14:59	40.9770	24.8580	11.9357
03:15:04	41.2977	24.9482	11.9692
12:50:11	60.6595	-29.9636	163.9594
12:50:16	60.3457	-29.7811	164.0762
12:50:21	60.0317	-29.6016	164.1867
12:50:26	59.7175	-29.4251	164.2941
12:50:31	59.4031	-29.2514	164.4105
12:50:36	59.0886	-29.0806	164.5244
12:50:41	58.7738	-28.9124	164.6360
12:50:46	58.4588	-28.7469	164.7448
12:50:51	58.1437	-28.5840	164.8504
12:50:56	57.8284	-28.4236	164.9541
12:51:01	57.5129	-28.2656	165.0554
12:51:06	57.1973	-28.1099	165.1540
12:51:11	56.8815	-27.9565	165.2505
12:51:16	56.5655	-27.8053	165.3428
12:51:21	56.2494	-27.6563	165.4233
12:51:26	55.9332	-27.5094	165.5018
12:51:31	55.6168	-27.3645	165.5832
12:51:36	55.3002	-27.2215	165.6700
12:51:41	54.9835	-27.0805	165.7543
12:51:46	54.6667	-26.9414	165.8370
12:51:51	54.3498	-26.8041	165.9176
12:51:56	54.0327	-26.6686	165.9963
12:52:01	53.7155	-26.5348	166.0735
12:52:06	53.3981	-26.4027	166.1494
12:52:11	53.0807	-26.2722	166.2222
12:52:16	52.7631	-26.1433	166.2949
12:52:21	52.4454	-26.0160	166.3587
12:52:26	52.1276	-25.8902	166.4169
12:52:31	51.8097	-25.7659	166.4733
12:52:36	51.4917	-25.6430	166.5392
12:52:41	51.1735	-25.5216	166.6037
12:52:46	50.8553	-25.4015	166.6674
12:52:51	50.5370	-25.2827	166.7301
12:52:56	50.2185	-25.1653	166.7914
12:53:01	49.9000	-25.0491	166.8504
12:53:06	49.5813	-24.9342	166.9091
12:53:11	49.2626	-24.8205	166.9667
12:53:16	48.9438	-24.7080	167.0230
12:53:21	48.6248	-24.5966	167.0772
12:53:26	48.3058	-24.4864	167.1207
12:53:31	47.9867	-24.3773	167.1632
12:53:36	47.6676	-24.2692	167.2080
12:53:41	47.3483	-24.1622	167.2582
12:53:46	47.0289	-24.0563	167.3084
12:53:51	46.7095	-23.9513	167.3569
12:53:56	46.3900	-23.8473	167.4046
12:54:01	46.0704	-23.7443	167.4509
12:54:06	45.7507	-23.6423	167.4972
12:54:11	45.4309	-23.5411	167.5422
12:54:16	45.1111	-23.4409	167.5864
12:54:21	44.7912	-23.3415	167.6294
12:54:26	44.4712	-23.2430	167.6672
12:54:31	44.1512	-23.1453	167.6991
12:54:36	43.8310	-23.0485	167.7299
12:54:41	43.5108	-22.9525	167.7676
12:54:46	43.1906	-22.8572	167.8065
12:54:51	42.8702	-22.7628	167.8452
12:54:56	42.5498	-22.6690	167.8833
12:55:01	42.2294	-22.5761	167.9200
12:55:06	41.9088	-22.4838	167.9559
12:55:11	41.5882	-22.3923	167.9916
12:55:16	41.2676	-22.3014	168.0264
12:55:21	40.9469	-22.2113	168.0610
12:55:26	40.6261	-22.1218	168.0941
12:55:31	40.3052	-22.0329	168.1185
12:55:36	39.9843	-21.9447	168.1416
12:55:41	39.6634	-21.8571	168.1670
12:55:46	39.3424	-21.7701	168.1979
12:55:51	39.0213	-21.6838	168.2286
12:55:56	38.7002	-21.5980	168.2577
12:56:01	38.3790	-21.5128	168.2873
12:56:06	38.0577	-21.4281	168.3163
12:56:11	37.7364	-21.3441	168.3445
12:56:16	37.4151	-21.2605	168.3723
12:56:21	37.0937	-21.1775	168.3988
12:56:26	36.7723	-21.0950	168.4259
12:56:31	36.4508	-21.0130	168.4487
12:56:36	36.1292	-20.9316	168.4663
12:56:41	35.8076	-20.8506	168.4833
12:56:46	35.4860	-20.7701	168.5047
12:56:51	35.1643	-20.6900	168.5298
14:17:57	77.7923	-29.8162	144.4080
14:18:02	77.5262	-28.9388	145.2137
14:18:07	77.2575	-28.0968	145.9976
14:18:12	76.9864	-27.2882	146.7485
14:18:17	76.7130	-26.5113	147.4674
14:18:22	76.4375	-25.7645	148.1569
14:18:27	76.1599	-25.0462	148.8171
14:18:32	75.8804	-24.3548	149.4508
14:18:37	75.5992	-23.6890	150.0586
14:18:42	75.3162	-23.0475	150.6426
14:18:47	75.0317	-22.4290	151.2032
14:18:52	74.7456	-21.8323	151.7403
14:18:57	74.4581	-21.2564	152.2452
14:19:02	74.1693	-20.7002	152.7297
14:19:07	73.8792	-20.1626	153.2017
14:19:12	73.5878	-19.6429	153.6640
14:19:17	73.2954	-19.1401	154.1094
14:19:22	73.0018	-18.6535	154.5379
14:19:27	72.7072	-18.1822	154.9519
14:19:32	72.4117	-17.7256	155.3509
14:19:37	72.1152	-17.2830	155.7356
14:19:42	71.8178	-16.8537	156.1075
14:19:47	71.5195	-16.4370	156.4664
14:19:52	71.2205	-16.0326	156.8134
14:19:57	70.9206	-15.6397	157.1409
14:20:02	70.6201	-15.2580	157.4518
14:20:07	70.3188	-14.8868	157.7518
14:20:12	70.0169	-14.5258	158.0535
14:20:17	69.7143	-14.1744	158.3473
14:20:22	69.4111	-13.8324	158.6321
14:20:27	69.1073	-13.4993	158.9078
14:20:32	68.8030	-13.1748	159.1748
14:20:37	68.4981	-12.8584	159.4337
14:20:42	68.1927	-12.5500	159.6849
14:20:47	67.8868	-12.2491	159.9283
14:20:52	67.5804	-11.9554	160.1645
14:20:57	67.2736	-11.6687	160.3936
14:21:02	66.9663	-11.3888	160.6032
14:21:07	66.6586	-11.1153	160.8060
14:21:12	66.3505	-10.8480	161.0072
14:21:17	66.0420	-10.5866	161.2110
14:21:22	65.7331	-10.3310	161.4094
14:21:27	65.4238	-10.0809	161.6025
14:21:32	65.1142	-9.8362	161.7896
14:21:37	64.8043	-9.5966	161.9718
14:21:42	64.4940	-9.3620	162.1492
14:21:47	64.1834	-9.1322	162.3221
14:21:52	63.8725	-8.9071	162.4898
14:21:57	63.5613	-8.6863	162.6533
14:22:02	63.2498	-8.4699	162.8069
14:22:07	62.9380	-8.2577	162.9490
14:22:12	62.6259	-8.0495	163.0880
14:22:17	62.3136	-7.8452	163.2318
14:22:22	62.0011	-7.6446	163.3751
14:22:27	61.6883	-7.4477	163.5150
14:22:32	61.3752	-7.2543	163.6511
14:22:37	61.0620	-7.0643	163.7844
14:22:42	60.7485	-6.8776	163.9136
14:22:47	60.4347	-6.6941	164.0406
14:22:52	60.1208	-6.5138	164.1641
14:22:57	59.8067	-6.3364	164.2845
14:23:02	59.4923	-6.1620	164.4014
14:23:07	59.1778	-5.9903	164.5054
14:23:12	58.8631	-5.8215	164.6055
14:23:17	58.5482	-5.6553	164.7043
14:23:22	58.2331	-5.4916	164.8118
14:23:27	57.9179	-5.3305	164.9153
14:23:32	57.6024	-5.1718	165.0176
14:23:37	57.2868	-5.0154	165.1170
14:23:42	56.9711	-4.8614	165.2144
14:23:47	56.6552	-4.7096	165.3093
14:23:52	56.3391	-4.5599	165.4023
14:23:57	56.0229	-4.4124	165.4926
14:24:02	55.7065	-4.2669	165.5818
14:24:07	55.3900	-4.1235	165.6644
14:24:12	55.0734	-3.9819	165.7375
14:24:17	54.7566	-3.8423	165.8091
14:24:22	54.4397	-3.7045	165.8855
14:24:27	54.1226	-3.5684	165.9652
14:24:32	53.8055	-3.4342	166.0430
14:24:37	53.4882	-3.3016	166.1189
14:24:42	53.1707	-3.1706	166.1932
14:24:47	52.8532	-3.0413	166.2654
14:24:52	52.5355	-2.9136	166.3374
14:24:57	52.2178	-2.7873	166.4068
14:25:02	51.8999	-2.6626	166.4748
14:25:07	51.5819	-2.5393	166.5420
14:25:12	51.2638	-2.4175	166.5987
14:25:17	50.9456	-2.2970	166.6519
14:25:22	50.6272	-2.1779	166.7041
14:25:27	50.3088	-2.0601	166.7656
14:25:32	49.9903	-1.9436	166.8260
14:25:37	49.6717	-1.8283	166.8841
14:25:42	49.3530	-1.7142	166.9423
14:25:47	49.0342	-1.6014	166.9991
14:25:52	48.7153	-1.4897	167.0538
14:25:57	48.3963	-1.3791	167.1083
14:26:02	48.0772	-1.2697	167.1613
14:26:07	47.7581	-1.1613	167.2134
14:26:12	47.4388	-1.0541	167.2619
14:26:17	47.1195	-0.9478	167.3023
14:26:22	46.8001	-0.8426	167.3406
14:26:27	46.4806	-0.7383	167.3833
14:26:32	46.1610	-0.6351	167.4302
14:26:37	45.8413	-0.5327	167.4768
14:26:42	45.5216	-0.4313	167.5217
14:26:47	45.2018	-0.3308	167.5666
14:26:52	44.8819	-0.2312	167.6099
14:26:57	44.5619	-0.1324	167.6529
14:27:02	44.2419	-0.0345	167.6942
14:27:07	43.9218	0.0625	167.7351
14:27:12	43.6016	0.1588	167.7752
14:27:17	43.2814	0.2542	167.8082
14:27:22	42.9611	0.3489	167.8375
14:27:27	42.6407	0.4428	167.8655
14:27:32	42.3202	0.5360	167.9018
14:27:37	41.9997	0.6285	167.9389
14:27:42	41.6792	0.7202	167.9745
14:27:47	41.3585	0.8113	168.0095
14:27:52	41.0378	0.9016	168.0439
14:27:57	40.7170	0.9913	168.0775
14:28:02	40.3962	1.0804	168.1107
14:28:07	40.0753	1.1688	168.1434
14:28:12	39.7544	1.2565	168.1750
14:28:17	39.4334	1.3437	168.2050
14:28:22	39.1123	1.4302	168.2270
14:28:27	38.7912	1.5161	168.2483
14:28:32	38.4700	1.6015	168.2721
14:28:37	38.1488	1.6863	168.3010
14:28:42	37.8275	1.7705	168.3302
14:28:47	37.5062	1.8542	168.3577
14:28:52	37.1848	1.9374	168.3853
14:28:57	36.8634	2.0200	168.4118
14:29:02	36.5419	2.1022	168.4379
14:29:07	36.2204	2.1838	168.4636
14:29:12	35.8988	2.2649	168.4895
14:29:17	35.5771	2.3455	168.5143
14:29:22	35.2555	2.4257	168.5343
15:49:46	80.0031	-16.3382	135.2889
15:49:51	79.7694	-15.0487	136.5207
15:49:56	79.5309	-13.8157	137.6957
15:50:01	79.2881	-12.6366	138.8168
15:50:06	79.0411	-11.5087	139.8867
15:50:11	78.7904	-10.4294	140.9082
15:50:16	78.5361	-9.3961	141.8746
15:50:21	78.2784	-8.4064	142.7928
15:50:26	78.0176	-7.4580	143.6695
15:50:31	77.7539	-6.5488	144.5201
15:50:36	77.4874	-5.6766	145.3346
15:50:41	77.2184	-4.8395	146.1141
15:50:46	76.9469	-4.0356	146.8602
15:50:51	76.6732	-3.2632	147.5748
15:50:56	76.3974	-2.5207	148.2594
15:51:01	76.1195	-1.8063	148.9163
15:51:06	75.8398	-1.1188	149.5458
15:51:11	75.5583	-0.4566	150.1504
15:51:16	75.2751	0.1815	150.7292
15:51:21	74.9903	0.7968	151.2728
15:51:26	74.7040	1.3904	151.7952
15:51:31	74.4163	1.9634	152.3021
15:51:36	74.1273	2.5169	152.7978
15:51:41	73.8370	3.0518	153.2752
15:51:46	73.5456	3.5690	153.7349
15:51:51	73.2529	4.0693	154.1775
15:51:56	72.9592	4.5537	154.6043
15:52:01	72.6645	5.0228	155.0157
15:52:06	72.3688	5.4773	155.4126
15:52:11	72.0722	5.9180	155.7955
15:52:16	71.7746	6.3454	156.1654
15:52:21	71.4763	6.7602	156.5154
15:52:26	71.1771	7.1630	156.8473
15:52:31	70.8772	7.5542	157.1673
15:52:36	70.5765	7.9344	157.4877
15:52:41	70.2752	8.3041	157.7999
15:52:46	69.9731	8.6637	158.1020
15:52:51	69.6705	9.0137	158.3947
15:52:56	69.3672	9.3544	158.6779
15:53:01	69.0634	9.6862	158.9522
15:53:06	68.7589	10.0095	159.2177
15:53:11	68.4540	10.3247	159.4758
15:53:16	68.1485	10.6320	159.7253
15:53:21	67.8425	10.9319	159.9681
15:53:26	67.5361	11.2245	160.1903
15:53:31	67.2292	11.5102	160.4057
15:53:36	66.9218	11.7892	160.6178
15:53:41	66.6141	12.0618	160.8328
15:53:46	66.3059	12.3282	161.0420
15:53:51	65.9973	12.5888	161.2453
15:53:56	65.6884	12.8435	161.4428
15:54:01	65.3791	13.0928	161.6349
15:54:06	65.0694	13.3368	161.8212
15:54:11	64.7594	13.5756	162.0027
15:54:16	64.4491	13.8095	162.1794
15:54:21	64.1385	14.0386	162.3515
15:54:26	63.8275	14.2631	162.5137
15:54:31	63.5163	14.4832	162.6638
15:54:36	63.2047	14.6990	162.8099
15:54:41	62.8929	14.9106	162.9606
15:54:46	62.5808	15.1183	163.1109
15:54:51	62.2685	15.3221	163.2572
15:54:56	61.9559	15.5221	163.4007
15:55:01	61.6431	15.7185	163.5397
15:55:06	61.3300	15.9114	163.6757
15:55:11	61.0167	16.1009	163.8080
15:55:16	60.7032	16.2871	163.9369
15:55:21	60.3894	16.4701	164.0632
15:55:26	60.0755	16.6501	164.1864
15:55:31	59.7613	16.8270	164.2957
15:55:36	59.4469	17.0010	164.4005
15:55:41	59.1324	17.1722	164.5042
15:55:46	58.8176	17.3407	164.6156
15:55:51	58.5027	17.5066	164.7252
15:55:56	58.1876	17.6699	164.8315
15:56:01	57.8723	17.8306	164.9354
15:56:06	57.5569	17.9890	165.0366
15:56:11	57.2413	18.1450	165.1357
15:56:16	56.9255	18.2987	165.2331
15:56:21	56.6096	18.4502	165.3271
15:56:26	56.2935	18.5995	165.4198
15:56:31	55.9773	18.7467	165.5073
15:56:36	55.6609	18.8919	165.5837
15:56:41	55.3443	19.0351	165.6587
15:56:46	55.0277	19.1763	165.7380
15:56:51	54.7109	19.3157	165.8212
15:56:56	54.3940	19.4533	165.9018
15:57:01	54.0769	19.5891	165.9810
15:57:06	53.7597	19.7231	166.0581
15:57:11	53.4424	19.8554	166.1343
15:57:16	53.1250	19.9861	166.2079
15:57:21	52.8074	20.1152	166.2812
15:57:26	52.4897	20.2428	166.3521
15:57:31	52.1719	20.3688	166.4213
15:57:36	51.8540	20.4933	166.4810
15:57:41	51.5360	20.6163	166.5364
15:57:46	51.2179	20.7380	166.5904
15:57:51	50.8997	20.8583	166.6547
15:57:56	50.5814	20.9772	166.7170
15:58:01	50.2629	21.0948	166.7784
15:58:06	49.9444	21.2112	166.8387
15:58:11	49.6258	21.3263	166.8971
15:58:16	49.3071	21.4401	166.9549
15:58:21	48.9883	21.5528	167.0109
15:58:26	48.6694	21.6643	167.0661
15:58:31	48.3504	21.7747	167.1198
15:58:36	48.0313	21.8840	167.1712
15:58:41	47.7121	21.9922	167.2128
15:58:46	47.3928	22.0993	167.2529
15:58:51	47.0735	22.2054	167.2969
15:58:56	46.7541	22.3105	167.3463
15:59:01	46.4346	22.4146	167.3944
15:59:06	46.1150	22.5178	167.4413
15:59:11	45.7953	22.6200	167.4873
15:59:16	45.4756	22.7213	167.5326
15:59:21	45.1558	22.8216	167.5764
15:59:26	44.8359	22.9211	167.6193
15:59:31	44.5159	23.0197	167.6619
15:59:36	44.1958	23.1175	167.7042
15:59:41	43.8757	23.2144	167.7392
15:59:46	43.5556	23.3106	167.7696
15:59:51	43.2353	23.4059	167.7986
15:59:56	42.9150	23.5005	167.8358
16:00:01	42.5946	23.5943	167.8741
16:00:06	42.2741	23.6874	167.9113
16:00:11	41.9536	23.7798	167.9474
16:00:16	41.6330	23.8714	167.9831
16:00:21	41.3124	23.9624	168.0184
16:00:26	40.9917	24.0526	168.0528
16:00:31	40.6709	24.1422	168.0858
16:00:36	40.3501	24.2311	168.1188
16:00:41	40.0292	24.3194	168.1515
16:00:46	39.7082	24.4071	168.1739
16:00:51	39.3872	24.4942	168.1963
16:00:56	39.0662	24.5806	168.2202
16:01:01	38.7451	24.6665	168.2504
16:01:06	38.4239	24.7518	168.2799
16:01:11	38.1026	24.8365	168.3088
16:01:16	37.7814	24.9206	168.3368
16:01:21	37.4705	25.0015	355.4510
17:22:23	79.8143	7.8472	136.2832
17:22:28	79.5768	9.0907	137.4687
17:22:33	79.3347	10.2798	138.6004
17:22:38	79.0886	11.4173	139.6799
17:22:43	78.8385	12.5057	140.7103
17:22:48	78.5849	13.5477	141.6945
17:22:53	78.3278	14.5455	142.6345
17:22:58	78.0676	15.5016	143.5314
17:23:03	77.8044	16.4181	144.3762
17:23:08	77.5385	17.2971	145.1836
17:23:13	77.2699	18.1407	145.9607
17:23:18	76.9989	18.9508	146.7130
17:23:23	76.7256	19.7291	147.4336
17:23:28	76.4502	20.4772	148.1243
17:23:33	76.1727	21.1968	148.7856
17:23:38	75.8933	21.8894	149.4207
17:23:43	75.6121	22.5563	150.0296
17:23:48	75.3293	23.1989	150.6143
17:23:53	75.0448	23.8185	151.1763
17:23:58	74.7588	24.4161	151.7161
17:24:03	74.4714	24.9930	152.2367
21:55:14	76.9038	-29.5185	33.0043
21:55:19	77.1756	-28.7197	33.7449
21:55:24	77.4451	-27.8880	34.5189
21:55:29	77.7120	-27.0215	35.3272
21:55:34	77.9761	-26.1183	36.1724
21:55:39	78.2374	-25.1762	37.0569
21:55:44	78.4956	-24.1931	37.9823
21:55:49	78.7505	-23.1668	38.9506
21:55:54	79.0018	-22.0948	39.9646
21:55:59	79.2494	-20.9747	41.0197
21:56:04	79.4929	-19.8038	42.1196
21:56:09	79.7320	-18.5795	43.2719
21:56:14	79.9666	-17.2990	44.4911
23:21:31	53.9893	-29.9188	13.9759
23:21:36	54.3064	-29.7835	14.0546
23:21:41	54.6234	-29.6465	14.1354
23:21:46	54.9402	-29.5076	14.2174
23:21:51	55.2569	-29.3669	14.3017
23:21:56	55.5735	-29.2242	14.3874
23:22:01	55.8899	-29.0796	14.4752
23:22:06	56.2061	-28.9329	14.5649
23:22:11	56.5223	-28.7842	14.6572
23:22:16	56.8382	-28.6333	14.7510
23:22:21	57.1540	-28.4802	14.8443
23:22:26	57.4697	-28.3249	14.9307
23:22:31	57.7852	-28.1672	15.0199
23:22:36	58.1005	-28.0071	15.1175
23:22:41	58.4156	-27.8445	15.2233
23:22:46	58.7306	-27.6794	15.3313
23:22:51	59.0454	-27.5116	15.4420
23:22:56	59.3600	-27.3412	15.5554
23:23:01	59.6744	-27.1679	15.6718
23:23:06	59.9886	-26.9918	15.7908
23:23:11	60.3026	-26.8127	15.9130
23:23:16	60.6164	-26.6306	16.0385
23:23:21	60.9300	-26.4453	16.1665
23:23:26	61.2434	-26.2567	16.2894
23:23:31	61.5565	-26.0647	16.4116
23:23:36	61.8694	-25.8693	16.5382
23:23:41	62.1821	-25.6703	16.6791
23:23:46	62.4945	-25.4676	16.8246
23:23:51	62.8066	-25.2611	16.9744
23:23:56	63.1185	-25.0505	17.1276
23:24:01	63.4301	-24.8359	17.2848
23:24:06	63.7414	-24.6170	17.4465
23:24:11	64.0525	-24.3937	17.6128
23:24:16	64.3632	-24.1659	17.7833
23:24:21	64.6736	-23.9333	17.9584
23:24:26	64.9837	-23.6959	18.1369
23:24:31	65.2934	-23.4533	18.3097
23:24:36	65.6028	-23.2056	18.4872
23:24:41	65.9119	-22.9523	18.6757
23:24:46	66.2206	-22.6934	18.8774
23:24:51	66.5288	-22.4287	19.0844
23:24:56	66.8367	-22.1578	19.2981
23:25:01	67.1442	-21.8806	19.5180
23:25:06	67.4512	-21.5968	19.7440
23:25:11	67.7578	-21.3061	19.9774
23:25:16	68.0639	-21.0083	20.2182
23:25:21	68.3695	-20.7031	20.4659
23:25:26	68.6746	-20.3901	20.7211
23:25:31	68.9792	-20.0690	20.9774
23:25:36	69.2832	-19.7396	21.2357
23:25:41	69.5866	-19.4014	21.5033
23:25:46	69.8894	-19.0540	21.7912
23:25:51	70.1916	-18.6972	22.0905
23:25:56	70.4932	-18.3303	22.3998
23:26:01	70.7941	-17.9531	22.7202
23:26:06	71.0942	-17.5650	23.0501
23:26:11	71.3936	-17.1654	23.3921
23:26:16	71.6922	-16.7540	23.7459
23:26:21	71.9899	-16.3301	24.1122
23:26:26	72.2868	-15.8932	24.4917
23:26:31	72.5828	-15.4425	24.8841
23:26:36	72.8778	-14.9775	25.2786
23:26:41	73.1718	-14.4974	25.6872
23:26:46	73.4647	-14.0015	26.1157
23:26:51	73.7565	-13.4891	26.5703
23:26:56	74.0471	-12.9592	27.0429
23:27:01	74.3365	-12.4110	27.5333
23:27:06	74.6246	-11.8435	28.0432
23:27:11	74.9113	-11.2557	28.5733
23:27:16	75.1965	-10.6465	29.1248
23:27:21	75.4801	-10.0148	29.6987
23:27:26	75.7621	-9.3594	30.2962
23:27:31	76.0423	-8.6789	30.9187
23:27:36	76.3207	-7.9721	31.5614
23:27:41	76.5971	-7.2375	32.2247
23:27:46	76.8715	-6.4735	32.9174
23:27:51	77.1436	-5.6785	33.6507
23:27:56	77.4133	-4.8508	34.4208
23:28:01	77.6805	-3.9885	35.2255
23:28:06	77.9450	-3.0898	36.0660
23:28:11	78.2066	-2.1524	36.9457
23:28:16	78.4652	-1.1743	37.8656
23:28:21	78.7204	-0.1533	38.8290
23:28:26	78.9722	0.9131	39.8379
23:28:31	79.2202	2.0274	40.8939
23:28:36	79.4642	3.1922	42.0013
23:28:41	79.7039	4.4100	43.1484
23:28:46	79.9390	5.6837	44.3504
23:59:59	-999.00	-999.00	-999.00
