2024/11/17 EARTHCARE
GMT	SUBLAT[N+]	SUBLON[W+]	HEADING
00:08:22	35.2598	-22.9285	11.4744
00:08:27	35.5814	-22.8484	11.4918
00:08:32	35.9030	-22.7677	11.5084
00:08:37	36.2246	-22.6866	11.5264
00:08:42	36.5461	-22.6050	11.5525
00:08:47	36.8675	-22.5229	11.5790
00:08:52	37.1890	-22.4402	11.6052
00:08:57	37.5103	-22.3571	11.6327
00:09:02	37.8316	-22.2734	11.6606
00:09:07	38.1529	-22.1892	11.6888
00:09:12	38.4741	-22.1044	11.7180
00:09:17	38.7952	-22.0190	11.7475
00:09:22	39.1163	-21.9331	11.7772
00:09:27	39.4373	-21.8465	11.8052
00:09:32	39.7583	-21.7594	11.8276
00:09:37	40.0792	-21.6716	11.8504
00:09:42	40.4001	-21.5832	11.8785
00:09:47	40.7209	-21.4942	11.9121
00:09:52	41.0416	-21.4045	11.9458
00:09:57	41.3623	-21.3142	11.9798
00:10:02	41.6829	-21.2232	12.0149
00:10:07	42.0034	-21.1314	12.0511
00:10:12	42.3239	-21.0390	12.0868
00:10:17	42.6444	-20.9458	12.1242
00:10:22	42.9647	-20.8519	12.1627
00:10:27	43.2850	-20.7572	12.2011
00:10:32	43.6052	-20.6617	12.2334
00:10:37	43.9254	-20.5654	12.2643
00:10:42	44.2454	-20.4684	12.2945
00:10:47	44.5655	-20.3705	12.3367
00:10:52	44.8854	-20.2717	12.3793
00:10:57	45.2053	-20.1721	12.4227
00:11:02	45.5250	-20.0716	12.4671
00:11:07	45.8448	-19.9702	12.5123
00:11:12	46.1644	-19.8679	12.5586
00:11:17	46.4839	-19.7646	12.6058
00:11:22	46.8034	-19.6604	12.6532
00:11:27	47.1228	-19.5551	12.7021
00:11:32	47.4421	-19.4489	12.7507
00:11:37	47.7613	-19.3416	12.7911
00:11:42	48.0805	-19.2332	12.8328
00:11:47	48.3995	-19.1238	12.8801
00:11:52	48.7185	-19.0133	12.9339
00:11:57	49.0374	-18.9016	12.9893
00:12:02	49.3561	-18.7887	13.0466
00:12:07	49.6748	-18.6747	13.1041
00:12:12	49.9934	-18.5594	13.1632
00:12:17	50.3119	-18.4429	13.2229
00:12:22	50.6303	-18.3251	13.2842
00:12:27	50.9486	-18.2059	13.3466
00:12:32	51.2668	-18.0855	13.4110
00:12:37	51.5849	-17.9636	13.4697
00:12:42	51.9028	-17.8403	13.5255
00:12:47	52.2207	-17.7156	13.5821
00:12:52	52.5385	-17.5894	13.6511
00:12:57	52.8561	-17.4616	13.7223
00:13:02	53.1736	-17.3323	13.7948
00:13:07	53.4910	-17.2014	13.8691
00:13:12	53.8083	-17.0688	13.9447
00:13:17	54.1254	-16.9345	14.0226
00:13:22	54.4425	-16.7985	14.1019
00:13:27	54.7594	-16.6607	14.1832
00:13:32	55.0761	-16.5210	14.2661
00:13:37	55.3928	-16.3795	14.3504
00:13:42	55.7092	-16.2360	14.4253
00:13:47	56.0256	-16.0905	14.5023
00:13:52	56.3418	-15.9429	14.5857
00:13:57	56.6578	-15.7933	14.6785
00:14:02	56.9737	-15.6415	14.7730
00:14:07	57.2895	-15.4875	14.8706
00:14:12	57.6050	-15.3311	14.9701
00:14:17	57.9204	-15.1724	15.0716
00:14:22	58.2357	-15.0113	15.1762
00:14:27	58.5507	-14.8476	15.2830
00:14:32	58.8656	-14.6814	15.3924
00:14:37	59.1803	-14.5125	15.5040
00:14:42	59.4948	-14.3409	15.6131
00:14:47	59.8091	-14.1664	15.7186
00:14:52	60.1233	-13.9890	15.8261
00:14:57	60.4372	-13.8086	15.9471
00:15:02	60.7509	-13.6251	16.0736
00:15:07	61.0644	-13.4385	16.2030
00:15:12	61.3776	-13.2485	16.3360
00:15:17	61.6906	-13.0551	16.4723
00:15:22	62.0034	-12.8581	16.6123
00:15:27	62.3160	-12.6576	16.7555
00:15:32	62.6283	-12.4532	16.9030
00:15:37	62.9403	-12.2450	17.0539
00:15:42	63.2520	-12.0327	17.2091
00:15:47	63.5635	-11.8163	17.3563
00:15:52	63.8747	-11.5955	17.5073
00:15:57	64.1856	-11.3703	17.6655
00:16:02	64.4962	-11.1405	17.8378
00:16:07	64.8065	-10.9059	18.0150
00:16:12	65.1164	-10.6663	18.1980
00:16:17	65.4260	-10.4216	18.3850
00:16:22	65.7352	-10.1715	18.5780
00:16:27	66.0441	-9.9159	18.7757
00:16:32	66.3526	-9.6545	18.9803
00:16:37	66.6607	-9.3871	19.1901
00:16:42	66.9684	-9.1136	19.4059
00:16:47	67.2757	-8.8336	19.6245
00:16:52	67.5825	-8.5468	19.8406
00:16:57	67.8889	-8.2531	20.0641
00:17:02	68.1947	-7.9522	20.3027
00:17:07	68.5001	-7.6437	20.5538
00:17:12	68.8050	-7.3273	20.8129
00:17:17	69.1093	-7.0028	21.0796
00:17:22	69.4131	-6.6696	21.3554
00:17:27	69.7163	-6.3276	21.6397
00:17:32	70.0188	-5.9762	21.9336
00:17:37	70.3208	-5.6151	22.2374
00:17:42	70.6220	-5.2439	22.5508
00:17:47	70.9225	-4.8620	22.8753
00:17:52	71.2223	-4.4691	23.2003
00:17:57	71.5214	-4.0645	23.5340
00:18:02	71.8196	-3.6478	23.8806
00:18:07	72.1170	-3.2185	24.2521
00:18:12	72.4135	-2.7757	24.6369
00:18:17	72.7090	-2.3191	25.0364
00:18:22	73.0036	-1.8477	25.4503
00:18:27	73.2972	-1.3610	25.8791
00:18:32	73.5896	-0.8582	26.3241
00:18:37	73.8809	-0.3384	26.7863
00:18:42	74.1710	0.1992	27.2662
00:18:47	74.4598	0.7556	27.7650
00:18:52	74.7473	1.3317	28.2801
00:18:57	75.0333	1.9285	28.8057
00:19:02	75.3179	2.5472	29.3533
00:19:07	75.6008	3.1888	29.9303
00:19:12	75.8821	3.8547	30.5386
00:19:17	76.1615	4.5462	31.1721
00:19:22	76.4391	5.2647	31.8326
00:19:27	76.7146	6.0117	32.5223
00:19:32	76.9880	6.7887	33.2414
00:19:37	77.2591	7.5974	33.9925
00:19:42	77.5277	8.4397	34.7765
00:19:47	77.7938	9.3173	35.5966
00:19:52	78.0571	10.2323	36.4537
00:19:57	78.3174	11.1868	37.3413
00:20:02	78.5746	12.1830	38.2659
00:20:07	78.8284	13.2231	39.2337
00:20:12	79.0786	14.3096	40.2623
00:20:17	79.3249	15.4451	41.3397
00:20:22	79.5671	16.6321	42.4684
00:20:27	79.8049	17.8734	43.6517
00:20:31	80.0033	18.9738	201.7115
01:40:55	35.2599	0.2084	11.4744
01:41:00	35.5816	0.2886	11.4918
01:41:05	35.9032	0.3692	11.5077
01:41:10	36.2247	0.4504	11.5266
01:41:15	36.5462	0.5320	11.5525
01:41:20	36.8677	0.6141	11.5783
01:41:25	37.1891	0.6967	11.6054
01:41:30	37.5104	0.7799	11.6327
01:41:35	37.8318	0.8636	11.6606
01:41:40	38.1530	0.9478	11.6886
01:41:45	38.4742	1.0326	11.7180
01:41:50	38.7953	1.1180	11.7474
01:41:55	39.1164	1.2039	11.7772
01:42:00	39.4375	1.2904	11.8052
01:42:05	39.7584	1.3776	11.8269
01:42:10	40.0793	1.4653	11.8504
01:42:15	40.4002	1.5537	11.8785
01:42:20	40.7210	1.6427	11.9121
01:42:25	41.0417	1.7324	11.9451
01:42:30	41.3624	1.8228	11.9798
01:42:35	41.6830	1.9138	12.0151
01:42:40	42.0036	2.0055	12.0510
01:42:45	42.3240	2.0980	12.0876
01:42:50	42.6445	2.1912	12.1241
01:42:55	42.9648	2.2851	12.1626
01:43:00	43.2851	2.3798	12.2009
01:43:05	43.6053	2.4753	12.2329
01:43:10	43.9255	2.5715	12.2641
01:43:15	44.2456	2.6686	12.2947
01:43:20	44.5656	2.7665	12.3369
01:43:25	44.8855	2.8652	12.3794
01:43:30	45.2054	2.9648	12.4228
01:43:35	45.5251	3.0653	12.4671
01:43:40	45.8449	3.1667	12.5121
01:43:45	46.1645	3.2691	12.5586
01:43:50	46.4840	3.3723	12.6057
01:43:55	46.8035	3.4766	12.6537
01:44:00	47.1229	3.5818	12.7029
01:44:05	47.4422	3.6881	12.7508
01:44:10	47.7614	3.7954	12.7911
01:44:15	48.0806	3.9037	12.8330
01:44:20	48.3996	4.0132	12.8803
01:44:25	48.7186	4.1237	12.9345
01:44:30	49.0375	4.2354	12.9899
01:44:35	49.3562	4.3482	13.0460
01:44:40	49.6749	4.4623	13.1039
01:44:45	49.9935	4.5775	13.1628
01:44:50	50.3120	4.6941	13.2229
01:44:55	50.6304	4.8119	13.2844
01:45:00	50.9487	4.9310	13.3466
01:45:05	51.2669	5.0515	13.4111
01:45:10	51.5849	5.1734	13.4699
01:45:15	51.9029	5.2966	13.5255
01:45:20	52.2208	5.4214	13.5821
01:45:25	52.5385	5.5476	13.6506
01:45:30	52.8562	5.6753	13.7215
01:45:35	53.1737	5.8047	13.7948
01:45:40	53.4911	5.9356	13.8691
01:45:45	53.8084	6.0682	13.9449
01:45:50	54.1255	6.2024	14.0226
01:45:55	54.4425	6.3385	14.1019
01:46:00	54.7594	6.4763	14.1832
01:46:05	55.0762	6.6159	14.2663
01:46:10	55.3928	6.7575	14.3506
01:46:15	55.7093	6.9010	14.4255
01:46:20	56.0256	7.0465	14.5028
01:46:25	56.3418	7.1940	14.5856
01:46:30	56.6579	7.3437	14.6782
01:46:35	56.9738	7.4955	14.7735
01:46:40	57.2895	7.6495	14.8704
01:46:45	57.6051	7.8058	14.9697
01:46:50	57.9205	7.9645	15.0720
01:46:55	58.2357	8.1257	15.1762
01:47:00	58.5508	8.2893	15.2829
01:47:05	58.8657	8.4556	15.3924
01:47:10	59.1804	8.6245	15.5047
01:47:15	59.4949	8.7961	15.6131
01:47:20	59.8092	8.9706	15.7186
01:47:25	60.1233	9.1480	15.8261
01:47:30	60.4372	9.3283	15.9467
01:47:35	60.7509	9.5118	16.0736
01:47:40	61.0644	9.6985	16.2034
01:47:45	61.3776	9.8885	16.3362
01:47:50	61.6907	10.0819	16.4719
01:47:55	62.0035	10.2788	16.6121
01:48:00	62.3160	10.4794	16.7555
01:48:05	62.6283	10.6837	16.9026
01:48:10	62.9403	10.8920	17.0538
01:48:15	63.2521	11.1042	17.2091
01:48:20	63.5635	11.3207	17.3567
01:48:25	63.8747	11.5414	17.5076
01:48:30	64.1856	11.7666	17.6655
01:48:35	64.4962	11.9965	17.8378
01:48:40	64.8065	12.2311	18.0153
01:48:45	65.1164	12.4706	18.1976
01:48:50	65.4260	12.7154	18.3847
01:48:55	65.7352	12.9654	18.5776
01:49:00	66.0441	13.2211	18.7760
01:49:05	66.3526	13.4824	18.9803
01:49:10	66.6607	13.7498	19.1900
01:49:15	66.9684	14.0233	19.4065
01:49:20	67.2757	14.3034	19.6241
01:49:25	67.5825	14.5901	19.8409
01:49:30	67.8889	14.8838	20.0641
01:49:35	68.1947	15.1847	20.3030
01:49:40	68.5001	15.4932	20.5538
01:49:45	68.8050	15.8096	20.8123
01:49:50	69.1093	16.1342	21.0796
01:49:55	69.4131	16.4673	21.3551
01:50:00	69.7163	16.8093	21.6398
01:50:05	70.0188	17.1607	21.9334
01:50:10	70.3207	17.5218	22.2375
01:50:15	70.6220	17.8930	22.5508
01:50:20	70.9225	18.2749	22.8753
01:50:25	71.2223	18.6678	23.2004
01:50:30	71.5214	19.0724	23.5334
01:50:35	71.8196	19.4891	23.8803
01:50:40	72.1170	19.9184	24.2524
01:50:45	72.4135	20.3611	24.6370
01:50:50	72.7090	20.8178	25.0361
01:50:55	73.0036	21.2891	25.4501
01:51:00	73.2971	21.7758	25.8789
01:51:05	73.5896	22.2787	26.3246
01:51:10	73.8809	22.7985	26.7863
01:51:15	74.1710	23.3361	27.2663
01:51:20	74.4598	23.8925	27.7651
01:51:25	74.7473	24.4685	28.2804
01:51:30	75.0011	24.9968	182.1857
03:13:28	35.2602	23.3453	11.4744
03:13:33	35.5818	23.4255	11.4918
03:13:38	35.9034	23.5061	11.5086
03:13:43	36.2250	23.5872	11.5264
03:13:48	36.5465	23.6688	11.5524
03:13:53	36.8679	23.7510	11.5783
03:13:58	37.1894	23.8336	11.6060
03:14:03	37.5107	23.9167	11.6327
03:14:08	37.8320	24.0004	11.6605
03:14:13	38.1533	24.0847	11.6887
03:14:18	38.4745	24.1695	11.7179
03:14:23	38.7956	24.2548	11.7472
03:14:28	39.1167	24.3408	11.7770
03:14:33	39.4377	24.4273	11.8052
03:14:38	39.7587	24.5145	11.8275
03:14:43	40.0796	24.6022	11.8501
03:14:48	40.4005	24.6906	11.8792
03:14:53	40.7213	24.7796	11.9120
03:14:58	41.0420	24.8693	11.9459
03:15:03	41.3627	24.9597	11.9804
12:50:09	60.6465	-29.9658	163.9631
12:50:14	60.3327	-29.7833	164.0765
12:50:19	60.0187	-29.6040	164.1866
12:50:24	59.7045	-29.4276	164.3006
12:50:29	59.3901	-29.2540	164.4167
12:50:34	59.0755	-29.0833	164.5306
12:50:39	58.7607	-28.9153	164.6422
12:50:44	58.4458	-28.7499	164.7505
12:50:49	58.1306	-28.5871	164.8561
12:50:54	57.8153	-28.4268	164.9600
12:50:59	57.4998	-28.2688	165.0608
12:51:04	57.1842	-28.1133	165.1598
12:51:09	56.8684	-27.9600	165.2560
12:51:14	56.5524	-27.8089	165.3421
12:51:19	56.2363	-27.6600	165.4227
12:51:24	55.9200	-27.5131	165.5013
12:51:29	55.6036	-27.3683	165.5889
12:51:34	55.2871	-27.2254	165.6753
12:51:39	54.9704	-27.0845	165.7591
12:51:44	54.6535	-26.9455	165.8417
12:51:49	54.3366	-26.8082	165.9223
12:51:54	54.0195	-26.6728	166.0015
12:51:59	53.7023	-26.5391	166.0781
12:52:04	53.3849	-26.4070	166.1536
12:52:09	53.0674	-26.2766	166.2273
12:52:14	52.7499	-26.1478	166.2980
12:52:19	52.4322	-26.0206	166.3576
12:52:24	52.1143	-25.8949	166.4153
12:52:29	51.7964	-25.7706	166.4768
12:52:34	51.4784	-25.6478	166.5433
12:52:39	51.1602	-25.5264	166.6081
12:52:44	50.8420	-25.4064	166.6716
12:52:49	50.5236	-25.2877	166.7340
12:52:54	50.2052	-25.1703	166.7954
12:52:59	49.8866	-25.0542	166.8548
12:53:04	49.5680	-24.9393	166.9132
12:53:09	49.2493	-24.8257	166.9709
12:53:14	48.9304	-24.7132	167.0267
12:53:19	48.6115	-24.6019	167.0760
12:53:24	48.2925	-24.4917	167.1190
12:53:29	47.9734	-24.3826	167.1613
12:53:34	47.6542	-24.2746	167.2114
12:53:39	47.3349	-24.1677	167.2624
12:53:44	47.0155	-24.0618	167.3119
12:53:49	46.6961	-23.9569	167.3605
12:53:54	46.3765	-23.8529	167.4083
12:53:59	46.0569	-23.7500	167.4548
12:54:04	45.7372	-23.6479	167.5013
12:54:09	45.4175	-23.5468	167.5458
12:54:14	45.0976	-23.4466	167.5898
12:54:19	44.7777	-23.3473	167.6331
12:54:24	44.4577	-23.2489	167.6654
12:54:29	44.1377	-23.1512	167.6972
12:54:34	43.8175	-23.0544	167.7311
12:54:39	43.4973	-22.9584	167.7709
12:54:44	43.1771	-22.8632	167.8099
12:54:49	42.8567	-22.7688	167.8486
12:54:54	42.5363	-22.6751	167.8866
12:54:59	42.2158	-22.5822	167.9229
12:55:04	41.8953	-22.4900	167.9597
12:55:09	41.5747	-22.3985	167.9951
12:55:14	41.2540	-22.3076	168.0300
12:55:19	40.9333	-22.2175	168.0639
12:55:24	40.6125	-22.1280	168.0933
12:55:29	40.2917	-22.0392	168.1172
12:55:34	39.9708	-21.9511	168.1408
12:55:39	39.6498	-21.8635	168.1693
12:55:44	39.3288	-21.7766	168.2005
12:55:49	39.0077	-21.6902	168.2314
12:55:54	38.6866	-21.6045	168.2612
12:55:59	38.3654	-21.5193	168.2901
12:56:04	38.0441	-21.4347	168.3186
12:56:09	37.7228	-21.3506	168.3473
12:56:14	37.4015	-21.2671	168.3752
12:56:19	37.0801	-21.1841	168.4019
12:56:24	36.7586	-21.1017	168.4288
12:56:29	36.4371	-21.0197	168.4476
12:56:34	36.1155	-20.9383	168.4645
12:56:39	35.7939	-20.8573	168.4829
12:56:44	35.4723	-20.7768	168.5079
12:56:49	35.1506	-20.6968	168.5325
14:17:56	77.7893	-29.8163	144.4152
14:18:01	77.5232	-28.9393	145.2215
14:18:06	77.2545	-28.0976	146.0059
14:18:11	76.9834	-27.2893	146.7560
14:18:16	76.7099	-26.5128	147.4753
14:18:21	76.4344	-25.7663	148.1642
14:18:26	76.1568	-25.0482	148.8242
14:18:31	75.8773	-24.3572	149.4577
14:18:36	75.5960	-23.6916	150.0652
14:18:41	75.3130	-23.0504	150.6489
14:18:46	75.0284	-22.4321	151.2097
14:18:51	74.7424	-21.8356	151.7446
14:18:56	74.4548	-21.2599	152.2490
14:19:01	74.1660	-20.7039	152.7340
14:19:06	73.8759	-20.1666	153.2073
14:19:11	73.5845	-19.6470	153.6690
14:19:16	73.2921	-19.1444	154.1138
14:19:21	72.9985	-18.6580	154.5428
14:19:26	72.7039	-18.1869	154.9561
14:19:31	72.4083	-17.7304	155.3552
14:19:36	72.1118	-17.2879	155.7402
14:19:41	71.8144	-16.8587	156.1117
14:19:46	71.5161	-16.4422	156.4707
14:19:51	71.2170	-16.0379	156.8173
14:19:56	70.9172	-15.6452	157.1434
14:20:01	70.6166	-15.2635	157.4542
14:20:06	70.3154	-14.8925	157.7543
14:20:11	70.0134	-14.5315	158.0573
14:20:16	69.7108	-14.1803	158.3513
14:20:21	69.4076	-13.8384	158.6354
14:20:26	69.1038	-13.5054	158.9113
14:20:31	68.7995	-13.1809	159.1784
14:20:36	68.4946	-12.8647	159.4368
14:20:41	68.1892	-12.5563	159.6879
14:20:46	67.8833	-12.2555	159.9314
14:20:51	67.5769	-11.9619	160.1671
14:20:56	67.2700	-11.6753	160.3951
14:21:01	66.9627	-11.3954	160.6044
14:21:06	66.6550	-11.1220	160.8074
14:21:11	66.3469	-10.8547	161.0097
14:21:16	66.0384	-10.5934	161.2136
14:21:21	65.7295	-10.3379	161.4120
14:21:26	65.4202	-10.0879	161.6052
14:21:31	65.1106	-9.8432	161.7921
14:21:36	64.8006	-9.6037	161.9741
14:21:41	64.4903	-9.3692	162.1518
14:21:46	64.1797	-9.1394	162.3246
14:21:51	63.8688	-8.9143	162.4922
14:21:56	63.5576	-8.6936	162.6559
14:22:01	63.2461	-8.4773	162.8078
14:22:06	62.9343	-8.2651	162.9502
14:22:11	62.6223	-8.0569	163.0886
14:22:16	62.3100	-7.8527	163.2339
14:22:21	61.9974	-7.6521	163.3777
14:22:26	61.6846	-7.4552	163.5170
14:22:31	61.3715	-7.2619	163.6534
14:22:36	61.0582	-7.0719	163.7861
14:22:41	60.7447	-6.8853	163.9161
14:22:46	60.4310	-6.7019	164.0420
14:22:51	60.1171	-6.5215	164.1662
14:22:56	59.8029	-6.3442	164.2863
14:23:01	59.4886	-6.1698	164.4032
14:23:06	59.1741	-5.9982	164.5060
14:23:11	58.8593	-5.8294	164.6059
14:23:16	58.5444	-5.6632	164.7063
14:23:21	58.2293	-5.4996	164.8131
14:23:26	57.9141	-5.3385	164.9174
14:23:31	57.5986	-5.1798	165.0193
14:23:36	57.2830	-5.0235	165.1187
14:23:41	56.9673	-4.8695	165.2160
14:23:46	56.6514	-4.7177	165.3111
14:23:51	56.3353	-4.5681	165.4037
14:23:56	56.0191	-4.4206	165.4943
14:24:01	55.7027	-4.2751	165.5831
14:24:06	55.3862	-4.1317	165.6647
14:24:11	55.0695	-3.9902	165.7381
14:24:16	54.7527	-3.8506	165.8095
14:24:21	54.4358	-3.7128	165.8874
14:24:26	54.1188	-3.5768	165.9672
14:24:31	53.8016	-3.4425	166.0445
14:24:36	53.4843	-3.3099	166.1206
14:24:41	53.1669	-3.1790	166.1948
14:24:46	52.8493	-3.0497	166.2672
14:24:51	52.5316	-2.9220	166.3386
14:24:56	52.2139	-2.7958	166.4084
14:25:01	51.8960	-2.6711	166.4768
14:25:06	51.5780	-2.5479	166.5430
14:25:11	51.2599	-2.4260	166.5989
14:25:16	50.9416	-2.3056	166.6521
14:25:21	50.6233	-2.1865	166.7054
14:25:26	50.3049	-2.0687	166.7669
14:25:31	49.9864	-1.9522	166.8274
14:25:36	49.6678	-1.8369	166.8862
14:25:41	49.3491	-1.7229	166.9437
14:25:46	49.0302	-1.6100	167.0000
14:25:51	48.7113	-1.4984	167.0553
14:25:56	48.3924	-1.3878	167.1100
14:26:01	48.0733	-1.2784	167.1630
14:26:06	47.7541	-1.1701	167.2149
14:26:11	47.4348	-1.0628	167.2624
14:26:16	47.1155	-0.9566	167.3021
14:26:21	46.7961	-0.8514	167.3412
14:26:26	46.4766	-0.7471	167.3843
14:26:31	46.1570	-0.6439	167.4313
14:26:36	45.8373	-0.5415	167.4785
14:26:41	45.5176	-0.4401	167.5234
14:26:46	45.1978	-0.3397	167.5676
14:26:51	44.8779	-0.2401	167.6109
14:26:56	44.5579	-0.1413	167.6535
14:27:01	44.2379	-0.0434	167.6954
14:27:06	43.9178	0.0536	167.7363
14:27:11	43.5976	0.1499	167.7768
14:27:16	43.2773	0.2453	167.8088
14:27:21	42.9570	0.3400	167.8382
14:27:26	42.6366	0.4339	167.8663
14:27:31	42.3162	0.5271	167.9039
14:27:36	41.9956	0.6195	167.9403
14:27:41	41.6751	0.7112	167.9760
14:27:46	41.3544	0.8023	168.0109
14:27:51	41.0337	0.8926	168.0453
14:27:56	40.7129	0.9823	168.0794
14:28:01	40.3921	1.0713	168.1123
14:28:06	40.0712	1.1597	168.1447
14:28:11	39.7503	1.2474	168.1764
14:28:16	39.4293	1.3346	168.2058
14:28:21	39.1082	1.4211	168.2276
14:28:26	38.7871	1.5070	168.2485
14:28:31	38.4659	1.5924	168.2745
14:28:36	38.1447	1.6772	168.3027
14:28:41	37.8234	1.7614	168.3310
14:28:46	37.5021	1.8451	168.3591
14:28:51	37.1807	1.9282	168.3864
14:28:56	36.8592	2.0109	168.4128
14:29:01	36.5377	2.0930	168.4391
14:29:06	36.2162	2.1746	168.4648
14:29:11	35.8946	2.2557	168.4907
14:29:16	35.5730	2.3363	168.5159
14:29:21	35.2513	2.4165	168.5346
15:49:44	80.0023	-16.3443	135.2926
15:49:49	79.7686	-15.0549	136.5239
15:49:54	79.5301	-13.8221	137.6987
15:49:59	79.2872	-12.6431	138.8199
15:50:04	79.0403	-11.5154	139.8896
15:50:09	78.7895	-10.4361	140.9111
15:50:14	78.5352	-9.4029	141.8775
15:50:19	78.2775	-8.4134	142.7950
15:50:24	78.0167	-7.4651	143.6717
15:50:29	77.7530	-6.5560	144.5227
15:50:34	77.4865	-5.6839	145.3368
15:50:39	77.2175	-4.8469	146.1161
15:50:44	76.9460	-4.0431	146.8624
15:50:49	76.6723	-3.2708	147.5767
15:50:54	76.3964	-2.5283	148.2612
15:50:59	76.1186	-1.8141	148.9178
15:51:04	75.8388	-1.1266	149.5472
15:51:09	75.5573	-0.4645	150.1517
15:51:14	75.2741	0.1736	150.7308
15:51:19	74.9893	0.7888	151.2745
15:51:24	74.7030	1.3823	151.7968
15:51:29	74.4153	1.9553	152.3038
15:51:34	74.1263	2.5087	152.7993
15:51:39	73.8360	3.0436	153.2767
15:51:44	73.5445	3.5607	153.7359
15:51:49	73.2519	4.0611	154.1788
15:51:54	72.9582	4.5454	154.6055
15:51:59	72.6635	5.0144	155.0167
15:52:04	72.3677	5.4689	155.4134
15:52:09	72.0711	5.9095	155.7967
15:52:14	71.7736	6.3369	156.1667
15:52:19	71.4752	6.7517	156.5167
15:52:24	71.1760	7.1544	156.8481
15:52:29	70.8761	7.5456	157.1681
15:52:34	70.5754	7.9258	157.4886
15:52:39	70.2741	8.2955	157.8008
15:52:44	69.9720	8.6550	158.1033
15:52:49	69.6694	9.0050	158.3954
15:52:54	69.3661	9.3456	158.6787
15:52:59	69.0622	9.6774	158.9531
15:53:04	68.7578	10.0007	159.2188
15:53:09	68.4528	10.3159	159.4767
15:53:14	68.1474	10.6232	159.7265
15:53:19	67.8414	10.9230	159.9690
15:53:24	67.5349	11.2156	160.1910
15:53:29	67.2280	11.5012	160.4067
15:53:34	66.9207	11.7802	160.6186
15:53:39	66.6129	12.0528	160.8339
15:53:44	66.3047	12.3193	161.0428
15:53:49	65.9962	12.5797	161.2461
15:53:54	65.6872	12.8345	161.4436
15:53:59	65.3779	13.0838	161.6351
15:54:04	65.0682	13.3277	161.8221
15:54:09	64.7582	13.5665	162.0036
15:54:14	64.4479	13.8004	162.1803
15:54:19	64.1373	14.0295	162.3525
15:54:24	63.8263	14.2540	162.5141
15:54:29	63.5150	14.4741	162.6645
15:54:34	63.2035	14.6898	162.8106
15:54:39	62.8917	14.9015	162.9615
15:54:44	62.5796	15.1091	163.1116
15:54:49	62.2673	15.3129	163.2586
15:54:54	61.9547	15.5129	163.4015
15:54:59	61.6418	15.7093	163.5409
15:55:04	61.3287	15.9022	163.6761
15:55:09	61.0154	16.0916	163.8089
15:55:14	60.7019	16.2778	163.9378
15:55:19	60.3881	16.4608	164.0639
15:55:24	60.0742	16.6407	164.1874
15:55:29	59.7600	16.8177	164.2964
15:55:34	59.4457	16.9917	164.4012
15:55:39	59.1311	17.1629	164.5047
15:55:44	58.8163	17.3314	164.6168
15:55:49	58.5014	17.4972	164.7255
15:55:54	58.1863	17.6605	164.8321
15:55:59	57.8710	17.8212	164.9361
15:56:04	57.5556	17.9796	165.0372
15:56:09	57.2400	18.1356	165.1366
15:56:14	56.9242	18.2893	165.2337
15:56:19	56.6082	18.4407	165.3282
15:56:24	56.2921	18.5901	165.4209
15:56:29	55.9759	18.7373	165.5073
15:56:34	55.6595	18.8824	165.5844
15:56:39	55.3430	19.0256	165.6594
15:56:44	55.0263	19.1669	165.7389
15:56:49	54.7095	19.3062	165.8215
15:56:54	54.3926	19.4438	165.9025
15:56:59	54.0755	19.5795	165.9820
15:57:04	53.7583	19.7136	166.0591
15:57:09	53.4410	19.8459	166.1351
15:57:14	53.1236	19.9766	166.2087
15:57:19	52.8060	20.1057	166.2815
15:57:24	52.4883	20.2332	166.3522
15:57:29	52.1705	20.3592	166.4214
15:57:34	51.8526	20.4837	166.4815
15:57:39	51.5346	20.6067	166.5372
15:57:44	51.2165	20.7284	166.5916
15:57:49	50.8983	20.8486	166.6554
15:57:54	50.5799	20.9676	166.7181
15:57:59	50.2615	21.0852	166.7792
15:58:04	49.9430	21.2015	166.8391
15:58:09	49.6243	21.3166	166.8980
15:58:14	49.3056	21.4305	166.9555
15:58:19	48.9868	21.5432	167.0119
15:58:24	48.6679	21.6547	167.0671
15:58:29	48.3489	21.7650	167.1207
15:58:34	48.0298	21.8743	167.1724
15:58:39	47.7106	21.9825	167.2134
15:58:44	47.3914	22.0896	167.2539
15:58:49	47.0720	22.1957	167.2981
15:58:54	46.7526	22.3008	167.3469
15:58:59	46.4331	22.4049	167.3950
15:59:04	46.1135	22.5080	167.4416
15:59:09	45.7938	22.6102	167.4877
15:59:14	45.4741	22.7115	167.5331
15:59:19	45.1542	22.8118	167.5776
15:59:24	44.8343	22.9113	167.6204
15:59:29	44.5144	23.0099	167.6636
15:59:34	44.1943	23.1077	167.7047
15:59:39	43.8742	23.2046	167.7397
15:59:44	43.5540	23.3008	167.7703
15:59:49	43.2337	23.3961	167.7998
15:59:54	42.9134	23.4907	167.8369
15:59:59	42.5930	23.5845	167.8753
16:00:04	42.2726	23.6776	167.9118
16:00:09	41.9520	23.7699	167.9484
16:00:14	41.6315	23.8615	167.9843
16:00:19	41.3108	23.9525	168.0189
16:00:24	40.9901	24.0427	168.0533
16:00:29	40.6693	24.1323	168.0865
16:00:34	40.3485	24.2212	168.1200
16:00:39	40.0276	24.3095	168.1515
16:00:44	39.7066	24.3972	168.1746
16:00:49	39.3856	24.4842	168.1968
16:00:54	39.0645	24.5707	168.2214
16:00:59	38.7434	24.6565	168.2510
16:01:04	38.4222	24.7418	168.2810
16:01:09	38.1010	24.8265	168.3100
16:01:14	37.7797	24.9107	168.3381
16:01:19	37.4584	24.9943	168.3653
17:22:20	79.8605	7.5853	136.0351
17:22:25	79.6238	8.8399	137.2318
17:22:30	79.3827	10.0396	138.3729
17:22:35	79.1373	11.1870	139.4627
17:22:40	78.8880	12.2850	140.5028
17:22:45	78.6350	13.3359	141.4957
17:22:50	78.3786	14.3422	142.4445
17:22:55	78.1190	15.3064	143.3507
17:23:00	77.8564	16.2305	144.2171
17:23:05	77.5910	17.1168	145.0457
17:23:10	77.3229	17.9673	145.8333
17:23:15	77.0524	18.7838	146.5783
17:23:20	76.7795	19.5681	147.2911
17:23:25	76.5045	20.3221	147.9827
17:23:30	76.2274	21.0472	148.6498
17:23:35	75.9484	21.7450	149.2897
17:23:40	75.6676	22.4169	149.9039
17:23:45	75.3850	23.0642	150.4937
17:23:50	75.1008	23.6882	151.0596
17:23:55	74.8151	24.2901	151.6041
17:24:00	74.5280	24.8710	152.1270
21:55:11	76.8528	-29.6730	32.8789
21:55:16	77.1250	-28.8801	33.6003
21:55:21	77.3949	-28.0547	34.3652
21:55:26	77.6623	-27.1948	35.1670
21:55:31	77.9270	-26.2985	36.0054
21:55:36	78.1888	-25.3639	36.8822
21:55:41	78.4476	-24.3886	37.7997
21:55:46	78.7031	-23.3705	38.7602
21:55:51	78.9551	-22.3072	39.7656
21:55:56	79.2034	-21.1963	40.8187
21:56:01	79.4477	-20.0350	41.9220
21:56:06	79.6877	-18.8209	43.0779
21:56:11	79.9231	-17.5510	44.2770
23:21:29	53.9460	-29.9461	13.9810
23:21:34	54.2631	-29.8110	14.0484
23:21:39	54.5801	-29.6742	14.1193
23:21:44	54.8969	-29.5356	14.2013
23:21:49	55.2136	-29.3951	14.2851
23:21:54	55.5302	-29.2527	14.3708
23:21:59	55.8466	-29.1084	14.4580
23:22:04	56.1629	-28.9620	14.5479
23:22:09	56.4791	-28.8136	14.6396
23:22:14	56.7951	-28.6630	14.7335
23:22:19	57.1109	-28.5102	14.8292
23:22:24	57.4266	-28.3552	14.9270
23:22:29	57.7421	-28.1978	15.0235
23:22:34	58.0574	-28.0380	15.1141
23:22:39	58.3726	-27.8758	15.2078
23:22:44	58.6876	-27.7110	15.3112
23:22:49	59.0024	-27.5437	15.4218
23:22:54	59.3171	-27.3736	15.5353
23:22:59	59.6315	-27.2007	15.6511
23:23:04	59.9457	-27.0250	15.7695
23:23:09	60.2598	-26.8463	15.8916
23:23:14	60.5736	-26.6646	16.0158
23:23:19	60.8872	-26.4797	16.1439
23:23:24	61.2006	-26.2916	16.2747
23:23:29	61.5138	-26.1001	16.4091
23:23:34	61.8267	-25.9052	16.5372
23:23:39	62.1394	-25.7067	16.6661
23:23:44	62.4519	-25.5044	16.8000
23:23:49	62.7641	-25.2984	16.9492
23:23:54	63.0760	-25.0885	17.1012
23:23:59	63.3876	-24.8744	17.2583
23:24:04	63.6990	-24.6561	17.4199
23:24:09	64.0101	-24.4334	17.5849
23:24:14	64.3209	-24.2062	17.7553
23:24:19	64.6313	-23.9743	17.9296
23:24:24	64.9415	-23.7375	18.1089
23:24:29	65.2513	-23.4957	18.2938
23:24:34	65.5607	-23.2487	18.4805
23:24:39	65.8698	-22.9962	18.6627
23:24:44	66.1785	-22.7381	18.8503
23:24:49	66.4869	-22.4741	19.0509
23:24:54	66.7948	-22.2041	19.2638
23:24:59	67.1023	-21.9277	19.4829
23:25:04	67.4094	-21.6448	19.7082
23:25:09	67.7161	-21.3551	19.9404
23:25:14	68.0222	-21.0583	20.1798
23:25:19	68.3279	-20.7541	20.4269
23:25:24	68.6331	-20.4422	20.6812
23:25:29	68.9377	-20.1222	20.9438
23:25:34	69.2418	-19.7940	21.2142
23:25:39	69.5454	-19.4570	21.4847
23:25:44	69.8483	-19.1109	21.7596
23:25:49	70.1506	-18.7553	22.0446
23:25:54	70.4522	-18.3898	22.3523
23:25:59	70.7532	-18.0140	22.6709
23:26:04	71.0534	-17.6274	23.0002
23:26:09	71.3529	-17.2295	23.3404
23:26:14	71.6516	-16.8197	23.6921
23:26:19	71.9495	-16.3975	24.0571
23:26:24	72.2465	-15.9624	24.4346
23:26:29	72.5426	-15.5136	24.8257
23:26:34	72.8377	-15.0506	25.2308
23:26:39	73.1319	-14.5726	25.6495
23:26:44	73.4249	-14.0789	26.0720
23:26:49	73.7169	-13.5687	26.5110
23:26:54	74.0077	-13.0412	26.9728
23:26:59	74.2973	-12.4955	27.4609
23:27:04	74.5855	-11.9307	27.9676
23:27:09	74.8724	-11.3457	28.4955
23:27:14	75.1578	-10.7395	29.0438
23:27:19	75.4417	-10.1109	29.6147
23:27:24	75.7239	-9.4588	30.2090
23:27:29	76.0044	-8.7818	30.8284
23:27:34	76.2830	-8.0786	31.4738
23:27:39	76.5597	-7.3479	32.1471
23:27:44	76.8343	-6.5879	32.8409
23:27:49	77.1067	-5.7972	33.5600
23:27:54	77.3768	-4.9740	34.3117
23:27:59	77.6443	-4.1165	35.1096
23:28:04	77.9092	-3.2228	35.9457
23:28:09	78.1713	-2.2908	36.8197
23:28:14	78.4302	-1.3183	37.7343
23:28:19	78.6860	-0.3032	38.6914
23:28:24	78.9382	0.7569	39.6939
23:28:29	79.1868	1.8646	40.7439
23:28:34	79.4313	3.0223	41.8430
23:28:39	79.6716	4.2328	42.9960
23:28:44	79.9074	5.4988	44.2039
23:59:59	-999.00	-999.00	-999.00
