2024/09/04 EARTHCARE
GMT	SUBLAT[N+]	SUBLON[W+]	HEADING
03:44:58	-1.0000	25.7621	10.5544
03:45:03	-0.6764	25.8224	10.5533
03:45:08	-0.3527	25.8827	10.5536
03:45:13	-0.0290	25.9430	10.5456
03:45:18	0.2946	26.0033	10.5532
03:45:23	0.6183	26.0636	10.5525
03:45:28	0.9420	26.1239	10.5532
03:45:33	1.2656	26.1842	10.5537
03:45:38	1.5893	26.2445	10.5539
03:45:43	1.9130	26.3048	10.5545
03:45:48	2.2367	26.3652	10.5557
03:45:53	2.5603	26.4256	10.5566
03:45:58	2.8840	26.4860	10.5572
03:46:03	3.2077	26.5464	10.5592
03:46:08	3.5314	26.6068	10.5608
03:46:13	3.8551	26.6673	10.5604
03:46:18	4.1788	26.7278	10.5612
03:46:23	4.5024	26.7883	10.5618
03:46:28	4.8261	26.8489	10.5640
03:46:33	5.1498	26.9095	10.5656
03:46:38	5.4735	26.9701	10.5669
03:46:43	5.7972	27.0308	10.5689
03:46:48	6.1208	27.0915	10.5723
03:46:53	6.4445	27.1523	10.5744
03:46:58	6.7682	27.2132	10.5761
03:47:03	7.0918	27.2740	10.5801
03:47:08	7.4155	27.3350	10.5823
03:47:13	7.7391	27.3960	10.5846
03:47:18	8.0628	27.4571	10.5859
03:47:23	8.3864	27.5182	10.5869
03:47:28	8.7101	27.5794	10.5900
03:47:33	9.0337	27.6406	10.5930
03:47:38	9.3573	27.7020	10.5971
03:47:43	9.6809	27.7634	10.6010
03:47:48	10.0045	27.8249	10.6044
03:47:53	10.3281	27.8864	10.6085
03:47:58	10.6517	27.9481	10.6130
03:48:03	10.9753	28.0098	10.6172
03:48:08	11.2989	28.0717	10.6227
03:48:13	11.6224	28.1336	10.6270
03:48:18	11.9460	28.1956	10.6292
03:48:23	12.2695	28.2577	10.6311
03:48:28	12.5930	28.3199	10.6336
03:48:33	12.9166	28.3823	10.6391
03:48:38	13.2401	28.4447	10.6447
03:48:43	13.5636	28.5072	10.6504
03:48:48	13.8870	28.5699	10.6563
03:48:53	14.2105	28.6326	10.6627
03:48:58	14.5340	28.6955	10.6679
03:49:03	14.8574	28.7585	10.6742
03:49:08	15.1808	28.8216	10.6811
03:49:13	15.5042	28.8849	10.6878
03:49:18	15.8276	28.9483	10.6931
03:49:23	16.1510	29.0118	10.6963
03:49:28	16.4743	29.0755	10.6992
03:49:33	16.7977	29.1393	10.7059
03:49:38	17.1210	29.2033	10.7130
03:49:43	17.4443	29.2674	10.7210
03:49:48	17.7676	29.3316	10.7281
03:49:53	18.0909	29.3960	10.7364
03:49:58	18.4141	29.4606	10.7450
03:50:03	18.7374	29.5253	10.7533
03:50:08	19.0606	29.5902	10.7619
03:50:13	19.3838	29.6553	10.7710
03:50:18	19.7069	29.7206	10.7803
03:50:23	20.0301	29.7860	10.7852
03:50:28	20.3532	29.8516	10.7904
03:50:33	20.6763	29.9174	10.7953
03:50:38	20.9994	29.9834	10.8052
03:50:43	21.3225	30.0496	10.8148
03:50:48	21.6455	30.1159	10.8254
03:50:53	21.9685	30.1825	10.8351
05:17:33	-0.8061	48.9317	10.5539
05:17:38	-0.4824	48.9920	10.5536
05:17:43	-0.1588	49.0523	10.5537
05:17:48	0.1650	49.1144	10.5528
05:17:53	0.4887	49.1747	10.5533
05:17:58	0.8123	49.2350	10.5542
05:18:03	1.1360	49.2953	10.5547
05:18:08	1.4597	49.3556	10.5540
05:18:13	1.7833	49.4160	10.5547
05:18:18	2.1070	49.4763	10.5542
05:18:23	2.4307	49.5367	10.5554
05:18:28	2.7544	49.5970	10.5569
05:18:33	3.0780	49.6575	10.5581
05:18:38	3.4017	49.7179	10.5581
05:18:43	3.7254	49.7783	10.5604
05:18:48	4.0490	49.8388	10.5617
05:18:53	4.3727	49.8993	10.5631
05:18:58	4.6964	49.9599	10.5644
05:19:03	5.0201	50.0205	10.5672
05:19:08	5.3437	50.0811	10.5678
05:19:13	5.6674	50.1418	10.5691
05:19:18	5.9911	50.2025	10.5698
05:19:23	6.3147	50.2632	10.5713
05:19:28	6.6384	50.3241	10.5748
05:19:33	6.9620	50.3849	10.5766
05:19:38	7.2857	50.4458	10.5796
05:19:43	7.6093	50.5068	10.5822
05:19:48	7.9330	50.5678	10.5853
05:19:53	8.2566	50.6289	10.5881
05:19:58	8.5802	50.6901	10.5922
05:20:03	8.9039	50.7513	10.5952
05:20:08	9.2275	50.8126	10.5996
05:20:13	9.5511	50.8740	10.6011
05:20:18	9.8747	50.9355	10.6022
05:20:23	10.1983	50.9970	10.6045
05:20:28	10.5219	51.0586	10.6094
05:20:33	10.8454	51.1203	10.6135
05:20:38	11.1690	51.1821	10.6175
05:20:43	11.4926	51.2440	10.6219
05:20:48	11.8161	51.3060	10.6270
05:20:53	12.1396	51.3681	10.6324
05:20:58	12.4632	51.4302	10.6366
05:21:03	12.7867	51.4925	10.6420
05:21:08	13.1102	51.5549	10.6471
05:21:13	13.4337	51.6174	10.6520
05:21:18	13.7571	51.6800	10.6546
05:21:23	14.0806	51.7427	10.6562
05:21:28	14.4040	51.8055	10.6626
05:21:33	14.7275	51.8685	10.6683
05:21:38	15.0509	51.9316	10.6745
05:21:43	15.3743	51.9948	10.6812
05:21:48	15.6977	52.0581	10.6875
05:21:53	16.0211	52.1216	10.6943
05:21:58	16.3444	52.1852	10.7023
05:22:03	16.6677	52.2489	10.7090
05:22:08	16.9911	52.3128	10.7169
05:22:13	17.3144	52.3769	10.7245
05:22:18	17.6377	52.4411	10.7285
05:22:23	17.9609	52.5054	10.7321
05:22:28	18.2842	52.5699	10.7367
05:22:33	18.6074	52.6346	10.7443
05:22:38	18.9306	52.6994	10.7539
05:22:43	19.2538	52.7644	10.7623
05:22:48	19.5770	52.8296	10.7711
05:22:53	19.9001	52.8949	10.7802
05:22:58	20.2233	52.9605	10.7898
05:23:03	20.5464	53.0262	10.7995
05:23:08	20.8694	53.0921	10.8096
05:23:13	21.1925	53.1582	10.8186
05:23:18	21.5155	53.2245	10.8279
05:23:23	21.8385	53.2910	10.8335
15:13:32	21.9388	15.2160	169.1657
15:13:37	21.6153	15.2826	169.1767
15:13:42	21.2918	15.3491	169.1868
15:13:47	20.9683	15.4153	169.1973
15:13:52	20.6448	15.4813	169.2066
15:13:57	20.3212	15.5471	169.2151
15:14:02	19.9977	15.6128	169.2196
15:14:07	19.6741	15.6783	169.2248
15:14:12	19.3504	15.7436	169.2319
15:14:17	19.0268	15.8087	169.2410
15:14:22	18.7031	15.8736	169.2497
15:14:27	18.3794	15.9384	169.2581
15:14:32	18.0557	16.0030	169.2663
15:14:37	17.7320	16.0675	169.2739
15:14:42	17.4082	16.1318	169.2818
15:14:47	17.0845	16.1959	169.2903
15:14:52	16.7607	16.2599	169.2976
15:14:57	16.4369	16.3238	169.3043
15:15:02	16.1131	16.3875	169.3081
15:15:07	15.7892	16.4510	169.3116
15:15:12	15.4654	16.5145	169.3148
15:15:17	15.1415	16.5778	169.3223
15:15:22	14.8176	16.6410	169.3293
15:15:27	14.4937	16.7040	169.3351
15:15:32	14.1698	16.7669	169.3413
15:15:37	13.8458	16.8298	169.3469
15:15:42	13.5219	16.8925	169.3531
15:15:47	13.1979	16.9550	169.3588
15:15:52	12.8740	17.0175	169.3641
15:15:57	12.5500	17.0799	169.3695
15:16:02	12.2260	17.1421	169.3737
15:16:07	11.9020	17.2043	169.3759
15:16:12	11.5779	17.2663	169.3783
15:16:17	11.2539	17.3283	169.3819
15:16:22	10.9299	17.3902	169.3868
15:16:27	10.6058	17.4520	169.3911
15:16:32	10.2817	17.5137	169.3950
15:16:37	9.9577	17.5753	169.3990
15:16:42	9.6336	17.6368	169.4028
15:16:47	9.3095	17.6983	169.4069
15:16:52	8.9854	17.7597	169.4113
15:16:57	8.6613	17.8210	169.4143
15:17:02	8.3372	17.8822	169.4176
15:17:07	8.0131	17.9434	169.4189
15:17:12	7.6889	18.0045	169.4202
15:17:17	7.3648	18.0656	169.4220
15:17:22	7.0407	18.1266	169.4241
15:17:27	6.7165	18.1875	169.4277
15:17:32	6.3924	18.2484	169.4303
15:17:37	6.0682	18.3092	169.4327
15:17:42	5.7441	18.3700	169.4354
15:17:47	5.4199	18.4307	169.4375
15:17:52	5.0958	18.4914	169.4390
15:17:57	4.7716	18.5521	169.4417
15:18:02	4.4475	18.6127	169.4432
15:18:07	4.1233	18.6733	169.4440
15:18:12	3.7991	18.7338	169.4451
15:18:17	3.4750	18.7944	169.4456
15:18:22	3.1508	18.8548	169.4465
15:18:27	2.8266	18.9153	169.4471
15:18:32	2.5025	18.9758	169.4486
15:18:37	2.1783	19.0362	169.4497
15:18:42	1.8542	19.0966	169.4501
15:18:47	1.5300	19.1570	169.4510
15:18:52	1.2059	19.2174	169.4522
15:18:57	0.8817	19.2777	169.4519
15:19:02	0.5576	19.3381	169.4520
15:19:07	0.2334	19.3985	169.4523
15:19:12	-0.0907	19.4588	169.4523
15:19:17	-0.4149	19.5192	169.4523
15:19:22	-0.7390	19.5795	169.4520
16:46:04	22.0058	38.3373	169.1607
16:46:09	21.6824	38.4040	169.1717
16:46:14	21.3589	38.4705	169.1819
16:46:19	21.0354	38.5367	169.1923
16:46:24	20.7119	38.6028	169.2015
16:46:29	20.3883	38.6687	169.2121
16:46:34	20.0648	38.7343	169.2214
16:46:39	19.7412	38.7999	169.2305
16:46:44	19.4176	38.8652	169.2375
16:46:49	19.0939	38.9303	169.2417
16:46:54	18.7703	38.9953	169.2456
16:46:59	18.4466	39.0601	169.2539
16:47:04	18.1229	39.1248	169.2618
16:47:09	17.7992	39.1893	169.2702
16:47:14	17.4754	39.2536	169.2780
16:47:19	17.1517	39.3178	169.2865
16:47:24	16.8279	39.3818	169.2936
16:47:29	16.5041	39.4457	169.3003
16:47:34	16.1803	39.5094	169.3082
16:47:39	15.8564	39.5730	169.3158
16:47:44	15.5326	39.6365	169.3220
16:47:49	15.2087	39.6998	169.3252
16:47:54	14.8848	39.7630	169.3281
16:47:59	14.5609	39.8261	169.3314
16:48:04	14.2370	39.8890	169.3383
16:48:09	13.9131	39.9519	169.3440
16:48:14	13.5892	40.0146	169.3501
16:48:19	13.2652	40.0772	169.3557
16:48:24	12.9412	40.1397	169.3615
16:48:29	12.6173	40.2021	169.3661
16:48:34	12.2933	40.2644	169.3722
16:48:39	11.9693	40.3265	169.3766
16:48:44	11.6452	40.3886	169.3822
16:48:49	11.3212	40.4506	169.3850
16:48:54	10.9972	40.5125	169.3873
16:48:59	10.6731	40.5743	169.3888
16:49:04	10.3491	40.6360	169.3928
16:49:09	10.0250	40.6976	169.3968
16:49:14	9.7009	40.7592	169.4013
16:49:19	9.3768	40.8207	169.4043
16:49:24	9.0527	40.8821	169.4087
16:49:29	8.7286	40.9434	169.4126
16:49:34	8.4045	41.0046	169.4160
16:49:39	8.0804	41.0658	169.4196
16:49:44	7.7563	41.1270	169.4225
16:49:49	7.4322	41.1880	169.4242
16:49:54	7.1081	41.2490	169.4265
16:49:59	6.7839	41.3100	169.4271
16:50:04	6.4598	41.3709	169.4290
16:50:09	6.1356	41.4317	169.4320
16:50:14	5.8115	41.4925	169.4339
16:50:19	5.4873	41.5532	169.4358
16:50:24	5.1632	41.6140	169.4381
16:50:29	4.8390	41.6746	169.4402
16:50:34	4.5149	41.7352	169.4414
16:50:39	4.1907	41.7958	169.4439
16:50:44	3.8666	41.8564	169.4449
16:50:49	3.5424	41.9169	169.4463
16:50:54	3.2182	41.9774	169.4472
16:50:59	2.8941	42.0379	169.4476
16:51:04	2.5699	42.0983	169.4483
16:51:09	2.2458	42.1588	169.4491
16:51:14	1.9216	42.2192	169.4503
16:51:19	1.5975	42.2796	169.4513
16:51:24	1.2733	42.3400	169.4513
16:51:29	0.9492	42.4003	169.4511
16:51:34	0.6250	42.4607	169.4521
16:51:39	0.3009	42.5210	169.4524
16:51:44	-0.0233	42.5814	169.4521
16:51:49	-0.3474	42.6418	169.4521
16:51:54	-0.6715	42.7021	169.4518
16:51:59	-0.9933	42.7621	269.7033
23:59:59	-999.00	-999.00	-999.00
