2024/09/04 EARTHCARE
GMT	SUBLAT[N+]	SUBLON[W+]	HEADING
05:17:22	-4.9264	48.3898	10.5656
05:17:27	-4.6029	48.4504	10.5640
05:17:32	-4.2795	48.5109	10.5623
05:17:37	-3.9560	48.5714	10.5602
05:17:42	-3.6325	48.6318	10.5594
05:17:47	-3.3090	48.6922	10.5591
05:17:52	-2.9855	48.7526	10.5578
05:17:57	-2.6620	48.8130	10.5569
05:18:02	-2.3384	48.8733	10.5565
05:18:07	-2.0149	48.9336	10.5550
05:18:12	-1.6914	48.9940	10.5541
05:18:17	-1.3678	49.0543	10.5536
05:18:22	-1.0443	49.1145	10.5529
05:18:27	-0.7207	49.1748	10.5528
05:18:32	-0.3972	49.2351	10.5522
05:18:37	-0.0736	49.2954	10.5523
05:18:42	0.2411	49.3519	10.5529
05:18:47	0.5646	49.4122	10.5531
05:18:52	0.8882	49.4725	10.5530
05:18:57	1.2118	49.5328	10.5526
05:19:02	1.5354	49.5931	10.5526
05:19:07	1.8590	49.6534	10.5534
05:19:12	2.1826	49.7137	10.5547
05:19:17	2.5061	49.7741	10.5548
05:19:22	2.8297	49.8344	10.5563
05:19:27	3.1533	49.8948	10.5575
05:19:32	3.4769	49.9552	10.5592
05:19:37	3.8005	50.0157	10.5605
05:19:42	4.1241	50.0761	10.5624
05:19:47	4.4477	50.1367	10.5631
05:19:52	4.7713	50.1972	10.5634
05:19:57	5.0949	50.2578	10.5636
05:20:02	5.4184	50.3184	10.5660
05:20:07	5.7420	50.3790	10.5687
05:20:12	6.0656	50.4398	10.5704
05:20:17	6.3892	50.5005	10.5734
05:20:22	6.7128	50.5613	10.5752
05:20:27	7.0363	50.6222	10.5785
05:20:32	7.3599	50.6831	10.5815
05:20:37	7.6834	50.7440	10.5833
05:20:42	8.0070	50.8051	10.5870
05:20:47	8.3305	50.8662	10.5899
05:20:52	8.6541	50.9273	10.5914
05:20:57	8.9776	50.9886	10.5926
05:21:02	9.3011	51.0499	10.5952
05:21:07	9.6246	51.1112	10.5984
05:21:12	9.9482	51.1727	10.6029
05:21:17	10.2716	51.2342	10.6068
05:21:22	10.5951	51.2958	10.6106
05:21:27	10.9186	51.3575	10.6149
05:21:32	11.2421	51.4193	10.6204
05:21:37	11.5656	51.4812	10.6240
05:21:42	11.8890	51.5432	10.6288
05:21:47	12.2124	51.6053	10.6343
05:21:52	12.5359	51.6674	10.6375
05:21:57	12.8593	51.7297	10.6404
05:22:02	13.1827	51.7921	10.6421
05:22:07	13.5061	51.8546	10.6477
05:22:12	13.8295	51.9172	10.6529
05:22:17	14.1528	51.9799	10.6595
05:22:22	14.4762	52.0428	10.6646
05:22:27	14.7995	52.1057	10.6713
05:22:32	15.1228	52.1688	10.6773
05:22:37	15.4461	52.2320	10.6841
05:22:42	15.7694	52.2954	10.6911
05:22:47	16.0927	52.3588	10.6986
05:22:52	16.4160	52.4225	10.7057
05:22:57	16.7392	52.4862	10.7091
05:23:02	17.0624	52.5501	10.7120
05:23:07	17.3856	52.6142	10.7173
05:23:12	17.7088	52.6784	10.7244
05:23:17	18.0320	52.7427	10.7326
05:23:22	18.3551	52.8072	10.7407
05:23:27	18.6782	52.8719	10.7490
05:23:32	19.0014	52.9368	10.7577
05:23:37	19.3244	53.0018	10.7661
05:23:42	19.6475	53.0670	10.7756
05:23:47	19.9706	53.1323	10.7858
16:48:54	14.7594	40.0363	169.3346
16:48:59	14.4355	40.0993	169.3414
16:49:04	14.1116	40.1622	169.3468
16:49:09	13.7876	40.2250	169.3527
16:49:14	13.4637	40.2876	169.3589
16:49:19	13.1397	40.3502	169.3620
16:49:24	12.8157	40.4126	169.3648
16:49:29	12.4918	40.4750	169.3664
16:49:34	12.1678	40.5372	169.3723
16:49:39	11.8438	40.5993	169.3769
16:49:44	11.5197	40.6614	169.3820
16:49:49	11.1957	40.7233	169.3866
16:49:54	10.8716	40.7851	169.3906
16:49:59	10.5476	40.8469	169.3950
16:50:04	10.2235	40.9086	169.3998
16:50:09	9.8995	40.9702	169.4041
16:50:14	9.5754	41.0317	169.4079
16:50:19	9.2513	41.0931	169.4112
16:50:24	8.9272	41.1545	169.4122
16:50:29	8.6031	41.2157	169.4135
16:50:34	8.2790	41.2770	169.4162
16:50:39	7.9548	41.3381	169.4191
16:50:44	7.6307	41.3992	169.4233
16:50:49	7.3066	41.4602	169.4261
16:50:54	6.9824	41.5212	169.4283
16:50:59	6.6583	41.5821	169.4308
16:51:04	6.3341	41.6430	169.4336
16:51:09	6.0100	41.7038	169.4361
16:51:14	5.6858	41.7646	169.4387
16:51:19	5.3617	41.8253	169.4410
16:51:24	5.0375	41.8860	169.4418
16:51:29	4.7133	41.9466	169.4429
16:51:34	4.3891	42.0072	169.4434
16:51:39	4.0650	42.0678	169.4451
16:51:44	3.7408	42.1283	169.4463
16:51:49	3.4166	42.1888	169.4480
16:51:54	3.0925	42.2493	169.4499
16:51:59	2.7683	42.3097	169.4502
16:52:04	2.4441	42.3702	169.4512
16:52:09	2.1199	42.4306	169.4522
16:52:14	1.7958	42.4910	169.4528
16:52:19	1.4716	42.5514	169.4538
16:52:24	1.1474	42.6117	169.4541
16:52:29	0.8233	42.6721	169.4538
16:52:34	0.4991	42.7324	169.4548
16:52:39	0.1750	42.7928	169.4543
16:52:44	-0.1492	42.8531	169.4544
16:52:49	-0.4733	42.9135	169.4538
16:52:54	-0.7975	42.9738	169.4543
16:52:59	-1.1216	43.0342	169.4535
16:53:04	-1.4458	43.0945	169.4528
16:53:09	-1.7699	43.1549	169.4520
16:53:14	-2.0940	43.2153	169.4513
16:53:19	-2.4181	43.2757	169.4506
16:53:24	-2.7422	43.3361	169.4497
16:53:29	-3.0663	43.3966	169.4492
16:53:34	-3.3904	43.4570	169.4478
16:53:39	-3.7145	43.5175	169.4471
16:53:44	-4.0386	43.5780	169.4455
16:53:49	-4.3626	43.6386	169.4446
16:53:54	-4.6867	43.6992	169.4430
16:53:58	-4.9688	43.7520	35.2898
18:20:10	19.7718	62.1799	169.2312
18:20:15	19.4482	62.2452	169.2399
18:20:20	19.1245	62.3103	169.2441
18:20:25	18.8009	62.3753	169.2480
18:20:30	18.4772	62.4401	169.2547
18:20:35	18.1535	62.5048	169.2634
18:20:40	17.8298	62.5693	169.2717
18:20:45	17.5061	62.6336	169.2788
18:20:50	17.1823	62.6978	169.2871
18:20:55	16.8585	62.7618	169.2943
18:21:00	16.5347	62.8257	169.3018
18:21:05	16.2109	62.8894	169.3096
18:21:10	15.8871	62.9530	169.3164
18:21:15	15.5633	63.0165	169.3233
18:21:20	15.2394	63.0798	169.3276
18:21:25	14.9155	63.1430	169.3304
18:21:30	14.5916	63.2061	169.3336
18:21:35	14.2677	63.2690	169.3397
18:21:40	13.9438	63.3319	169.3452
18:21:45	13.6199	63.3946	169.3512
18:21:50	13.2959	63.4572	169.3568
18:21:55	12.9719	63.5197	169.3628
18:22:00	12.6480	63.5821	169.3682
18:22:05	12.3240	63.6444	169.3741
18:22:10	12.0000	63.7065	169.3785
18:22:15	11.6759	63.7686	169.3835
18:22:20	11.3519	63.8306	169.3878
18:22:25	11.0279	63.8925	169.3892
18:22:30	10.7038	63.9543	169.3909
18:22:35	10.3798	64.0160	169.3946
18:22:40	10.0557	64.0776	169.3988
18:22:45	9.7316	64.1392	169.4024
18:22:50	9.4075	64.2006	169.4072
18:22:55	9.0834	64.2620	169.4106
18:23:00	8.7593	64.3234	169.4136
18:23:05	8.4352	64.3846	169.4176
18:23:10	8.1111	64.4458	169.4205
18:23:15	7.7870	64.5069	169.4236
18:23:20	7.4628	64.5680	169.4261
18:23:25	7.1387	64.6290	169.4290
18:23:30	6.8145	64.6899	169.4299
18:23:35	6.4904	64.7508	169.4308
18:23:40	6.1662	64.8116	169.4339
18:23:45	5.8421	64.8724	169.4356
18:23:50	5.5179	64.9332	169.4375
18:23:55	5.1938	64.9939	169.4393
23:59:59	-999.00	-999.00	-999.00
