2024/09/04 EARTHCARE
GMT	SUBLAT[N+]	SUBLON[W+]	HEADING
05:15:18	-4.8057	47.8700	10.5655
05:15:23	-4.4819	47.9306	10.5639
05:15:28	-4.1581	47.9912	10.5619
05:15:33	-3.8343	48.0517	10.5605
05:15:38	-3.5105	48.1122	10.5587
05:15:43	-3.1867	48.1726	10.5575
05:15:48	-2.8629	48.2330	10.5559
05:15:53	-2.5390	48.2935	10.5550
05:15:58	-2.2152	48.3539	10.5545
05:16:03	-1.8913	48.4142	10.5538
05:16:08	-1.5674	48.4746	10.5526
05:16:13	-1.2436	48.5349	10.5521
05:16:18	-0.9197	48.5953	10.5521
05:16:23	-0.5958	48.6556	10.5518
05:16:28	-0.2719	48.7160	10.5519
05:16:33	0.0520	48.7763	10.5509
05:16:38	0.3759	48.8366	10.5506
05:16:43	0.6998	48.8969	10.5515
05:16:48	1.0237	48.9573	10.5523
05:16:53	1.3476	49.0176	10.5517
05:16:58	1.6716	49.0780	10.5525
05:17:03	1.9955	49.1384	10.5532
05:17:08	2.3194	49.1988	10.5533
05:17:13	2.6433	49.2592	10.5551
05:17:18	2.9672	49.3196	10.5546
05:17:23	3.2912	49.3801	10.5548
05:17:28	3.6151	49.4405	10.5561
05:17:33	3.9390	49.5010	10.5575
05:17:38	4.2629	49.5616	10.5592
05:17:43	4.5869	49.6221	10.5606
05:17:48	4.9108	49.6828	10.5625
05:17:53	5.2347	49.7434	10.5651
05:17:58	5.5586	49.8041	10.5664
05:18:03	5.8826	49.8648	10.5690
05:18:08	6.2065	49.9256	10.5713
05:18:13	6.5304	49.9864	10.5735
05:18:18	6.8543	50.0473	10.5751
05:18:23	7.1782	50.1082	10.5764
05:18:28	7.5021	50.1692	10.5775
05:18:33	7.8260	50.2303	10.5807
05:18:38	8.1499	50.2914	10.5838
05:18:43	8.4737	50.3526	10.5861
05:18:48	8.7976	50.4138	10.5902
05:18:53	9.1215	50.4751	10.5937
05:18:58	9.4453	50.5365	10.5979
05:19:03	9.7692	50.5980	10.6015
05:19:08	10.0930	50.6595	10.6058
05:19:13	10.4169	50.7212	10.6099
05:19:18	10.7407	50.7829	10.6134
05:19:23	11.0645	50.8447	10.6149
05:19:28	11.3883	50.9066	10.6178
05:19:33	11.7121	50.9685	10.6201
05:19:38	12.0359	51.0306	10.6249
05:19:43	12.3597	51.0928	10.6300
05:19:48	12.6834	51.1551	10.6357
05:19:53	13.0072	51.2174	10.6409
05:19:58	13.3309	51.2799	10.6459
05:20:03	13.6547	51.3425	10.6521
05:20:08	13.9784	51.4052	10.6580
05:20:13	14.3021	51.4681	10.6641
05:20:18	14.6258	51.5310	10.6710
05:20:23	14.9494	51.5941	10.6747
05:20:28	15.2731	51.6573	10.6766
05:20:33	15.5967	51.7206	10.6796
05:20:38	15.9203	51.7841	10.6873
05:20:43	16.2439	51.8477	10.6937
05:20:48	16.5675	51.9114	10.7006
05:20:53	16.8911	51.9753	10.7088
05:20:58	17.2147	52.0394	10.7166
05:21:03	17.5382	52.1035	10.7238
05:21:08	17.8617	52.1679	10.7315
05:21:13	18.1852	52.2324	10.7396
05:21:18	18.5087	52.2970	10.7481
05:21:23	18.8321	52.3618	10.7562
05:21:28	19.1556	52.4268	10.7598
05:21:33	19.4790	52.4920	10.7647
05:21:38	19.8024	52.5573	10.7707
16:47:24	11.9962	40.0000	169.3728
16:47:29	11.6724	40.0621	169.3768
16:47:34	11.3486	40.1240	169.3820
16:47:39	11.0248	40.1859	169.3869
16:47:44	10.7010	40.2477	169.3892
16:47:49	10.3772	40.3094	169.3906
16:47:54	10.0533	40.3710	169.3929
16:47:59	9.7295	40.4326	169.3963
16:48:04	9.4056	40.4940	169.4012
16:48:09	9.0818	40.5554	169.4047
16:48:14	8.7579	40.6167	169.4084
16:48:19	8.4340	40.6779	169.4118
16:48:24	8.1102	40.7391	169.4145
16:48:29	7.7863	40.8002	169.4176
16:48:34	7.4624	40.8613	169.4210
16:48:39	7.1385	40.9222	169.4241
16:48:44	6.8146	40.9832	169.4263
16:48:49	6.4907	41.0440	169.4274
16:48:54	6.1668	41.1049	169.4286
16:48:59	5.8428	41.1656	169.4303
16:49:04	5.5189	41.2264	169.4323
16:49:09	5.1950	41.2870	169.4338
16:49:14	4.8711	41.3477	169.4366
16:49:19	4.5472	41.4083	169.4376
16:49:24	4.2232	41.4689	169.4402
16:49:29	3.8993	41.5294	169.4412
16:49:34	3.5754	41.5899	169.4426
16:49:39	3.2515	41.6504	169.4445
16:49:44	2.9275	41.7108	169.4447
16:49:49	2.6036	41.7712	169.4460
16:49:54	2.2797	41.8316	169.4462
16:49:59	1.9558	41.8920	169.4465
16:50:04	1.6319	41.9524	169.4473
16:50:09	1.3079	42.0128	169.4476
16:50:14	0.9840	42.0731	169.4480
16:50:19	0.6601	42.1335	169.4489
16:50:24	0.3362	42.1938	169.4490
16:50:29	0.0123	42.2541	169.4489
16:50:34	-0.3116	42.3145	169.4490
16:50:39	-0.6355	42.3748	169.4485
16:50:44	-0.9594	42.4351	169.4484
16:50:49	-1.2833	42.4955	169.4477
16:50:54	-1.6071	42.5558	169.4472
16:50:59	-1.9310	42.6162	169.4471
16:51:04	-2.2549	42.6766	169.4466
16:51:09	-2.5787	42.7370	169.4455
16:51:14	-2.9026	42.7974	169.4445
16:51:19	-3.2264	42.8578	169.4432
16:51:24	-3.5502	42.9183	169.4422
16:51:29	-3.8740	42.9788	169.4406
16:51:34	-4.1978	43.0393	169.4386
16:51:39	-4.5216	43.0998	169.4376
16:51:44	-4.8454	43.1604	169.4353
18:17:53	19.9353	61.5733	169.2132
18:17:58	19.6119	61.6387	169.2225
18:18:03	19.2885	61.7039	169.2320
18:18:08	18.9651	61.7690	169.2414
18:18:13	18.6417	61.8339	169.2493
18:18:18	18.3182	61.8986	169.2578
18:18:23	17.9947	61.9632	169.2661
18:18:28	17.6712	62.0276	169.2745
18:18:33	17.3477	62.0918	169.2819
18:18:38	17.0241	62.1559	169.2896
18:18:43	16.7005	62.2198	169.2952
18:18:48	16.3770	62.2836	169.2980
18:18:53	16.0534	62.3473	169.3011
18:18:58	15.7298	62.4108	169.3087
18:19:03	15.4061	62.4742	169.3151
18:19:08	15.0825	62.5374	169.3220
18:19:13	14.7588	62.6006	169.3282
18:19:18	14.4351	62.6636	169.3341
18:19:23	14.1114	62.7265	169.3412
18:19:28	13.7877	62.7892	169.3463
18:19:33	13.4640	62.8519	169.3525
18:19:38	13.1403	62.9144	169.3583
18:19:43	12.8165	62.9768	169.3626
18:19:48	12.4928	63.0391	169.3649
18:19:53	12.1690	63.1014	169.3675
18:19:58	11.8452	63.1635	169.3706
18:20:03	11.5214	63.2255	169.3754
18:20:08	11.1976	63.2874	169.3809
18:20:13	10.8738	63.3493	169.3850
18:20:18	10.5500	63.4110	169.3894
18:20:23	10.2262	63.4727	169.3934
18:20:28	9.9023	63.5342	169.3975
18:20:33	9.5785	63.5957	169.4012
18:20:38	9.2546	63.6572	169.4055
18:20:43	8.9308	63.7185	169.4090
18:20:48	8.6069	63.7798	169.4120
18:20:53	8.2830	63.8410	169.4131
18:20:58	7.9591	63.9021	169.4141
18:21:03	7.6352	63.9632	169.4166
18:21:08	7.3113	64.0242	169.4200
18:21:13	6.9874	64.0852	169.4223
18:21:18	6.6635	64.1461	169.4258
18:21:23	6.3396	64.2069	169.4286
18:21:28	6.0157	64.2677	169.4301
18:21:33	5.6918	64.3285	169.4329
18:21:38	5.3679	64.3892	169.4343
18:21:43	5.0440	64.4498	169.4375
18:21:48	4.7200	64.5105	169.4386
18:21:53	4.3961	64.5710	169.4391
18:21:58	4.0722	64.6316	169.4400
18:22:03	3.7483	64.6921	169.4412
18:22:08	3.4243	64.7526	169.4427
18:22:13	3.1004	64.8131	169.4435
18:22:18	2.7765	64.8735	169.4450
18:22:23	2.4526	64.9339	169.4459
18:22:28	2.1286	64.9943	169.4454
23:59:59	-999.00	-999.00	-999.00
