2024/09/04 EARTHCARE
GMT	SUBLAT[N+]	SUBLON[W+]	HEADING
03:45:52	-0.8732	26.0088	10.5540
03:45:57	-0.5497	26.0691	10.5535
03:46:02	-0.2261	26.1294	10.5528
03:46:07	0.1003	26.1876	10.5524
03:46:12	0.4239	26.2479	10.5529
03:46:17	0.7475	26.3081	10.5529
03:46:22	1.0710	26.3684	10.5535
03:46:27	1.3946	26.4287	10.5539
03:46:32	1.7182	26.4891	10.5538
03:46:37	2.0419	26.5494	10.5543
03:46:42	2.3655	26.6097	10.5555
03:46:47	2.6891	26.6701	10.5554
03:46:52	3.0127	26.7305	10.5565
03:46:57	3.3363	26.7909	10.5566
03:47:02	3.6599	26.8513	10.5591
03:47:07	3.9835	26.9118	10.5595
03:47:12	4.3071	26.9723	10.5611
03:47:17	4.6307	27.0328	10.5633
03:47:22	4.9543	27.0934	10.5645
03:47:27	5.2779	27.1540	10.5669
03:47:32	5.6015	27.2146	10.5689
03:47:37	5.9251	27.2753	10.5718
03:47:42	6.2487	27.3360	10.5732
03:47:47	6.5723	27.3968	10.5733
03:47:52	6.8959	27.4576	10.5752
03:47:57	7.2194	27.5185	10.5772
03:48:02	7.5430	27.5795	10.5801
03:48:07	7.8666	27.6405	10.5833
03:48:12	8.1902	27.7016	10.5862
03:48:17	8.5137	27.7627	10.5895
03:48:22	8.8373	27.8239	10.5927
03:48:27	9.1608	27.8852	10.5962
03:48:32	9.4843	27.9465	10.6002
03:48:37	9.8079	28.0079	10.6042
03:48:42	10.1314	28.0694	10.6084
03:48:47	10.4549	28.1310	10.6097
03:48:52	10.7784	28.1927	10.6114
03:48:57	11.1019	28.2544	10.6148
03:49:02	11.4254	28.3163	10.6193
03:49:07	11.7488	28.3782	10.6234
03:49:12	12.0723	28.4403	10.6282
03:49:17	12.3957	28.5024	10.6333
03:49:22	12.7192	28.5646	10.6389
03:49:27	13.0426	28.6270	10.6450
03:49:32	13.3660	28.6894	10.6498
03:49:37	13.6894	28.7520	10.6552
03:49:42	14.0128	28.8147	10.6611
03:49:47	14.3362	28.8774	10.6649
03:49:52	14.6595	28.9404	10.6675
03:49:57	14.9829	29.0034	10.6704
03:50:02	15.3062	29.0665	10.6771
03:50:07	15.6295	29.1298	10.6837
03:50:12	15.9528	29.1933	10.6905
03:50:17	16.2761	29.2568	10.6977
03:50:22	16.5993	29.3205	10.7055
03:50:27	16.9226	29.3844	10.7128
03:50:32	17.2458	29.4484	10.7204
03:50:37	17.5690	29.5125	10.7278
03:50:42	17.8922	29.5768	10.7354
03:50:47	18.2154	29.6412	10.7435
03:50:52	18.5385	29.7059	10.7471
03:50:57	18.8617	29.7706	10.7512
03:51:02	19.1848	29.8356	10.7574
03:51:07	19.5079	29.9007	10.7662
03:51:12	19.8309	29.9660	10.7754
03:51:17	20.1540	30.0315	10.7849
03:51:22	20.4770	30.0971	10.7939
03:51:27	20.8000	30.1630	10.8037
03:51:32	21.1230	30.2290	10.8142
03:51:37	21.4459	30.2952	10.8244
03:51:42	21.7689	30.3616	10.8342
05:18:23	-0.9938	49.1226	10.5537
05:18:28	-0.6703	49.1829	10.5526
05:18:33	-0.3467	49.2432	10.5529
05:18:38	-0.0231	49.3035	9.7793
05:18:43	0.2943	49.3618	10.5534
05:18:48	0.6179	49.4221	10.5527
05:18:53	0.9415	49.4824	10.5535
05:18:58	1.2650	49.5427	10.5537
05:19:03	1.5886	49.6030	10.5532
05:19:08	1.9122	49.6633	10.5546
05:19:13	2.2358	49.7236	10.5550
05:19:18	2.5594	49.7840	10.5566
05:19:23	2.8830	49.8444	10.5574
05:19:28	3.2066	49.9048	10.5585
05:19:33	3.5302	49.9652	10.5593
05:19:38	3.8538	50.0256	10.5605
05:19:43	4.1774	50.0861	10.5607
05:19:48	4.5010	50.1466	10.5613
05:19:53	4.8246	50.2072	10.5633
05:19:58	5.1482	50.2677	10.5651
05:20:03	5.4718	50.3284	10.5664
05:20:08	5.7954	50.3890	10.5693
05:20:13	6.1190	50.4498	10.5709
05:20:18	6.4425	50.5105	10.5738
05:20:23	6.7661	50.5713	10.5766
05:20:28	7.0897	50.6322	10.5790
05:20:33	7.4133	50.6931	10.5827
05:20:38	7.7368	50.7541	10.5842
05:20:43	8.0604	50.8151	10.5855
05:20:48	8.3839	50.8762	10.5864
05:20:53	8.7075	50.9374	10.5897
05:20:58	9.0310	50.9987	10.5925
05:21:03	9.3545	51.0600	10.5960
05:21:08	9.6780	51.1214	10.6006
05:21:13	10.0016	51.1828	10.6042
05:21:18	10.3251	51.2444	10.6083
05:21:23	10.6486	51.3060	10.6128
05:21:28	10.9720	51.3677	10.6170
05:21:33	11.2955	51.4295	10.6217
05:21:38	11.6190	51.4914	10.6262
05:21:43	11.9424	51.5534	10.6292
05:21:48	12.2659	51.6155	10.6310
05:21:53	12.5893	51.6777	10.6335
05:21:58	12.9127	51.7400	10.6388
05:22:03	13.2361	51.8024	10.6439
05:22:08	13.5595	51.8649	10.6495
05:22:13	13.8829	51.9275	10.6555
05:22:18	14.2063	51.9903	10.6620
05:22:23	14.5296	52.0532	10.6672
05:22:28	14.8530	52.1161	10.6735
05:22:33	15.1763	52.1792	10.6805
05:22:38	15.4996	52.2425	10.6872
05:22:43	15.8229	52.3058	10.6933
05:22:48	16.1462	52.3693	10.6957
05:22:53	16.4694	52.4330	10.6994
05:22:58	16.7927	52.4968	10.7043
05:23:03	17.1159	52.5607	10.7123
05:23:08	17.4391	52.6248	10.7198
05:23:13	17.7623	52.6890	10.7277
05:23:18	18.0855	52.7534	10.7360
05:23:23	18.4086	52.8179	10.7439
05:23:28	18.7317	52.8826	10.7520
05:23:33	19.0548	52.9475	10.7616
05:23:38	19.3779	53.0126	10.7706
05:23:43	19.7010	53.0778	10.7793
05:23:48	20.0240	53.1432	10.7850
05:23:53	20.3471	53.2088	10.7902
05:23:58	20.6701	53.2745	10.7944
05:24:03	20.9931	53.3405	10.8043
05:24:08	21.3160	53.4066	10.8147
05:24:13	21.6389	53.4730	10.8247
05:24:18	21.9618	53.5395	10.8354
15:14:32	21.8382	15.4817	169.1727
15:14:37	21.5148	15.5483	169.1785
15:14:42	21.1913	15.6146	169.1831
15:14:47	20.8678	15.6808	169.1930
15:14:52	20.5443	15.7467	169.2034
15:14:57	20.2208	15.8125	169.2126
15:15:02	19.8972	15.8781	169.2221
15:15:07	19.5736	15.9435	169.2315
15:15:12	19.2500	16.0087	169.2403
15:15:17	18.9264	16.0737	169.2497
15:15:22	18.6027	16.1386	169.2578
15:15:27	18.2790	16.2033	169.2672
15:15:32	17.9553	16.2679	169.2745
15:15:37	17.6316	16.3323	169.2782
15:15:42	17.3079	16.3965	169.2815
15:15:47	16.9841	16.4606	169.2868
15:15:52	16.6603	16.5246	169.2940
15:15:57	16.3365	16.5884	169.3020
15:16:02	16.0127	16.6520	169.3084
15:16:07	15.6889	16.7155	169.3161
15:16:12	15.3650	16.7789	169.3234
15:16:17	15.0412	16.8422	169.3294
15:16:22	14.7173	16.9053	169.3358
15:16:27	14.3934	16.9683	169.3427
15:16:32	14.0695	17.0312	169.3481
15:16:37	13.7456	17.0939	169.3523
15:16:42	13.4216	17.1566	169.3552
15:16:47	13.0977	17.2191	169.3568
15:16:52	12.7737	17.2815	169.3623
15:16:57	12.4497	17.3439	169.3679
15:17:02	12.1257	17.4061	169.3730
15:17:07	11.8017	17.4682	169.3778
15:17:12	11.4777	17.5302	169.3829
15:17:17	11.1537	17.5922	169.3874
15:17:22	10.8296	17.6540	169.3924
15:17:27	10.5056	17.7157	169.3960
15:17:32	10.1815	17.7774	169.4008
15:17:37	9.8574	17.8390	169.4045
15:17:42	9.5334	17.9005	169.4065
15:17:47	9.2093	17.9619	169.4080
15:17:52	8.8852	18.0233	169.4100
15:17:57	8.5611	18.0846	169.4132
15:18:02	8.2370	18.1458	169.4167
15:18:07	7.9128	18.2069	169.4197
15:18:12	7.5887	18.2680	169.4229
15:18:17	7.2646	18.3290	169.4266
15:18:22	6.9404	18.3900	169.4289
15:18:27	6.6163	18.4509	169.4313
15:18:32	6.2922	18.5118	169.4345
15:18:37	5.9680	18.5726	169.4369
15:18:42	5.6439	18.6333	169.4380
15:18:47	5.3197	18.6940	169.4393
15:18:52	4.9955	18.7547	169.4392
15:18:57	4.6714	18.8154	169.4413
15:19:02	4.3472	18.8760	169.4435
15:19:07	4.0230	18.9365	169.4446
15:19:12	3.6989	18.9971	169.4465
15:19:17	3.3747	19.0576	169.4483
15:19:22	3.0505	19.1180	169.4492
15:19:27	2.7264	19.1785	169.4497
15:19:32	2.4022	19.2389	169.4516
15:19:37	2.0780	19.2993	169.4518
15:19:42	1.7539	19.3597	169.4526
15:19:47	1.4297	19.4201	169.4524
15:19:52	1.1056	19.4805	169.4529
15:19:57	0.7814	19.5408	169.4527
15:20:02	0.4572	19.6012	169.4529
15:20:07	0.1331	19.6615	169.4533
15:20:12	-0.1911	19.7219	169.4534
15:20:17	-0.5152	19.7822	169.4537
15:20:22	-0.8393	19.8426	169.4534
16:47:03	21.9701	38.5925	169.1661
16:47:08	21.6466	38.6591	169.1766
16:47:13	21.3232	38.7256	169.1873
16:47:18	20.9997	38.7918	169.1971
16:47:23	20.6762	38.8578	169.2064
16:47:28	20.3527	38.9237	169.2162
16:47:33	20.0291	38.9893	169.2208
16:47:38	19.7055	39.0548	169.2259
16:47:43	19.3819	39.1201	169.2323
16:47:48	19.0583	39.1852	169.2405
16:47:53	18.7347	39.2502	169.2494
16:47:58	18.4110	39.3150	169.2578
16:48:03	18.0873	39.3796	169.2666
16:48:08	17.7636	39.4440	169.2750
16:48:13	17.4399	39.5083	169.2830
16:48:18	17.1161	39.5725	169.2906
16:48:23	16.7924	39.6365	169.2985
16:48:28	16.4686	39.7003	169.3053
16:48:33	16.1448	39.7640	169.3101
16:48:38	15.8210	39.8276	169.3136
16:48:43	15.4971	39.8911	169.3164
16:48:48	15.1733	39.9544	169.3224
16:48:53	14.8494	40.0175	169.3294
16:48:58	14.5255	40.0806	169.3360
16:49:03	14.2016	40.1435	169.3413
16:49:08	13.8777	40.2063	169.3479
16:49:13	13.5538	40.2690	169.3532
16:49:18	13.2298	40.3316	169.3597
16:49:23	12.9059	40.3941	169.3657
16:49:28	12.5819	40.4564	169.3703
16:49:33	12.2579	40.5187	169.3755
16:49:38	11.9339	40.5809	169.3775
16:49:43	11.6099	40.6429	169.3800
16:49:48	11.2859	40.7049	169.3828
16:49:53	10.9618	40.7668	169.3867
16:49:58	10.6378	40.8285	169.3919
16:50:03	10.3137	40.8902	169.3955
16:50:08	9.9897	40.9519	169.4007
16:50:13	9.6656	41.0134	169.4034
16:50:18	9.3415	41.0748	169.4083
16:50:23	9.0174	41.1362	169.4111
16:50:28	8.6933	41.1975	169.4148
16:50:33	8.3692	41.2588	169.4183
16:50:38	8.0451	41.3199	169.4210
16:50:43	7.7210	41.3811	169.4218
16:50:48	7.3969	41.4421	169.4226
16:50:53	7.0728	41.5031	169.4257
16:50:58	6.7486	41.5640	169.4290
16:51:03	6.4245	41.6249	169.4308
16:51:08	6.1003	41.6857	169.4340
16:51:13	5.7762	41.7465	169.4366
16:51:18	5.4520	41.8072	169.4379
16:51:23	5.1279	41.8679	169.4402
16:51:28	4.8037	41.9286	169.4422
16:51:33	4.4796	41.9892	169.4443
16:51:38	4.1554	42.0498	169.4453
16:51:43	3.8312	42.1103	169.4464
16:51:48	3.5071	42.1708	169.4470
16:51:53	3.1829	42.2313	169.4470
16:51:58	2.8587	42.2918	169.4491
16:52:03	2.5346	42.3522	169.4507
16:52:08	2.2104	42.4126	169.4509
16:52:13	1.8863	42.4730	169.4513
16:52:18	1.5621	42.5334	169.4530
16:52:23	1.2379	42.5938	169.4532
16:52:28	0.9138	42.6542	169.4530
16:52:33	0.5896	42.7145	169.4539
16:52:38	0.2655	42.7749	169.4535
16:52:43	-0.0587	42.8352	169.4532
16:52:48	-0.3828	42.8956	169.4535
16:52:53	-0.7069	42.9559	169.4529
23:59:59	-999.00	-999.00	-999.00
