2024/10/30 EARTHCARE
GMT	SUBLAT[N+]	SUBLON[W+]	HEADING
00:15:46	35.0000	-21.2111	11.4399
00:15:51	35.3218	-21.1313	11.4559
00:15:56	35.6435	-21.0511	11.4769
00:16:01	35.9651	-20.9704	11.5017
00:16:06	36.2868	-20.8893	11.5271
00:16:11	36.6083	-20.8076	11.5532
00:16:16	36.9298	-20.7254	11.5800
00:16:21	37.2513	-20.6427	11.6069
00:16:26	37.5727	-20.5595	11.6340
00:16:31	37.8941	-20.4758	11.6616
00:16:36	38.2154	-20.3915	11.6903
00:16:41	38.5366	-20.3066	11.7193
00:16:46	38.8578	-20.2212	11.7426
00:16:51	39.1790	-20.1352	11.7635
00:16:56	39.5001	-20.0486	11.7853
00:17:01	39.8211	-19.9614	11.8169
00:17:06	40.1421	-19.8735	11.8485
00:17:11	40.4630	-19.7851	11.8811
00:17:16	40.7839	-19.6960	11.9140
00:17:21	41.1047	-19.6062	11.9481
00:17:26	41.4254	-19.5158	11.9825
00:17:31	41.7461	-19.4246	12.0180
00:17:36	42.0667	-19.3328	12.0537
00:17:41	42.3872	-19.2403	12.0900
00:17:46	42.7077	-19.1470	12.1250
00:17:51	43.0281	-19.0530	12.1537
00:17:56	43.3485	-18.9582	12.1830
00:18:01	43.6687	-18.8626	12.2174
00:18:06	43.9889	-18.7662	12.2577
00:18:11	44.3091	-18.6691	12.2985
00:18:16	44.6291	-18.5711	12.3410
00:18:21	44.9491	-18.4722	12.3832
00:18:26	45.2691	-18.3725	12.4269
00:18:31	45.5889	-18.2719	12.4714
00:18:36	45.9087	-18.1703	12.5168
00:18:41	46.2284	-18.0679	12.5628
00:18:46	46.5480	-17.9645	12.6104
00:18:51	46.8675	-17.8601	12.6520
00:18:56	47.1870	-17.7547	12.6902
00:19:01	47.5063	-17.6483	12.7302
00:19:06	47.8256	-17.5409	12.7812
00:19:11	48.1448	-17.4324	12.8333
00:19:16	48.4639	-17.3228	12.8861
00:19:21	48.7829	-17.2121	12.9406
00:19:26	49.1019	-17.1002	12.9959
00:19:31	49.4207	-16.9872	13.0527
00:19:36	49.7394	-16.8730	13.1107
00:19:41	50.0581	-16.7575	13.1697
00:19:46	50.3766	-16.6408	13.2299
00:19:51	50.6951	-16.5228	13.2902
00:19:56	51.0134	-16.4034	13.3423
00:20:01	51.3317	-16.2827	13.3953
00:20:06	51.6498	-16.1607	13.4542
00:20:11	51.9678	-16.0372	13.5214
00:20:16	52.2858	-15.9122	13.5899
00:20:21	52.6036	-15.7858	13.6594
00:20:26	52.9213	-15.6578	13.7309
00:20:31	53.2388	-15.5282	13.8043
00:20:36	53.5563	-15.3970	13.8787
00:20:41	53.8736	-15.2642	13.9549
00:20:46	54.1908	-15.1296	14.0330
00:20:51	54.5079	-14.9933	14.1128
00:20:56	54.8249	-14.8552	14.1878
00:21:01	55.1417	-14.7152	14.2590
00:21:06	55.4584	-14.5734	14.3328
00:21:11	55.7749	-14.4296	14.4180
00:21:16	56.0913	-14.2838	14.5070
00:21:21	56.4075	-14.1359	14.5984
00:21:26	56.7236	-13.9859	14.6914
00:21:31	57.0396	-13.8337	14.7865
00:21:36	57.3554	-13.6793	14.8842
00:21:41	57.6710	-13.5226	14.9841
00:21:46	57.9864	-13.3635	15.0865
00:21:51	58.3017	-13.2019	15.1911
00:21:56	58.6168	-13.0378	15.2980
00:22:01	58.9318	-12.8711	15.3956
00:22:06	59.2465	-12.7018	15.4961
00:22:11	59.5611	-12.5297	15.6026
00:22:16	59.8754	-12.3547	15.7212
00:22:21	60.1896	-12.1768	15.8418
00:22:26	60.5035	-11.9959	15.9661
00:22:31	60.8173	-11.8119	16.0921
00:22:36	61.1308	-11.6247	16.2230
00:22:41	61.4441	-11.4341	16.3564
00:22:46	61.7571	-11.2401	16.4934
00:22:51	62.0700	-11.0425	16.6336
00:22:56	62.3825	-10.8412	16.7782
00:23:01	62.6949	-10.6362	16.9198
00:23:06	63.0069	-10.4272	17.0590
00:23:11	63.3187	-10.2142	17.2023
00:23:16	63.6302	-9.9970	17.3588
00:23:21	63.9414	-9.7755	17.5237
00:23:26	64.2524	-9.5495	17.6925
00:23:31	64.5630	-9.3188	17.8656
00:23:36	64.8733	-9.0833	18.0441
00:23:41	65.1832	-8.8428	18.2273
00:23:46	65.4928	-8.5971	18.4158
00:23:51	65.8021	-8.3460	18.6100
00:23:56	66.1110	-8.0893	18.8090
00:24:01	66.4195	-7.8268	19.0141
00:24:06	66.7276	-7.5583	19.2138
00:24:11	67.0353	-7.2836	19.4176
00:24:16	67.3426	-7.0023	19.6312
00:24:21	67.6494	-6.7143	19.8620
00:24:26	67.9558	-6.4193	20.0995
00:24:31	68.2616	-6.1169	20.3443
00:24:36	68.5670	-5.8070	20.5968
00:24:41	68.8719	-5.4890	20.8577
00:24:46	69.1762	-5.1628	21.1260
00:24:51	69.4799	-4.8280	21.4036
00:24:56	69.7831	-4.4842	21.6900
00:25:01	70.0856	-4.1309	21.9856
00:25:06	70.3875	-3.7679	22.2866
00:25:11	70.6887	-3.3946	22.5888
00:25:16	70.9892	-3.0106	22.9016
00:25:21	71.2889	-2.6154	23.2348
00:25:26	71.5879	-2.2085	23.5837
00:25:31	71.8860	-1.7894	23.9456
00:25:36	72.1833	-1.3574	24.3198
00:25:41	72.4798	-0.9119	24.7080
00:25:46	72.7752	-0.4523	25.1100
00:25:51	73.0697	0.0220	25.5265
00:25:56	73.3631	0.5120	25.9587
00:26:01	73.6554	1.0182	26.4073
00:26:06	73.9466	1.5416	26.8730
00:26:11	74.2365	2.0830	27.3459
00:26:16	74.5252	2.6433	27.8346
00:26:21	74.8125	3.2236	28.3452
00:26:26	75.0983	3.8248	28.8884
00:26:31	75.3826	4.4481	29.4542
00:26:36	75.6654	5.0947	30.0431
00:26:41	75.9463	5.7659	30.6564
00:26:46	76.2255	6.4630	31.2957
00:26:51	76.5028	7.1873	31.9626
00:26:56	76.7780	7.9405	32.6577
00:27:01	77.0510	8.7242	33.3838
00:27:06	77.3217	9.5399	34.1415
00:27:11	77.5899	10.3896	34.9298
00:27:16	77.8556	11.2751	35.7441
00:27:21	78.1183	12.1985	36.5954
00:27:26	78.3781	13.1618	37.4947
00:27:31	78.6348	14.1673	38.4422
00:27:36	78.8879	15.2174	39.4347
00:27:41	79.1375	16.3145	40.4741
00:27:46	79.3830	17.4611	41.5625
00:27:51	79.6244	18.6599	42.7036
00:27:56	79.8614	19.9137	43.8993
01:48:19	35.0644	1.9411	11.4384
01:48:24	35.3861	2.0209	11.4620
01:48:29	35.7078	2.1012	11.4870
01:48:34	36.0295	2.1820	11.5117
01:48:39	36.3511	2.2633	11.5369
01:48:44	36.6726	2.3450	11.5631
01:48:49	36.9941	2.4273	11.5901
01:48:54	37.3156	2.5101	11.6159
01:48:59	37.6370	2.5934	11.6443
01:49:04	37.9583	2.6773	11.6682
01:49:09	38.2796	2.7617	11.6880
01:49:14	38.6009	2.8467	11.7079
01:49:19	38.9221	2.9322	11.7357
01:49:24	39.2432	3.0183	11.7660
01:49:29	39.5643	3.1051	11.7963
01:49:34	39.8853	3.1924	11.8283
01:49:39	40.2063	3.2804	11.8605
01:49:44	40.5272	3.3689	11.8928
01:49:49	40.8480	3.4582	11.9259
01:49:54	41.1688	3.5481	11.9598
01:49:59	41.4895	3.6387	11.9943
01:50:04	41.8102	3.7299	12.0299
01:50:09	42.1308	3.8219	12.0569
01:50:14	42.4513	3.9146	12.0842
01:50:19	42.7718	4.0080	12.1144
01:50:24	43.0922	4.1022	12.1525
01:50:29	43.4125	4.1971	12.1909
01:50:34	43.7328	4.2928	12.2311
01:50:39	44.0530	4.3894	12.2714
01:50:44	44.3731	4.4867	12.3124
01:50:49	44.6932	4.5849	12.3546
01:50:54	45.0131	4.6839	12.3975
01:50:59	45.3330	4.7838	12.4410
01:51:04	45.6529	4.8846	12.4857
01:51:09	45.9726	4.9863	12.5277
01:51:14	46.2923	5.0890	12.5635
01:51:19	46.6119	5.1926	12.6010
01:51:24	46.9314	5.2972	12.6465
01:51:29	47.2508	5.4027	12.6954
01:51:34	47.5702	5.5093	12.7456
01:51:39	47.8895	5.6170	12.7971
01:51:44	48.2086	5.7257	12.8495
01:51:49	48.5277	5.8355	12.9025
01:51:54	48.8467	5.9465	12.9574
01:51:59	49.1656	6.0585	13.0131
01:52:04	49.4845	6.1718	13.0700
01:52:09	49.8032	6.2863	13.1286
01:52:14	50.1218	6.4020	13.1783
01:52:19	50.4403	6.5190	13.2285
01:52:24	50.7588	6.6373	13.2807
01:52:29	51.0771	6.7568	13.3433
01:52:34	51.3953	6.8778	13.4081
01:52:39	51.7134	7.0001	13.4739
01:52:44	52.0314	7.1239	13.5411
01:52:49	52.3493	7.2492	13.6100
01:52:54	52.6671	7.3759	13.6800
01:52:59	52.9848	7.5042	13.7516
01:53:04	53.3023	7.6341	13.8249
01:53:09	53.6198	7.7657	13.8997
01:53:14	53.9371	7.8989	13.9736
01:53:19	54.2543	8.0338	14.0403
01:53:24	54.5713	8.1704	14.1081
01:53:29	54.8882	8.3089	14.1853
01:53:34	55.2050	8.4492	14.2693
01:53:39	55.5217	8.5915	14.3547
01:53:44	55.8382	8.7357	14.4422
01:53:49	56.1545	8.8819	14.5316
01:53:54	56.4708	9.0302	14.6235
01:53:59	56.7868	9.1806	14.7165
01:54:04	57.1027	9.3332	14.8125
01:54:09	57.4185	9.4881	14.9104
01:54:14	57.7341	9.6453	15.0109
01:54:19	58.0495	9.8049	15.1054
01:54:24	58.3648	9.9670	15.1981
01:54:29	58.6798	10.1316	15.2940
01:54:34	58.9947	10.2988	15.4042
01:54:39	59.3094	10.4687	15.5172
01:54:44	59.6239	10.6413	15.6328
01:54:49	59.9383	10.8168	15.7509
01:54:54	60.2524	10.9953	15.8728
01:54:59	60.5663	11.1769	15.9976
01:55:04	60.8800	11.3615	16.1253
01:55:09	61.1935	11.5494	16.2560
01:55:14	61.5067	11.7407	16.3899
01:55:19	61.8197	11.9354	16.5256
01:55:24	62.1325	12.1337	16.6543
01:55:29	62.4450	12.3357	16.7867
01:55:34	62.7573	12.5415	16.9287
01:55:39	63.0693	12.7513	17.0811
01:55:44	63.3810	12.9651	17.2378
01:55:49	63.6925	13.1831	17.3988
01:55:54	64.0037	13.4055	17.5638
01:55:59	64.3145	13.6325	17.7335
01:56:04	64.6251	13.8641	17.9082
01:56:09	64.9353	14.1006	18.0871
01:56:14	65.2452	14.3422	18.2715
01:56:19	65.5547	14.5890	18.4609
01:56:24	65.8639	14.8412	18.6476
01:56:29	66.1727	15.0990	18.8354
01:56:34	66.4811	15.3627	19.0289
01:56:39	66.7892	15.6324	19.2398
01:56:44	67.0968	15.9084	19.4586
01:56:49	67.4040	16.1910	19.6842
01:56:54	67.7107	16.4803	19.9158
01:56:59	68.0170	16.7768	20.1549
01:57:04	68.3228	17.0807	20.4013
01:57:09	68.6280	17.3922	20.6557
01:57:14	68.9328	17.7118	20.9174
01:57:19	69.2370	18.0397	21.1882
01:57:24	69.5406	18.3763	21.4665
01:57:29	69.8436	18.7220	21.7412
01:57:34	70.1460	19.0772	22.0256
01:57:39	70.4478	19.4422	22.3247
01:57:44	70.7488	19.8176	22.6422
01:57:49	71.0492	20.2037	22.9713
01:57:54	71.3488	20.6012	23.3111
01:57:59	71.6476	21.0105	23.6627
01:58:04	71.9456	21.4322	24.0267
01:58:09	72.2427	21.8669	24.4038
01:58:14	72.5389	22.3151	24.7945
01:58:19	72.8342	22.7776	25.1995
01:58:24	73.1285	23.2550	25.6191
01:58:29	73.4217	23.7482	26.0474
01:58:34	73.7138	24.2578	26.4858
01:58:39	74.0047	24.7847	26.9417
12:56:50	63.3759	-29.9131	162.7487
12:56:55	63.0641	-29.6994	162.9057
12:57:00	62.7521	-29.4897	163.0581
12:57:05	62.4398	-29.2840	163.2064
12:57:10	62.1273	-29.0820	163.3517
12:57:15	61.8145	-28.8838	163.4928
12:57:20	61.5015	-28.6892	163.6246
12:57:25	61.1883	-28.4980	163.7464
12:57:30	60.8748	-28.3101	163.8648
12:57:35	60.5611	-28.1255	163.9892
12:57:40	60.2472	-27.9440	164.1136
12:57:45	59.9331	-27.7656	164.2355
12:57:50	59.6187	-27.5901	164.3540
12:57:55	59.3042	-27.4174	164.4699
12:58:00	58.9895	-27.2476	164.5826
12:58:05	58.6746	-27.0804	164.6927
12:58:10	58.3595	-26.9159	164.8006
12:58:15	58.0443	-26.7539	164.9055
12:58:20	57.7288	-26.5943	165.0081
12:58:25	57.4133	-26.4372	165.0976
12:58:30	57.0975	-26.2823	165.1841
12:58:35	56.7816	-26.1298	165.2702
12:58:40	56.4655	-25.9794	165.3638
12:58:45	56.1493	-25.8311	165.4554
12:58:50	55.8329	-25.6849	165.5448
12:58:55	55.5164	-25.5407	165.6324
12:59:00	55.1998	-25.3985	165.7175
12:59:05	54.8830	-25.2582	165.8015
12:59:10	54.5661	-25.1198	165.8830
12:59:15	54.2490	-24.9831	165.9633
12:59:20	53.9318	-24.8483	166.0409
12:59:25	53.6145	-24.7151	166.1139
12:59:30	53.2971	-24.5836	166.1777
12:59:35	52.9795	-24.4538	166.2396
12:59:40	52.6619	-24.3255	166.3072
12:59:45	52.3441	-24.1987	166.3772
12:59:50	52.0262	-24.0735	166.4460
12:59:55	51.7082	-23.9497	166.5135
13:00:00	51.3900	-23.8274	166.5794
13:00:05	51.0718	-23.7065	166.6437
13:00:10	50.7535	-23.5869	166.7071
13:00:15	50.4351	-23.4687	166.7687
13:00:20	50.1165	-23.3517	166.8292
13:00:25	49.7979	-23.2360	166.8881
13:00:30	49.4792	-23.1216	166.9377
13:00:35	49.1604	-23.0083	166.9838
13:00:40	48.8414	-22.8963	167.0301
13:00:45	48.5224	-22.7853	167.0848
13:00:50	48.2033	-22.6755	167.1380
13:00:55	47.8842	-22.5668	167.1910
13:01:00	47.5649	-22.4592	167.2424
13:01:05	47.2455	-22.3526	167.2925
13:01:10	46.9261	-22.2471	167.3416
13:01:15	46.6066	-22.1425	167.3901
13:01:20	46.2870	-22.0389	167.4373
13:01:25	45.9673	-21.9363	167.4844
13:01:30	45.6476	-21.8346	167.5276
13:01:35	45.3277	-21.7338	167.5614
13:01:40	45.0078	-21.6339	167.5956
13:01:45	44.6878	-21.5349	167.6335
13:01:50	44.3678	-21.4367	167.6756
13:01:55	44.0477	-21.3394	167.7171
13:02:00	43.7275	-21.2429	167.7576
13:02:05	43.4072	-21.1472	167.7973
13:02:10	43.0869	-21.0522	167.8361
13:02:15	42.7665	-20.9581	167.8745
13:02:20	42.4460	-20.8647	167.9118
13:02:25	42.1255	-20.7720	167.9484
13:02:30	41.8049	-20.6800	167.9841
13:02:35	41.4842	-20.5888	168.0135
13:02:40	41.1635	-20.4982	168.0384
13:02:45	40.8427	-20.4084	168.0630
13:02:50	40.5219	-20.3191	168.0965
13:02:55	40.2010	-20.2305	168.1291
13:03:00	39.8800	-20.1426	168.1612
13:03:05	39.5590	-20.0553	168.1920
13:03:10	39.2379	-19.9685	168.2235
13:03:15	38.9168	-19.8824	168.2540
13:03:20	38.5956	-19.7969	168.2835
13:03:25	38.2743	-19.7119	168.3125
13:03:30	37.9530	-19.6275	168.3407
13:03:35	37.6317	-19.5437	168.3679
13:03:40	37.3103	-19.4604	168.3863
13:03:45	36.9888	-19.3776	168.4050
13:03:50	36.6673	-19.2953	168.4267
13:03:55	36.3457	-19.2136	168.4527
13:04:00	36.0241	-19.1323	168.4782
13:04:05	35.7025	-19.0515	168.5039
13:04:10	35.3808	-18.9712	168.5283
13:04:15	35.0590	-18.8914	168.5522
14:25:12	78.1914	-29.4157	143.1329
14:25:17	77.9294	-28.4813	144.0096
14:25:22	77.6646	-27.5854	144.8472
14:25:27	77.3971	-26.7259	145.6493
14:25:32	77.1270	-25.9009	146.4162
14:25:37	76.8546	-25.1084	147.1510
14:25:42	76.5800	-24.3469	147.8550
14:25:47	76.3033	-23.6146	148.5250
14:25:52	76.0247	-22.9101	149.1575
14:25:57	75.7442	-22.2318	149.7644
14:26:02	75.4620	-21.5784	150.3551
14:26:07	75.1781	-20.9487	150.9273
14:26:12	74.8927	-20.3414	151.4767
14:26:17	74.6058	-19.7553	152.0053
14:26:22	74.3175	-19.1895	152.5129
14:26:27	74.0279	-18.6429	153.0019
14:26:32	73.7371	-18.1146	153.4728
14:26:37	73.4451	-17.6037	153.9265
14:26:42	73.1519	-17.1093	154.3629
14:26:47	72.8578	-16.6306	154.7836
14:26:52	72.5626	-16.1670	155.1790
14:26:57	72.2664	-15.7176	155.5574
14:27:02	71.9694	-15.2819	155.9231
14:27:07	71.6714	-14.8592	156.2882
14:27:12	71.3727	-14.4489	156.6410
14:27:17	71.0732	-14.0505	156.9817
14:27:22	70.7729	-13.6634	157.3114
14:27:27	70.4719	-13.2872	157.6305
14:27:32	70.1702	-12.9213	157.9388
14:27:37	69.8678	-12.5654	158.2369
14:27:42	69.5649	-12.2190	158.5260
14:27:47	69.2613	-11.8817	158.8055
14:27:52	68.9571	-11.5531	159.0737
14:27:57	68.6524	-11.2329	159.3230
14:28:02	68.3472	-10.9208	159.5648
14:28:07	68.0414	-10.6163	159.8058
14:28:12	67.7352	-10.3192	160.0455
14:28:17	67.4285	-10.0292	160.2778
14:28:22	67.1214	-9.7461	160.5038
14:28:27	66.8138	-9.4696	160.7228
14:28:32	66.5058	-9.1993	160.9360
14:28:37	66.1974	-8.9352	161.1427
14:28:42	65.8886	-8.6769	161.3436
14:28:47	65.5795	-8.4243	161.5388
14:28:52	65.2699	-8.1771	161.7288
14:28:57	64.9601	-7.9352	161.9046
14:29:02	64.6499	-7.6983	162.0713
14:29:07	64.3394	-7.4663	162.2332
14:29:12	64.0285	-7.2390	162.4034
14:29:17	63.7174	-7.0162	162.5693
14:29:22	63.4060	-6.7978	162.7303
14:29:27	63.0943	-6.5836	162.8876
14:29:32	62.7823	-6.3735	163.0401
14:29:37	62.4700	-6.1674	163.1892
14:29:42	62.1575	-5.9651	163.3343
14:29:47	61.8448	-5.7665	163.4756
14:29:52	61.5318	-5.5716	163.6137
14:29:57	61.2185	-5.3800	163.7469
14:30:02	60.9051	-5.1919	163.8650
14:30:07	60.5914	-5.0069	163.9811
14:30:12	60.2775	-4.8252	164.0983
14:30:17	59.9634	-4.6464	164.2205
14:30:22	59.6491	-4.4707	164.3395
14:30:27	59.3346	-4.2977	164.4553
14:30:32	59.0199	-4.1276	164.5688
14:30:37	58.7050	-3.9602	164.6790
14:30:42	58.3900	-3.7954	164.7868
14:30:47	58.0747	-3.6331	164.8924
14:30:52	57.7593	-3.4734	164.9952
14:30:57	57.4437	-3.3160	165.0955
14:31:02	57.1280	-3.1609	165.1868
14:31:07	56.8121	-3.0081	165.2712
14:31:12	56.4961	-2.8575	165.3530
14:31:17	56.1798	-2.7091	165.4433
14:31:22	55.8635	-2.5627	165.5330
14:31:27	55.5470	-2.4183	165.6208
14:31:32	55.2304	-2.2759	165.7065
14:31:37	54.9136	-2.1354	165.7906
14:31:42	54.5967	-1.9968	165.8723
14:31:47	54.2796	-1.8600	165.9521
14:31:52	53.9625	-1.7250	166.0313
14:31:57	53.6452	-1.5916	166.1080
14:32:02	53.3277	-1.4600	166.1821
14:32:07	53.0102	-1.3300	166.2441
14:32:12	52.6925	-1.2016	166.3051
14:32:17	52.3748	-1.0747	166.3677
14:32:22	52.0569	-0.9493	166.4367
14:32:27	51.7389	-0.8254	166.5039
14:32:32	51.4208	-0.7029	166.5697
14:32:37	51.1026	-0.5818	166.6350
14:32:42	50.7842	-0.4621	166.6982
14:32:47	50.4658	-0.3438	166.7599
14:32:52	50.1473	-0.2267	166.8205
14:32:57	49.8287	-0.1109	166.8800
14:33:02	49.5100	0.0037	166.9382
14:33:07	49.1912	0.1170	166.9899
14:33:12	48.8722	0.2292	167.0351
14:33:17	48.5533	0.3402	167.0796
14:33:22	48.2342	0.4501	167.1308
14:33:27	47.9150	0.5590	167.1830
14:33:32	47.5957	0.6667	167.2349
14:33:37	47.2764	0.7734	167.2853
14:33:42	46.9570	0.8790	167.3342
14:33:47	46.6375	0.9837	167.3832
14:33:52	46.3179	1.0874	167.4308
14:33:57	45.9982	1.1901	167.4763
14:34:02	45.6785	1.2919	167.5227
14:34:07	45.3586	1.3928	167.5667
14:34:12	45.0387	1.4927	167.6019
14:34:17	44.7188	1.5918	167.6349
14:34:22	44.3987	1.6901	167.6693
14:34:27	44.0786	1.7875	167.7108
14:34:32	43.7584	1.8841	167.7518
14:34:37	43.4381	1.9799	167.7904
14:34:42	43.1178	2.0749	167.8299
14:34:47	42.7974	2.1691	167.8682
14:34:52	42.4770	2.2626	167.9059
14:34:57	42.1564	2.3553	167.9423
14:35:02	41.8358	2.4474	167.9781
14:35:07	41.5152	2.5387	168.0139
14:35:12	41.1945	2.6293	168.0444
14:35:17	40.8737	2.7192	168.0695
14:35:22	40.5528	2.8085	168.0939
14:35:27	40.2320	2.8972	168.1230
14:35:32	39.9110	2.9852	168.1555
14:35:37	39.5900	3.0726	168.1871
14:35:42	39.2689	3.1594	168.2185
14:35:47	38.9478	3.2455	168.2486
14:35:52	38.6266	3.3311	168.2780
14:35:57	38.3053	3.4161	168.3071
14:36:02	37.9841	3.5006	168.3360
14:36:07	37.6627	3.5845	168.3643
14:36:12	37.3413	3.6679	168.3917
14:36:17	37.0199	3.7507	168.4117
14:36:22	36.6984	3.8330	168.4297
14:36:27	36.3768	3.9148	168.4489
14:36:32	36.0552	3.9961	168.4741
14:36:37	35.7336	4.0769	168.4991
14:36:42	35.4119	4.1573	168.5234
14:36:47	35.0901	4.2372	168.5473
15:57:10	79.9075	-13.9828	135.8697
15:57:15	79.6715	-12.7179	137.0632
15:57:20	79.4309	-11.5085	138.2007
15:57:25	79.1861	-10.3518	139.2901
15:57:30	78.9374	-9.2451	140.3391
15:57:35	78.6849	-8.1860	141.3400
15:57:40	78.4290	-7.1718	142.2967
15:57:45	78.1698	-6.2004	143.2101
15:57:50	77.9076	-5.2693	144.0835
15:57:55	77.6425	-4.3765	144.9181
15:58:00	77.3748	-3.5199	145.7172
15:58:05	77.1045	-2.6976	146.4819
15:58:10	76.8319	-1.9078	147.2139
15:58:15	76.5571	-1.1488	147.9084
15:58:20	76.2803	-0.4189	148.5667
15:58:25	76.0015	0.2834	149.1977
15:58:30	75.7208	0.9596	149.8126
15:58:35	75.4385	1.6110	150.4067
15:58:40	75.1545	2.2388	150.9768
15:58:45	74.8689	2.8443	151.5244
15:58:50	74.5819	3.4287	152.0508
15:58:55	74.2935	3.9928	152.5576
15:59:00	74.0038	4.5379	153.0453
15:59:05	73.7129	5.0647	153.5140
15:59:10	73.4208	5.5742	153.9659
15:59:15	73.1276	6.0673	154.4015
15:59:20	72.8333	6.5447	154.8091
15:59:25	72.5380	7.0071	155.2002
15:59:30	72.2418	7.4553	155.5798
15:59:35	71.9447	7.8899	155.9571
15:59:40	71.6467	8.3116	156.3210
15:59:45	71.3479	8.7208	156.6725
15:59:50	71.0483	9.1183	157.0130
15:59:55	70.7479	9.5045	157.3414
16:00:00	70.4469	9.8798	157.6592
16:00:05	70.1451	10.2448	157.9666
16:00:10	69.8427	10.5999	158.2641
16:00:15	69.5397	10.9456	158.5524
16:00:20	69.2361	11.2822	158.8268
16:00:25	68.9319	11.6100	159.0836
16:00:30	68.6271	11.9295	159.3327
16:00:35	68.3218	12.2411	159.5824
16:00:40	68.0161	12.5449	159.8288
16:00:45	67.7098	12.8414	160.0679
16:00:50	67.4031	13.1308	160.3000
16:00:55	67.0959	13.4133	160.5253
16:01:00	66.7883	13.6893	160.7439
16:01:05	66.4802	13.9591	160.9561
16:01:10	66.1718	14.2227	161.1623
16:01:15	65.8630	14.4805	161.3631
16:01:20	65.5538	14.7326	161.5577
16:01:25	65.2442	14.9794	161.7368
16:01:30	64.9343	15.2209	161.9083
16:01:35	64.6241	15.4574	162.0762
16:01:40	64.3136	15.6890	162.2507
16:01:45	64.0027	15.9160	162.4201
16:01:50	63.6916	16.1384	162.5854
16:01:55	63.3801	16.3564	162.7462
16:02:00	63.0684	16.5703	162.9032
16:02:05	62.7564	16.7800	163.0555
16:02:10	62.4441	16.9858	163.2044
16:02:15	62.1316	17.1877	163.3492
16:02:20	61.8188	17.3860	163.4903
16:02:25	61.5058	17.5807	163.6243
16:02:30	61.1925	17.7720	163.7469
16:02:35	60.8790	17.9598	163.8647
16:02:40	60.5653	18.1445	163.9868
16:02:45	60.2514	18.3260	164.1116
16:02:50	59.9373	18.5045	164.2334
16:02:55	59.6230	18.6801	164.3518
16:03:00	59.3085	18.8527	164.4676
16:03:05	58.9938	19.0226	164.5802
16:03:10	58.6789	19.1898	164.6908
16:03:15	58.3638	19.3544	164.7983
16:03:20	58.0486	19.5164	164.9038
16:03:25	57.7331	19.6760	165.0066
16:03:30	57.4175	19.8332	165.0984
16:03:35	57.1018	19.9881	165.1844
16:03:40	56.7859	20.1407	165.2686
16:03:45	56.4698	20.2911	165.3623
16:03:50	56.1536	20.4394	165.4534
16:03:55	55.8372	20.5856	165.5430
16:04:00	55.5207	20.7298	165.6306
16:04:05	55.2041	20.8721	165.7161
16:04:10	54.8873	21.0124	165.7993
16:04:15	54.5704	21.1509	165.8814
16:04:20	54.2533	21.2875	165.9616
16:04:25	53.9361	21.4224	166.0398
16:04:30	53.6188	21.5556	166.1148
16:04:35	53.3014	21.6871	166.1785
16:04:40	52.9838	21.8170	166.2402
16:04:45	52.6662	21.9453	166.3057
16:04:50	52.3484	22.0720	166.3759
16:04:55	52.0305	22.1973	166.4446
16:05:00	51.7125	22.3211	166.5121
16:05:05	51.3944	22.4434	166.5778
16:05:10	51.0761	22.5644	166.6425
16:05:15	50.7578	22.6840	166.7059
16:05:20	50.4394	22.8022	166.7677
16:05:25	50.1209	22.9192	166.8279
16:05:30	49.8022	23.0349	166.8871
16:05:35	49.4835	23.1494	166.9388
16:05:40	49.1647	23.2626	166.9849
16:05:45	48.8458	23.3747	167.0304
16:05:50	48.5268	23.4856	167.0834
16:05:55	48.2077	23.5955	167.1367
16:06:00	47.8885	23.7042	167.1897
16:06:05	47.5692	23.8118	167.2409
16:06:10	47.2499	23.9184	167.2911
16:06:15	46.9305	24.0240	167.3408
16:06:20	46.6109	24.1286	167.3892
16:06:25	46.2913	24.2322	167.4369
16:06:30	45.9717	24.3348	167.4828
16:06:35	45.6519	24.4365	167.5277
16:06:40	45.3321	24.5373	167.5631
16:06:45	45.0122	24.6372	167.5965
16:06:50	44.6922	24.7363	167.6332
16:06:55	44.3721	24.8344	167.6753
16:07:00	44.0520	24.9318	167.7161
17:29:41	80.0005	8.6313	135.3557
17:29:46	79.7664	9.9192	136.5866
17:29:51	79.5277	11.1505	137.7602
17:29:56	79.2846	12.3280	138.8792
17:30:01	79.0373	13.4544	139.9478
17:30:06	78.7863	14.5322	140.9679
17:30:11	78.5317	15.5640	141.9335
17:30:16	78.2738	16.5522	142.8505
17:30:21	78.0128	17.4991	143.7251
17:30:26	77.7488	18.4070	144.5739
17:30:31	77.4821	19.2779	145.3870
17:30:36	77.2129	20.1137	146.1647
17:30:41	76.9412	20.9163	146.9099
17:30:46	76.6673	21.6874	147.6233
17:30:51	76.3913	22.4288	148.3069
17:30:56	76.1132	23.1420	148.9622
17:31:01	75.8333	23.8285	149.5907
17:31:06	75.5516	24.4896	150.1943
17:31:10	75.3244	25.0025	299.6988
22:02:24	76.3009	-29.4360	31.4838
22:02:29	76.5776	-28.7040	32.1585
22:02:34	76.8522	-27.9427	32.8487
22:02:39	77.1246	-27.1505	33.5692
22:02:44	77.3946	-26.3257	34.3255
22:02:49	77.6622	-25.4666	35.1271
22:02:54	77.9271	-24.5710	35.9646
22:02:59	78.1891	-23.6371	36.8408
22:03:04	78.4480	-22.6625	37.7575
22:03:09	78.7037	-21.6452	38.7174
22:03:14	78.9559	-20.5826	39.7216
22:03:19	79.2044	-19.4724	40.7740
22:03:24	79.4489	-18.3118	41.8772
22:03:29	79.6891	-17.0983	43.0325
22:03:34	79.9247	-15.8292	44.2384
23:27:39	49.3891	-29.9548	13.0439
23:27:44	49.7078	-29.8406	13.1015
23:27:49	50.0265	-29.7253	13.1606
23:27:54	50.3450	-29.6087	13.2212
23:27:59	50.6635	-29.4908	13.2830
23:28:04	50.9818	-29.3716	13.3452
23:28:09	51.3001	-29.2511	13.4011
23:28:14	51.6182	-29.1291	13.4550
23:28:19	51.9363	-29.0058	13.5119
23:28:24	52.2542	-28.8810	13.5804
23:28:29	52.5720	-28.7547	13.6497
23:28:34	52.8897	-28.6269	13.7211
23:28:39	53.2073	-28.4974	13.7932
23:28:44	53.5248	-28.3664	13.8684
23:28:49	53.8421	-28.2337	13.9442
23:28:54	54.1594	-28.0994	14.0217
23:28:59	54.4764	-27.9632	14.1012
23:29:04	54.7934	-27.8253	14.1826
23:29:09	55.1102	-27.6855	14.2633
23:29:14	55.4269	-27.5438	14.3368
23:29:19	55.7435	-27.4002	14.4120
23:29:24	56.0599	-27.2546	14.4949
23:29:29	56.3762	-27.1070	14.5863
23:29:34	56.6923	-26.9572	14.6785
23:29:39	57.0082	-26.8052	14.7743
23:29:44	57.3240	-26.6510	14.8712
23:29:49	57.6397	-26.4945	14.9712
23:29:54	57.9551	-26.3357	15.0726
23:29:59	58.2704	-26.1744	15.1775
23:30:04	58.5856	-26.0105	15.2839
23:30:09	58.9005	-25.8441	15.3942
23:30:14	59.2153	-25.6750	15.4977
23:30:19	59.5298	-25.5032	15.6003
23:30:24	59.8442	-25.3285	15.7059
23:30:29	60.1584	-25.1509	15.8265
23:30:34	60.4724	-24.9703	15.9498
23:30:39	60.7861	-24.7866	16.0765
23:30:44	61.0997	-24.5997	16.2065
23:30:49	61.4130	-24.4094	16.3395
23:30:54	61.7261	-24.2158	16.4763
23:30:59	62.0389	-24.0186	16.6163
23:31:04	62.3515	-23.8177	16.7604
23:31:09	62.6639	-23.6130	16.9076
23:31:14	62.9760	-23.4045	17.0577
23:31:19	63.2878	-23.1919	17.2004
23:31:24	63.5993	-22.9751	17.3473
23:31:29	63.9106	-22.7540	17.5037
23:31:34	64.2215	-22.5284	17.6719
23:31:39	64.5322	-22.2982	17.8450
23:31:44	64.8425	-22.0632	18.0223
23:31:49	65.1525	-21.8232	18.2053
23:31:54	65.4621	-21.5780	18.3931
23:31:59	65.7714	-21.3275	18.5863
23:32:04	66.0803	-21.0713	18.7855
23:32:09	66.3889	-20.8095	18.9904
23:32:14	66.6970	-20.5416	19.2008
23:32:19	67.0048	-20.2674	19.4100
23:32:24	67.3121	-19.9868	19.6201
23:32:29	67.6190	-19.6995	19.8369
23:32:34	67.9254	-19.4052	20.0722
23:32:39	68.2313	-19.1036	20.3161
23:32:44	68.5367	-18.7944	20.5678
23:32:49	68.8416	-18.4772	20.8274
23:32:54	69.1460	-18.1519	21.0954
23:32:59	69.4498	-17.8179	21.3718
23:33:04	69.7530	-17.4750	21.6575
23:33:09	70.0556	-17.1227	21.9524
23:33:14	70.3575	-16.7607	22.2567
23:33:19	70.6588	-16.3884	22.5713
23:33:24	70.9594	-16.0055	22.8833
23:33:29	71.2592	-15.6114	23.2065
23:33:34	71.5582	-15.2057	23.5451
23:33:39	71.8565	-14.7878	23.9054
23:33:44	72.1539	-14.3571	24.2787
23:33:49	72.4504	-13.9130	24.6649
23:33:54	72.7459	-13.4549	25.0657
23:33:59	73.0405	-12.9820	25.4811
23:34:04	73.3340	-12.4937	25.9113
23:34:09	73.6265	-11.9891	26.3587
23:34:14	73.9177	-11.4675	26.8225
23:34:19	74.2078	-10.9279	27.3041
23:34:24	74.4966	-10.3695	27.7985
23:34:29	74.7840	-9.7912	28.3057
23:34:34	75.0700	-9.1921	28.8331
23:34:39	75.3545	-8.5710	29.3935
23:34:44	75.6374	-7.9268	29.9795
23:34:49	75.9185	-7.2581	30.5909
23:34:54	76.1979	-6.5637	31.2277
23:34:59	76.4753	-5.8421	31.8914
23:35:04	76.7508	-5.0919	32.5841
23:35:09	77.0240	-4.3113	33.3062
23:35:14	77.2950	-3.4989	34.0608
23:35:19	77.5634	-2.6526	34.8500
23:35:24	77.8293	-1.7707	35.6737
23:35:29	78.0924	-0.8512	36.5227
23:35:34	78.3525	0.1081	37.4102
23:35:39	78.6094	1.1093	38.3430
23:35:44	78.8630	2.1548	39.3303
23:35:49	79.1129	3.2471	40.3649
23:35:54	79.3589	4.3887	41.4488
23:35:59	79.6007	5.5822	42.5840
23:36:04	79.8380	6.8304	43.7744
23:59:59	-999.00	-999.00	-999.00
