2024/09/09 EARTHCARE
GMT	SUBLAT[N+]	SUBLON[W+]	HEADING
05:34:23	-4.7468	52.6892	10.5668
05:34:28	-4.4232	52.7498	10.5643
05:34:33	-4.0997	52.8103	10.5631
05:34:38	-3.7761	52.8707	10.5608
05:34:43	-3.4526	52.9312	10.5600
05:34:48	-3.1290	52.9916	10.5585
05:34:53	-2.8054	53.0520	10.5570
05:34:58	-2.4818	53.1124	10.5561
05:35:03	-2.1582	53.1727	10.5555
05:35:08	-1.8346	53.2331	10.5545
05:35:13	-1.5110	53.2934	10.5543
05:35:18	-1.1874	53.3537	10.5536
05:35:23	-0.8638	53.4140	10.5544
05:35:28	-0.5401	53.4743	10.5532
05:35:33	-0.2165	53.5346	10.5525
05:35:38	0.1131	53.5943	10.5536
05:35:43	0.4368	53.6546	10.5539
05:35:48	0.7605	53.7149	10.5540
05:35:53	1.0842	53.7752	10.5537
05:35:58	1.4079	53.8355	10.5549
05:36:03	1.7316	53.8959	10.5548
05:36:08	2.0553	53.9562	10.5553
05:36:13	2.3790	54.0166	10.5554
05:36:18	2.7027	54.0770	10.5562
05:36:23	3.0264	54.1374	10.5575
05:36:28	3.3501	54.1978	10.5584
05:36:33	3.6738	54.2583	10.5597
05:36:38	3.9976	54.3187	10.5602
05:36:43	4.3213	54.3793	10.5619
05:36:48	4.6450	54.4398	10.5632
05:36:53	4.9687	54.5004	10.5659
05:36:58	5.2924	54.5610	10.5675
05:37:03	5.6161	54.6217	10.5697
05:37:08	5.9398	54.6824	10.5714
05:37:13	6.2635	54.7432	10.5727
05:37:18	6.5872	54.8040	10.5731
05:37:23	6.9109	54.8648	10.5756
05:37:28	7.2346	54.9258	10.5778
05:37:33	7.5583	54.9867	10.5804
05:37:38	7.8819	55.0478	10.5845
05:37:43	8.2056	55.1089	10.5873
05:37:48	8.5293	55.1700	10.5907
05:37:53	8.8529	55.2312	10.5938
05:37:58	9.1766	55.2925	10.5973
05:38:03	9.5002	55.3539	10.6014
05:38:08	9.8239	55.4154	10.6050
05:38:13	10.1475	55.4769	10.6067
05:38:18	10.4711	55.5385	10.6088
05:38:23	10.7947	55.6002	10.6107
05:38:28	11.1183	55.6620	10.6155
05:38:33	11.4419	55.7239	10.6200
05:38:38	11.7655	55.7858	10.6250
05:38:43	12.0891	55.8479	10.6297
05:38:48	12.4127	55.9101	10.6348
05:38:53	12.7362	55.9723	10.6395
05:38:58	13.0598	56.0347	10.6456
05:39:03	13.3833	56.0972	10.6512
05:39:08	13.7068	56.1598	10.6566
05:39:13	14.0303	56.2225	10.6614
05:39:18	14.3538	56.2853	10.6643
05:39:23	14.6773	56.3482	10.6669
05:39:28	15.0007	56.4113	10.6716
05:39:33	15.3242	56.4745	10.6773
05:39:38	15.6476	56.5378	10.6846
05:39:43	15.9710	56.6013	10.6922
05:39:48	16.2944	56.6649	10.6987
05:39:53	16.6178	56.7286	10.7063
05:39:58	16.9412	56.7925	10.7128
05:40:03	17.2645	56.8565	10.7212
05:40:08	17.5878	56.9207	10.7292
05:40:13	17.9111	56.9850	10.7369
05:40:18	18.2344	57.0495	10.7419
05:40:23	18.5577	57.1141	10.7453
05:40:28	18.8809	57.1790	10.7501
05:40:33	19.2042	57.2439	10.7593
05:40:38	19.5274	57.3091	10.7681
05:40:43	19.8506	57.3744	10.7766
17:04:22	19.9642	43.2298	169.2161
17:04:27	19.6406	43.2953	169.2254
17:04:32	19.3169	43.3605	169.2341
17:04:37	18.9933	43.4256	169.2434
17:04:42	18.6695	43.4906	169.2522
17:04:47	18.3458	43.5553	169.2606
17:04:52	18.0221	43.6199	169.2687
17:04:57	17.6983	43.6844	169.2772
17:05:02	17.3745	43.7487	169.2853
17:05:07	17.0507	43.8128	169.2930
17:05:12	16.7269	43.8768	169.2993
17:05:17	16.4030	43.9406	169.3029
17:05:22	16.0792	44.0043	169.3068
17:05:27	15.7553	44.0679	169.3112
17:05:32	15.4314	44.1313	169.3173
17:05:37	15.1075	44.1946	169.3250
17:05:42	14.7836	44.2578	169.3313
17:05:47	14.4596	44.3208	169.3372
17:05:52	14.1357	44.3837	169.3434
17:05:57	13.8117	44.4465	169.3492
17:06:02	13.4877	44.5092	169.3554
17:06:07	13.1637	44.5718	169.3611
17:06:12	12.8397	44.6342	169.3664
17:06:17	12.5157	44.6966	169.3703
17:06:22	12.1916	44.7588	169.3720
17:06:27	11.8676	44.8210	169.3741
17:06:32	11.5435	44.8830	169.3792
17:06:37	11.2195	44.9450	169.3835
17:06:42	10.8954	45.0069	169.3884
17:06:47	10.5713	45.0686	169.3929
17:06:52	10.2472	45.1303	169.3966
17:06:57	9.9231	45.1919	169.4009
17:07:02	9.5990	45.2535	169.4047
17:07:07	9.2748	45.3149	169.4086
17:07:12	8.9507	45.3763	169.4131
17:07:17	8.6266	45.4376	169.4163
17:07:22	8.3024	45.4988	169.4171
17:07:27	7.9782	45.5600	169.4183
17:07:32	7.6541	45.6211	169.4206
17:07:37	7.3299	45.6822	169.4242
17:07:42	7.0057	45.7432	169.4264
17:07:47	6.6816	45.8041	169.4297
17:07:52	6.3574	45.8650	169.4318
17:07:57	6.0332	45.9258	169.4341
17:08:02	5.7090	45.9866	169.4367
17:08:07	5.3848	46.0473	169.4389
17:08:12	5.0606	46.1080	169.4404
17:08:17	4.7364	46.1687	169.4425
17:08:22	4.4122	46.2293	169.4430
17:08:27	4.0880	46.2899	169.4447
17:08:32	3.7638	46.3504	169.4441
17:08:37	3.4396	46.4109	169.4465
17:08:42	3.1154	46.4714	169.4475
17:08:47	2.7912	46.5319	169.4488
17:08:52	2.4670	46.5923	169.4496
17:08:57	2.1428	46.6528	169.4506
17:09:02	1.8186	46.7132	169.4512
17:09:07	1.4944	46.7736	169.4521
17:09:12	1.1702	46.8339	169.4525
17:09:17	0.8460	46.8943	169.4531
17:09:22	0.5219	46.9547	169.4532
17:09:27	0.1977	47.0150	169.4527
17:09:32	-0.1265	47.0754	169.4535
17:09:37	-0.4507	47.1358	169.4537
17:09:42	-0.7748	47.1961	169.4525
17:09:47	-1.0990	47.2565	169.4523
17:09:52	-1.4232	47.3169	169.4518
17:09:57	-1.7473	47.3772	169.4508
17:10:02	-2.0714	47.4376	169.4499
17:10:07	-2.3956	47.4980	169.4495
17:10:12	-2.7197	47.5585	169.4486
17:10:17	-3.0438	47.6189	169.4471
17:10:22	-3.3679	47.6794	169.4458
17:10:27	-3.6920	47.7399	169.4449
17:10:32	-4.0161	47.8004	169.4443
17:10:37	-4.3402	47.8610	169.4431
17:10:42	-4.6643	47.9216	169.4414
17:10:47	-4.9712	47.9790	283.4880
23:59:59	-999.00	-999.00	-999.00
