2024/09/09 EARTHCARE
GMT	SUBLAT[N+]	SUBLON[W+]	HEADING
02:34:21	14.3735	10.0502	10.6622
02:34:26	14.6970	10.1132	10.6664
02:34:31	15.0204	10.1762	10.6727
02:34:36	15.3439	10.2394	10.6794
02:34:41	15.6673	10.3028	10.6866
02:34:46	15.9907	10.3662	10.6935
02:34:51	16.3141	10.4298	10.7005
02:34:56	16.6374	10.4936	10.7074
02:35:01	16.9608	10.5575	10.7147
02:35:06	17.2841	10.6215	10.7222
02:35:11	17.6074	10.6857	10.7303
02:35:16	17.9307	10.7500	10.7354
02:35:21	18.2540	10.8145	10.7394
02:35:26	18.5772	10.8792	10.7436
02:35:31	18.9005	10.9440	10.7518
02:35:36	19.2237	11.0090	10.7602
02:35:41	19.5469	11.0742	10.7697
02:35:46	19.8701	11.1395	10.7788
02:35:51	20.1932	11.2050	10.7876
02:35:56	20.5164	11.2707	10.7973
02:36:01	20.8395	11.3366	10.8075
02:36:06	21.1626	11.4027	10.8174
02:36:11	21.4856	11.4690	10.8275
02:36:16	21.8087	11.5355	10.8378
02:36:21	22.1317	11.6022	10.8430
02:36:26	22.4547	11.6691	10.8485
02:36:31	22.7777	11.7362	10.8560
02:36:36	23.1006	11.8035	10.8677
02:36:41	23.4235	11.8710	10.8796
02:36:46	23.7464	11.9388	10.8910
02:36:51	24.0693	12.0068	10.9037
02:36:56	24.3921	12.0751	10.9150
02:37:01	24.7149	12.1436	10.9280
02:37:05	24.9994	12.2041	148.3214
04:01:58	-4.7412	29.5830	10.5674
04:02:03	-4.4177	29.6436	10.5659
04:02:08	-4.0941	29.7041	10.5646
04:02:13	-3.7706	29.7646	10.5624
04:02:18	-3.4470	29.8250	10.5605
04:02:23	-3.1234	29.8854	10.5601
04:02:28	-2.7998	29.9458	10.5584
04:02:33	-2.4762	30.0062	10.5573
04:02:38	-2.1526	30.0666	10.5560
04:02:43	-1.8290	30.1269	10.5560
04:02:48	-1.5054	30.1872	10.5557
04:02:53	-1.1818	30.2476	10.5550
04:02:58	-0.8581	30.3079	10.5550
04:03:03	-0.5345	30.3682	10.5544
04:03:08	-0.2108	30.4285	10.5539
04:03:13	0.1130	30.4880	10.5542
04:03:18	0.4367	30.5483	10.5539
04:03:23	0.7603	30.6086	10.5537
04:03:28	1.0840	30.6689	10.5536
04:03:33	1.4077	30.7292	10.5548
04:03:38	1.7314	30.7896	10.5556
04:03:43	2.0551	30.8499	10.5551
04:03:48	2.3787	30.9103	10.5561
04:03:53	2.7024	30.9707	10.5560
04:03:58	3.0261	31.0311	10.5573
04:04:03	3.3498	31.0915	10.5582
04:04:08	3.6735	31.1520	10.5597
04:04:13	3.9972	31.2124	10.5617
04:04:18	4.3209	31.2729	10.5625
04:04:23	4.6446	31.3335	10.5647
04:04:28	4.9683	31.3941	10.5667
04:04:33	5.2919	31.4547	10.5682
04:04:38	5.6156	31.5154	10.5704
04:04:43	5.9393	31.5761	10.5721
04:04:48	6.2630	31.6368	10.5736
04:04:53	6.5867	31.6977	10.5746
04:04:58	6.9103	31.7585	10.5752
04:05:03	7.2340	31.8194	10.5793
04:05:08	7.5577	31.8804	10.5818
04:05:13	7.8813	31.9414	10.5841
04:05:18	8.2050	32.0025	10.5871
04:05:23	8.5286	32.0637	10.5905
04:05:28	8.8523	32.1249	10.5943
04:05:33	9.1759	32.1862	10.5978
04:05:38	9.4995	32.2476	10.6019
04:05:43	9.8232	32.3090	10.6057
04:05:48	10.1468	32.3706	10.6081
04:05:53	10.4704	32.4322	10.6086
04:05:58	10.7940	32.4939	10.6112
04:06:03	11.1176	32.5557	10.6152
04:06:08	11.4412	32.6175	10.6207
04:06:13	11.7647	32.6795	10.6247
04:06:18	12.0883	32.7415	10.6294
04:06:23	12.4118	32.8037	10.6352
04:06:28	12.7354	32.8660	10.6400
04:06:33	13.0589	32.9283	10.6460
04:06:38	13.3824	32.9908	10.6517
04:06:43	13.7059	33.0534	10.6569
04:06:48	14.0294	33.1161	10.6619
04:06:53	14.3529	33.1789	10.6649
04:06:58	14.6763	33.2419	10.6673
04:07:03	14.9998	33.3049	10.6721
04:07:08	15.3232	33.3681	10.6787
04:07:13	15.6466	33.4315	10.6858
04:07:18	15.9700	33.4949	10.6918
04:07:23	16.2934	33.5585	10.6989
04:07:28	16.6168	33.6222	10.7059
04:07:33	16.9401	33.6861	10.7139
04:07:38	17.2635	33.7501	10.7216
04:07:43	17.5868	33.8143	10.7297
04:07:48	17.9101	33.8786	10.7374
04:07:53	18.2334	33.9431	10.7421
04:07:58	18.5566	34.0078	10.7465
04:08:03	18.8799	34.0726	10.7495
04:08:08	19.2031	34.1376	10.7589
04:08:13	19.5263	34.2027	10.7685
04:08:18	19.8495	34.2681	10.7776
04:08:23	20.1727	34.3336	10.7865
04:08:28	20.4958	34.3993	10.7961
04:08:33	20.8189	34.4651	10.8056
04:08:38	21.1420	34.5312	10.8155
04:08:43	21.4651	34.5975	10.8264
04:08:48	21.7881	34.6640	10.8368
04:08:53	22.1112	34.7306	10.8460
04:08:58	22.4342	34.7975	10.8515
04:09:03	22.7571	34.8646	10.8566
04:09:08	23.0801	34.9320	10.8668
04:09:13	23.4030	34.9995	10.8772
04:09:18	23.7259	35.0672	10.8896
04:09:23	24.0488	35.1352	10.9012
04:09:28	24.3716	35.2035	10.9141
04:09:33	24.6944	35.2719	10.9265
04:09:37	24.9997	35.3369	148.3191
05:34:29	-4.7388	52.7162	10.5673
05:34:34	-4.4153	52.7768	10.5656
05:34:39	-4.0917	52.8373	10.5636
05:34:44	-3.7681	52.8977	10.5622
05:34:49	-3.4446	52.9582	10.5611
05:34:54	-3.1210	53.0186	10.5598
05:34:59	-2.7974	53.0790	10.5583
05:35:04	-2.4738	53.1394	10.5565
05:35:09	-2.1502	53.1998	10.5559
05:35:14	-1.8266	53.2601	10.5558
05:35:19	-1.5029	53.3204	10.5556
05:35:24	-1.1793	53.3807	10.5548
05:35:29	-0.8557	53.4411	10.5548
05:35:34	-0.5320	53.5014	10.5536
05:35:39	-0.2084	53.5617	10.5536
05:35:44	0.1129	53.6220	10.5534
05:35:49	0.4365	53.6823	10.5537
05:35:54	0.7602	53.7426	10.5538
05:35:59	1.0839	53.8029	10.5543
05:36:04	1.4076	53.8632	10.5547
05:36:09	1.7312	53.9235	10.5556
05:36:14	2.0549	53.9839	10.5551
05:36:19	2.3786	54.0443	10.5561
05:36:24	2.7023	54.1046	10.5560
05:36:29	3.0260	54.1651	10.5571
05:36:34	3.3497	54.2255	10.5589
05:36:39	3.6734	54.2859	10.5595
05:36:44	3.9971	54.3464	10.5608
05:36:49	4.3208	54.4069	10.5634
05:36:54	4.6445	54.4675	10.5647
05:36:59	4.9682	54.5281	10.5665
05:37:04	5.2918	54.5887	10.5680
05:37:09	5.6155	54.6494	10.5711
05:37:14	5.9392	54.7101	10.5721
05:37:19	6.2629	54.7708	10.5732
05:37:24	6.5866	54.8316	10.5736
05:37:29	6.9103	54.8925	10.5761
05:37:34	7.2339	54.9534	10.5783
05:37:39	7.5576	55.0144	10.5809
05:37:44	7.8813	55.0754	10.5841
05:37:49	8.2049	55.1365	10.5878
05:37:54	8.5286	55.1977	10.5912
05:37:59	8.8522	55.2589	10.5941
05:38:04	9.1759	55.3202	10.5978
05:38:09	9.4995	55.3816	10.6019
05:38:14	9.8231	55.4430	10.6055
05:38:19	10.1467	55.5046	10.6071
05:38:24	10.4703	55.5662	10.6102
05:38:29	10.7939	55.6279	10.6110
05:38:34	11.1175	55.6896	10.6150
05:38:39	11.4411	55.7515	10.6205
05:38:44	11.7647	55.8135	10.6247
05:38:49	12.0883	55.8755	10.6301
05:38:54	12.4118	55.9377	10.6352
05:38:59	12.7353	56.0000	10.6400
05:39:04	13.0589	56.0623	10.6460
05:39:09	13.3824	56.1248	10.6516
05:39:14	13.7059	56.1874	10.6569
05:39:19	14.0294	56.2501	10.6618
05:39:24	14.3529	56.3129	10.6639
05:39:29	14.6763	56.3759	10.6664
05:39:34	14.9998	56.4389	10.6719
05:39:39	15.3232	56.5021	10.6785
05:39:44	15.6466	56.5655	10.6850
05:39:49	15.9700	56.6289	10.6926
05:39:54	16.2934	56.6925	10.6989
05:39:59	16.6168	56.7562	10.7067
05:40:04	16.9402	56.8201	10.7139
05:40:09	17.2635	56.8841	10.7206
05:40:14	17.5868	56.9483	10.7287
05:40:19	17.9101	57.0127	10.7372
05:40:24	18.2334	57.0771	10.7419
05:40:29	18.5567	57.1418	10.7463
05:40:34	18.8799	57.2066	10.7503
05:40:39	19.2031	57.2716	10.7595
05:40:44	19.5263	57.3367	10.7683
05:40:49	19.8495	57.4021	10.7766
05:40:54	20.1727	57.4676	10.7861
05:40:59	20.4958	57.5333	10.7961
05:41:04	20.8190	57.5992	10.8056
05:41:09	21.1421	57.6652	10.8153
05:41:14	21.4651	57.7315	10.8255
05:41:19	21.7882	57.7980	10.8368
05:41:24	22.1112	57.8647	10.8458
05:41:29	22.4342	57.9315	10.8514
05:41:34	22.7572	57.9986	10.8572
05:41:39	23.0801	58.0660	10.8658
05:41:44	23.4031	58.1335	10.8772
05:41:49	23.7260	58.2013	10.8894
05:41:54	24.0488	58.2693	10.9019
05:41:59	24.3717	58.3375	10.9139
05:42:04	24.6945	58.4060	10.9263
05:42:09	25.0007	58.4711	278.6166
15:30:43	24.7498	19.1321	169.0696
15:30:48	24.4265	19.2007	169.0797
15:30:53	24.1031	19.2690	169.0917
15:30:58	23.7798	19.3371	169.1044
15:31:03	23.4564	19.4050	169.1160
15:31:08	23.1330	19.4726	169.1288
15:31:13	22.8096	19.5401	169.1399
15:31:18	22.4861	19.6073	169.1507
15:31:23	22.1626	19.6743	169.1625
15:31:28	21.8391	19.7410	169.1727
15:31:33	21.5156	19.8076	169.1830
15:31:38	21.1920	19.8740	169.1901
15:31:43	20.8684	19.9401	169.1942
15:31:48	20.5448	20.0061	169.1998
15:31:53	20.2212	20.0719	169.2098
15:31:58	19.8975	20.1375	169.2194
15:32:03	19.5739	20.2030	169.2286
15:32:08	19.2502	20.2682	169.2376
15:32:13	18.9264	20.3333	169.2468
15:32:18	18.6027	20.3982	169.2549
15:32:23	18.2789	20.4629	169.2634
15:32:28	17.9552	20.5275	169.2715
15:32:33	17.6314	20.5919	169.2801
15:32:38	17.3075	20.6562	169.2867
15:32:43	16.9837	20.7203	169.2902
15:32:48	16.6598	20.7843	169.2933
15:32:53	16.3360	20.8481	169.2995
15:32:58	16.0121	20.9118	169.3060
15:33:03	15.6882	20.9753	169.3137
15:33:08	15.3642	21.0387	169.3209
15:33:13	15.0403	21.1020	169.3268
15:33:18	14.7163	21.1651	169.3334
15:33:23	14.3924	21.2282	169.3391
15:33:28	14.0684	21.2911	169.3454
15:33:33	13.7444	21.3538	169.3513
15:33:38	13.4204	21.4165	169.3576
15:33:43	13.0963	21.4791	169.3601
15:33:48	12.7723	21.5415	169.3628
15:33:53	12.4482	21.6038	169.3650
15:33:58	12.1242	21.6661	169.3702
15:34:03	11.8001	21.7282	169.3758
15:34:08	11.4760	21.7903	169.3808
15:34:13	11.1519	21.8522	169.3854
15:34:18	10.8278	21.9141	169.3895
15:34:23	10.5037	21.9759	169.3939
15:34:28	10.1796	22.0375	169.3979
15:34:33	9.8554	22.0991	169.4031
15:34:38	9.5313	22.1607	169.4059
15:34:43	9.2071	22.2221	169.4092
15:34:48	8.8830	22.2835	169.4102
15:34:53	8.5588	22.3448	169.4117
15:34:58	8.2346	22.4060	169.4151
15:35:03	7.9104	22.4672	169.4181
15:35:08	7.5863	22.5283	169.4213
15:35:13	7.2621	22.5893	169.4242
15:35:18	6.9379	22.6503	169.4265
15:35:23	6.6137	22.7112	169.4298
15:35:28	6.2895	22.7721	169.4319
15:35:33	5.9653	22.8329	169.4344
15:35:38	5.6411	22.8937	169.4363
15:35:43	5.3168	22.9544	169.4393
15:35:48	4.9926	23.0151	169.4400
15:35:53	4.6684	23.0758	169.4404
15:35:58	4.3442	23.1364	169.4408
15:36:03	4.0200	23.1970	169.4426
15:36:08	3.6958	23.2575	169.4447
15:36:13	3.3715	23.3181	169.4463
15:36:18	3.0473	23.3786	169.4466
15:36:23	2.7231	23.4390	169.4487
15:36:28	2.3989	23.4995	169.4496
15:36:33	2.0747	23.5599	169.4498
15:36:38	1.7505	23.6203	169.4506
15:36:43	1.4263	23.6807	169.4514
15:36:48	1.1020	23.7411	169.4518
15:36:53	0.7778	23.8015	169.4516
15:36:58	0.4536	23.8619	169.4519
15:37:03	0.1294	23.9222	169.4515
15:37:08	-0.1947	23.9826	169.4523
15:37:13	-0.5189	24.0430	169.4515
15:37:18	-0.8431	24.1033	169.4513
15:37:23	-1.1673	24.1637	169.4514
15:37:28	-1.4914	24.2241	169.4508
15:37:33	-1.8156	24.2845	169.4498
15:37:38	-2.1398	24.3449	169.4492
15:37:43	-2.4639	24.4053	169.4488
15:37:48	-2.7880	24.4658	169.4470
15:37:53	-3.1122	24.5262	169.4462
15:37:58	-3.4363	24.5867	169.4450
15:38:03	-3.7604	24.6472	169.4450
15:38:08	-4.0845	24.7078	169.4437
15:38:13	-4.4086	24.7683	169.4426
15:38:18	-4.7327	24.8289	169.4402
15:38:22	-4.9943	24.8779	28.5347
17:03:15	24.7524	42.2645	169.0706
17:03:20	24.4291	42.3331	169.0798
17:03:25	24.1058	42.4015	169.0919
17:03:30	23.7825	42.4696	169.1038
17:03:35	23.4591	42.5374	169.1170
17:03:40	23.1357	42.6051	169.1274
17:03:45	22.8123	42.6725	169.1391
17:03:50	22.4888	42.7397	169.1514
17:03:55	22.1653	42.8067	169.1619
17:04:00	21.8418	42.8735	169.1727
17:04:05	21.5183	42.9401	169.1832
17:04:10	21.1947	43.0064	169.1893
17:04:15	20.8712	43.0726	169.1952
17:04:20	20.5475	43.1386	169.2008
17:04:25	20.2239	43.2044	169.2092
17:04:30	19.9003	43.2700	169.2187
17:04:35	19.5766	43.3354	169.2286
17:04:40	19.2529	43.4007	169.2376
17:04:45	18.9292	43.4658	169.2462
17:04:50	18.6054	43.5307	169.2549
17:04:55	18.2817	43.5954	169.2636
17:05:00	17.9579	43.6600	169.2717
17:05:05	17.6341	43.7244	169.2793
17:05:10	17.3103	43.7887	169.2875
17:05:15	16.9864	43.8528	169.2902
17:05:20	16.6626	43.9167	169.2943
17:05:25	16.3387	43.9806	169.2995
17:05:30	16.0148	44.0442	169.3060
17:05:35	15.6909	44.1078	169.3136
17:05:40	15.3670	44.1712	169.3200
17:05:45	15.0431	44.2345	169.3268
17:05:50	14.7191	44.2976	169.3333
17:05:55	14.3951	44.3606	169.3393
17:06:00	14.0712	44.4235	169.3456
17:06:05	13.7472	44.4863	169.3513
17:06:10	13.4231	44.5490	169.3569
17:06:15	13.0991	44.6115	169.3607
17:06:20	12.7751	44.6740	169.3628
17:06:25	12.4510	44.7363	169.3658
17:06:30	12.1270	44.7986	169.3701
17:06:35	11.8029	44.8607	169.3758
17:06:40	11.4788	44.9228	169.3800
17:06:45	11.1547	44.9847	169.3853
17:06:50	10.8306	45.0466	169.3894
17:06:55	10.5065	45.1083	169.3939
17:07:00	10.1824	45.1700	169.3979
17:07:05	9.8582	45.2316	169.4022
17:07:10	9.5341	45.2931	169.4067
17:07:15	9.2099	45.3546	169.4092
17:07:20	8.8858	45.4160	169.4111
17:07:25	8.5616	45.4773	169.4125
17:07:30	8.2375	45.5385	169.4142
17:07:35	7.9133	45.5997	169.4181
17:07:40	7.5891	45.6608	169.4205
17:07:45	7.2649	45.7218	169.4242
17:07:50	6.9407	45.7828	169.4273
17:07:55	6.6165	45.8437	169.4299
17:08:00	6.2923	45.9046	169.4320
17:08:05	5.9681	45.9654	169.4343
17:08:10	5.6439	46.0262	169.4362
17:08:15	5.3197	46.0869	169.4391
17:08:20	4.9955	46.1476	169.4399
17:08:25	4.6713	46.2083	169.4411
17:08:30	4.3471	46.2689	169.4417
17:08:35	4.0228	46.3295	169.4435
17:08:40	3.6986	46.3900	169.4447
17:08:45	3.3744	46.4505	169.4463
17:08:50	3.0502	46.5110	169.4473
17:08:55	2.7260	46.5715	169.4479
17:09:00	2.4018	46.6320	169.4496
17:09:05	2.0776	46.6924	169.4506
17:09:10	1.7533	46.7528	169.4505
17:09:15	1.4291	46.8132	169.4515
17:09:20	1.1049	46.8736	169.4526
17:09:25	0.7807	46.9340	169.4514
17:09:30	0.4565	46.9943	169.4517
17:09:35	0.1323	47.0547	169.4520
17:09:40	-0.1918	47.1151	169.4521
17:09:45	-0.5160	47.1754	169.4522
17:09:50	-0.8402	47.2358	169.4511
17:09:55	-1.1644	47.2962	169.4512
17:10:00	-1.4885	47.3566	169.4507
17:10:05	-1.8127	47.4170	169.4498
17:10:10	-2.1368	47.4774	169.4490
17:10:15	-2.4610	47.5378	169.4487
17:10:20	-2.7851	47.5982	169.4468
17:10:25	-3.1092	47.6587	169.4462
17:10:30	-3.4333	47.7192	169.4458
17:10:35	-3.7575	47.7797	169.4450
17:10:40	-4.0816	47.8402	169.4435
17:10:45	-4.4056	47.9008	169.4426
17:10:50	-4.7297	47.9614	169.4400
17:10:54	-4.9900	48.0101	268.5764
23:59:59	-999.00	-999.00	-999.00
