2024/09/09 EARTHCARE
GMT	SUBLAT[N+]	SUBLON[W+]	HEADING
02:34:17	14.1130	10.0000	10.6573
02:34:22	14.4365	10.0628	10.6634
02:34:27	14.7600	10.1258	10.6699
02:34:32	15.0834	10.1889	10.6761
02:34:37	15.4068	10.2521	10.6827
02:34:42	15.7303	10.3155	10.6898
02:34:47	16.0537	10.3790	10.6964
02:34:52	16.3771	10.4426	10.7036
02:34:57	16.7004	10.5064	10.7103
02:35:02	17.0238	10.5703	10.7175
02:35:07	17.3471	10.6344	10.7209
02:35:12	17.6704	10.6986	10.7247
02:35:17	17.9937	10.7630	10.7306
02:35:22	18.3170	10.8275	10.7385
02:35:27	18.6403	10.8922	10.7478
02:35:32	18.9635	10.9570	10.7556
02:35:37	19.2867	11.0221	10.7640
02:35:42	19.6099	11.0873	10.7735
02:35:47	19.9331	11.1526	10.7825
02:35:52	20.2563	11.2182	10.7918
02:35:57	20.5794	11.2839	10.8017
02:36:02	20.9025	11.3499	10.8117
02:36:07	21.2256	11.4160	10.8183
02:36:12	21.5487	11.4823	10.8235
02:36:17	21.8718	11.5489	10.8283
04:02:58	-0.8705	30.3052	10.5546
04:03:03	-0.5469	30.3655	10.5544
04:03:08	-0.2232	30.4258	10.5537
04:03:13	0.1004	30.4861	10.5532
04:03:18	0.4241	30.5464	10.5536
04:03:23	0.7478	30.6067	10.5536
04:03:28	1.0715	30.6670	10.5543
04:03:33	1.3951	30.7273	10.5546
04:03:38	1.7188	30.7877	10.5555
04:03:43	2.0425	30.8480	10.5559
04:03:48	2.3662	30.9084	10.5560
04:03:53	2.6899	30.9688	10.5559
04:03:58	3.0136	31.0292	10.5571
04:04:03	3.3373	31.0896	10.5580
04:04:08	3.6610	31.1501	10.5595
04:04:13	3.9847	31.2105	10.5608
04:04:18	4.3084	31.2711	10.5625
04:04:23	4.6321	31.3316	10.5639
04:04:28	4.9558	31.3922	10.5666
04:04:33	5.2795	31.4528	10.5681
04:04:38	5.6032	31.5135	10.5703
04:04:43	5.9268	31.5742	10.5720
04:04:48	6.2505	31.6349	10.5735
04:04:53	6.5742	31.6958	10.5745
04:04:58	6.8979	31.7566	10.5753
04:05:03	7.2216	31.8175	10.5775
04:05:08	7.5452	31.8785	10.5811
04:05:13	7.8689	31.9395	10.5843
04:05:18	8.1926	32.0006	10.5871
04:05:23	8.5162	32.0618	10.5906
04:05:28	8.8399	32.1230	10.5936
04:05:33	9.1635	32.1843	10.5971
04:05:38	9.4872	32.2457	10.6013
04:05:43	9.8108	32.3071	10.6049
04:05:48	10.1344	32.3686	10.6090
04:05:53	10.4580	32.4303	10.6096
04:05:58	10.7816	32.4920	10.6114
04:06:03	11.1052	32.5537	10.6155
04:06:08	11.4288	32.6156	10.6198
04:06:13	11.7524	32.6776	10.6241
04:06:18	12.0760	32.7396	10.6296
04:06:23	12.3995	32.8018	10.6346
04:06:28	12.7231	32.8640	10.6402
04:06:33	13.0466	32.9264	10.6447
04:06:38	13.3701	32.9889	10.6511
04:06:43	13.6936	33.0515	10.6565
04:06:48	14.0171	33.1142	10.6622
04:06:53	14.3406	33.1770	10.6659
04:06:58	14.6641	33.2399	10.6685
04:07:03	14.9875	33.3030	10.6706
04:07:08	15.3110	33.3662	10.6783
04:07:13	15.6344	33.4295	10.6837
04:07:18	15.9578	33.4929	10.6913
04:07:23	16.2812	33.5565	10.6978
04:07:28	16.6046	33.6203	10.7054
04:07:33	16.9280	33.6841	10.7126
04:07:38	17.2513	33.7482	10.7205
04:07:43	17.5746	33.8123	10.7285
04:07:48	17.8979	33.8767	10.7368
04:07:53	18.2212	33.9411	10.7433
04:07:58	18.5445	34.0058	10.7477
04:08:03	18.8678	34.0706	10.7509
04:08:08	19.1910	34.1356	10.7584
04:08:13	19.5142	34.2007	10.7673
04:08:18	19.8374	34.2660	10.7765
04:08:23	20.1606	34.3315	10.7861
04:08:28	20.4837	34.3972	10.7944
04:08:33	20.8068	34.4631	10.8045
04:08:38	21.1299	34.5292	10.8152
04:08:43	21.4530	34.5954	10.8254
04:08:48	21.7761	34.6619	10.8357
05:35:27	-0.9974	53.4144	10.5544
05:35:32	-0.6738	53.4747	10.5542
05:35:37	-0.3501	53.5350	10.5535
05:35:42	-0.0265	53.5953	11.6512
05:35:47	0.2946	53.6563	10.5538
05:35:52	0.6183	53.7166	10.5539
05:35:57	0.9420	53.7769	10.5538
05:36:02	1.2656	53.8373	10.5541
05:36:07	1.5893	53.8976	10.5543
05:36:12	1.9130	53.9579	10.5550
05:36:17	2.2367	54.0183	10.5561
05:36:22	2.5604	54.0787	10.5562
05:36:27	2.8841	54.1391	10.5576
05:36:32	3.2078	54.1995	10.5585
05:36:37	3.5315	54.2599	10.5602
05:36:42	3.8552	54.3204	10.5606
05:36:47	4.1789	54.3809	10.5607
05:36:52	4.5026	54.4414	10.5622
05:36:57	4.8263	54.5020	10.5633
05:37:02	5.1500	54.5626	10.5660
05:37:07	5.4737	54.6233	10.5673
05:37:12	5.7974	54.6840	10.5700
05:37:17	6.1211	54.7447	10.5716
05:37:22	6.4448	54.8055	10.5746
05:37:27	6.7685	54.8663	10.5763
05:37:32	7.0921	54.9272	10.5805
05:37:37	7.4158	54.9882	10.5825
05:37:42	7.7395	55.0492	10.5848
05:37:47	8.0632	55.1102	10.5861
05:37:52	8.3868	55.1714	10.5871
05:37:57	8.7105	55.2326	10.5902
05:38:02	9.0341	55.2938	10.5938
05:38:07	9.3578	55.3552	10.5974
05:38:12	9.6814	55.4166	10.6012
05:38:17	10.0050	55.4781	10.6055
05:38:22	10.3287	55.5397	10.6087
05:38:27	10.6523	55.6013	10.6132
05:38:32	10.9759	55.6631	10.6181
05:38:37	11.2995	55.7249	10.6227
05:38:42	11.6230	55.7868	10.6272
05:38:47	11.9466	55.8489	10.6293
05:38:52	12.2702	55.9110	10.6311
05:38:57	12.5937	55.9732	10.6336
05:39:02	12.9173	56.0355	10.6390
05:39:07	13.2408	56.0980	10.6447
05:39:12	13.5643	56.1605	10.6503
05:39:17	13.8878	56.2231	10.6561
05:39:22	14.2113	56.2859	10.6625
05:39:27	14.5348	56.3488	10.6677
05:39:32	14.8583	56.4118	10.6750
05:39:37	15.1817	56.4750	10.6811
05:39:42	15.5052	56.5382	10.6876
05:39:47	15.8286	56.6016	10.6937
05:39:52	16.1520	56.6652	10.6970
05:39:57	16.4754	56.7288	10.6998
05:40:02	16.7987	56.7927	10.7057
05:40:07	17.1221	56.8566	10.7134
05:40:12	17.4454	56.9207	10.7209
05:40:17	17.7687	56.9850	10.7287
05:40:22	18.0920	57.0494	10.7370
05:40:27	18.4153	57.1140	10.7448
05:40:32	18.7386	57.1787	10.7530
05:40:37	19.0618	57.2436	10.7624
05:40:42	19.3851	57.3087	10.7714
05:40:47	19.7083	57.3740	10.7807
05:40:52	20.0314	57.4394	10.7855
05:40:57	20.3546	57.5050	10.7901
05:41:02	20.6777	57.5708	10.7949
05:41:07	21.0009	57.6368	10.8048
05:41:12	21.3240	57.7030	10.8160
05:41:17	21.6470	57.7694	10.8259
05:41:22	21.9701	57.8360	10.8372
15:31:29	21.8101	19.7474	169.1751
15:31:34	21.4866	19.8140	169.1809
15:31:39	21.1630	19.8803	169.1864
15:31:44	20.8394	19.9465	169.1916
15:31:49	20.5158	20.0124	169.2018
15:31:54	20.1922	20.0782	169.2118
15:31:59	19.8686	20.1438	169.2215
15:32:04	19.5449	20.2092	169.2299
15:32:09	19.2212	20.2744	169.2396
15:32:14	18.8975	20.3395	169.2481
15:32:19	18.5737	20.4044	169.2562
15:32:24	18.2500	20.4691	169.2656
15:32:29	17.9262	20.5337	169.2729
15:32:34	17.6024	20.5981	169.2809
15:32:39	17.2786	20.6623	169.2832
15:32:44	16.9547	20.7264	169.2870
15:32:49	16.6309	20.7904	169.2927
15:32:54	16.3070	20.8542	169.3012
15:32:59	15.9831	20.9178	169.3077
15:33:04	15.6592	20.9814	169.3145
15:33:09	15.3353	21.0448	169.3209
15:33:14	15.0113	21.1080	169.3279
15:33:19	14.6874	21.1712	169.3341
15:33:24	14.3634	21.2342	169.3401
15:33:29	14.0394	21.2971	169.3466
15:33:34	13.7154	21.3598	169.3524
15:33:39	13.3914	21.4225	169.3562
15:33:44	13.0674	21.4850	169.3587
15:33:49	12.7433	21.5475	169.3605
15:33:54	12.4193	21.6098	169.3662
15:33:59	12.0952	21.6720	169.3714
15:34:04	11.7712	21.7342	169.3762
15:34:09	11.4471	21.7962	169.3813
15:34:14	11.1230	21.8582	169.3859
15:34:19	10.7989	21.9200	169.3909
15:34:24	10.4748	21.9818	169.3945
15:34:29	10.1506	22.0434	169.3994
15:34:34	9.8265	22.1050	169.4029
15:34:39	9.5024	22.1665	169.4058
15:34:44	9.1782	22.2280	169.4073
15:34:49	8.8541	22.2893	169.4094
15:34:54	8.5299	22.3506	169.4116
15:34:59	8.2057	22.4119	169.4151
15:35:04	7.8815	22.4730	169.4190
15:35:09	7.5574	22.5341	169.4213
15:35:14	7.2332	22.5952	169.4243
15:35:19	6.9090	22.6561	169.4273
15:35:24	6.5848	22.7171	169.4301
15:35:29	6.2606	22.7779	169.4320
15:35:34	5.9364	22.8388	169.4354
15:35:39	5.6122	22.8995	169.4373
15:35:44	5.2880	22.9603	169.4376
15:35:49	4.9638	23.0209	169.4394
15:35:54	4.6396	23.0816	169.4397
15:35:59	4.3154	23.1422	169.4420
15:36:04	3.9911	23.2028	169.4438
15:36:09	3.6669	23.2633	169.4443
15:36:14	3.3427	23.3239	169.4468
15:36:19	3.0185	23.3843	169.4469
15:36:24	2.6943	23.4448	169.4483
15:36:29	2.3701	23.5053	169.4492
15:36:34	2.0459	23.5657	169.4503
15:36:39	1.7217	23.6261	169.4510
15:36:44	1.3975	23.6865	169.4512
15:36:49	1.0733	23.7469	169.4524
15:36:54	0.7491	23.8073	169.4512
15:36:59	0.4249	23.8676	169.4524
15:37:04	0.1007	23.9280	169.4520
15:37:09	-0.2235	23.9884	169.4520
15:37:14	-0.5477	24.0487	169.4521
15:37:19	-0.8718	24.1091	169.4521
17:03:59	21.8777	42.8665	169.1704
17:04:04	21.5541	42.9331	169.1799
17:04:09	21.2306	42.9995	169.1911
17:04:14	20.9070	43.0657	169.2007
17:04:19	20.5834	43.1317	169.2055
17:04:24	20.2598	43.1975	169.2104
17:04:29	19.9361	43.2632	169.2169
17:04:34	19.6125	43.3286	169.2252
17:04:39	19.2888	43.3939	169.2349
17:04:44	18.9651	43.4590	169.2441
17:04:49	18.6413	43.5239	169.2521
17:04:54	18.3176	43.5887	169.2614
17:04:59	17.9938	43.6533	169.2694
17:05:04	17.6700	43.7177	169.2771
17:05:09	17.3462	43.7820	169.2853
17:05:14	17.0224	43.8461	169.2928
17:05:19	16.6985	43.9101	169.2985
17:05:24	16.3746	43.9739	169.3022
17:05:29	16.0508	44.0376	169.3053
17:05:34	15.7269	44.1012	169.3112
17:05:39	15.4029	44.1646	169.3184
17:05:44	15.0790	44.2279	169.3253
17:05:49	14.7551	44.2910	169.3316
17:05:54	14.4311	44.3541	169.3375
17:05:59	14.1071	44.4170	169.3444
17:06:04	13.7831	44.4798	169.3494
17:06:09	13.4591	44.5425	169.3556
17:06:14	13.1351	44.6050	169.3604
17:06:19	12.8111	44.6675	169.3666
17:06:24	12.4870	44.7299	169.3688
17:06:29	12.1630	44.7921	169.3713
17:06:34	11.8389	44.8543	169.3735
17:06:39	11.5148	44.9163	169.3794
17:06:44	11.1907	44.9783	169.3831
17:06:49	10.8666	45.0401	169.3880
17:06:54	10.5425	45.1019	169.3924
17:06:59	10.2184	45.1636	169.3970
17:07:04	9.8943	45.2252	169.4006
17:07:09	9.5701	45.2867	169.4043
17:07:14	9.2460	45.3482	169.4084
17:07:19	8.9218	45.4096	169.4130
17:07:24	8.5977	45.4709	169.4151
17:07:29	8.2735	45.5321	169.4168
17:07:34	7.9494	45.5933	169.4170
17:07:39	7.6252	45.6544	169.4196
17:07:44	7.3010	45.7155	169.4230
17:07:49	6.9768	45.7764	169.4262
17:07:54	6.6526	45.8374	169.4286
17:07:59	6.3284	45.8983	169.4308
17:08:04	6.0042	45.9591	169.4339
17:08:09	5.6800	46.0199	169.4357
17:08:14	5.3558	46.0806	169.4380
17:08:19	5.0316	46.1413	169.4405
17:08:24	4.7074	46.2020	169.4424
17:08:29	4.3832	46.2626	169.4429
17:08:34	4.0590	46.3232	169.4429
17:08:39	3.7348	46.3837	169.4441
17:08:44	3.4106	46.4442	169.4455
17:08:49	3.0864	46.5047	169.4475
17:08:54	2.7621	46.5652	169.4479
17:08:59	2.4379	46.6257	169.4488
17:09:04	2.1137	46.6861	169.4498
17:09:09	1.7895	46.7465	169.4503
17:09:14	1.4653	46.8069	169.4513
17:09:19	1.1411	46.8673	169.4517
17:09:24	0.8169	46.9277	169.4514
17:09:29	0.4927	46.9880	169.4516
17:09:34	0.1686	47.0484	169.4520
17:09:39	-0.1556	47.1088	169.4526
17:09:44	-0.4798	47.1691	169.4520
17:09:49	-0.8040	47.2295	169.4517
23:59:59	-999.00	-999.00	-999.00
