2024/11/06 EARTHCARE
GMT	SUBLAT[N+]	SUBLON[W+]	HEADING
00:22:52	35.2585	-19.3553	11.4742
00:22:57	35.5802	-19.2752	11.4932
00:23:02	35.9018	-19.1945	11.5098
00:23:07	36.2233	-19.1134	11.5271
00:23:12	36.5448	-19.0318	11.5532
00:23:17	36.8662	-18.9497	11.5790
00:23:22	37.1876	-18.8671	11.6053
00:23:27	37.5090	-18.7839	11.6328
00:23:32	37.8303	-18.7002	11.6606
00:23:37	38.1515	-18.6160	11.6893
00:23:42	38.4727	-18.5312	11.7185
00:23:47	38.7938	-18.4458	11.7475
00:23:52	39.1149	-18.3599	11.7780
00:23:57	39.4359	-18.2733	11.8067
00:24:02	39.7569	-18.1862	11.8290
00:24:07	40.0778	-18.0984	11.8510
00:24:12	40.3986	-18.0101	11.8793
00:24:17	40.7194	-17.9210	11.9124
00:24:22	41.0401	-17.8314	11.9460
00:24:27	41.3608	-17.7410	11.9800
00:24:32	41.6814	-17.6500	12.0153
00:24:37	42.0019	-17.5582	12.0512
00:24:42	42.3224	-17.4658	12.0872
00:24:47	42.6428	-17.3726	12.1250
00:24:52	42.9631	-17.2787	12.1623
00:24:57	43.2834	-17.1840	12.2011
00:25:02	43.6036	-17.0885	12.2344
00:25:07	43.9238	-16.9923	12.2650
00:25:12	44.2438	-16.8952	12.2962
00:25:17	44.5638	-16.7973	12.3370
00:25:22	44.8837	-16.6986	12.3796
00:25:27	45.2036	-16.5990	12.4230
00:25:32	45.5234	-16.4985	12.4672
00:25:37	45.8431	-16.3971	12.5124
00:25:42	46.1627	-16.2948	12.5583
00:25:47	46.4822	-16.1915	12.6055
00:25:52	46.8017	-16.0873	12.6534
00:25:57	47.1211	-15.9820	12.7031
00:26:02	47.4404	-15.8758	12.7517
00:26:07	47.7596	-15.7685	12.7925
00:26:12	48.0787	-15.6601	12.8344
00:26:17	48.3977	-15.5507	12.8805
00:26:22	48.7167	-15.4402	12.9344
00:26:27	49.0355	-15.3285	12.9896
00:26:32	49.3543	-15.2157	13.0465
00:26:37	49.6730	-15.1016	13.1039
00:26:42	49.9916	-14.9863	13.1624
00:26:47	50.3100	-14.8698	13.2229
00:26:52	50.6284	-14.7520	13.2843
00:26:57	50.9467	-14.6329	13.3472
00:27:02	51.2649	-14.5124	13.4105
00:27:07	51.5829	-14.3906	13.4709
00:27:12	51.9009	-14.2673	13.5267
00:27:17	52.2188	-14.1426	13.5831
00:27:22	52.5365	-14.0164	13.6508
00:27:27	52.8541	-13.8886	13.7218
00:27:32	53.1716	-13.7593	13.7943
00:27:37	53.4890	-13.6284	13.8687
00:27:42	53.8063	-13.4958	13.9450
00:27:47	54.1234	-13.3616	14.0222
00:27:52	54.4404	-13.2255	14.1015
00:27:57	54.7573	-13.0877	14.1831
00:28:02	55.0741	-12.9481	14.2660
00:28:07	55.3907	-12.8066	14.3503
00:28:12	55.7072	-12.6631	14.4271
00:28:17	56.0235	-12.5176	14.5038
00:28:22	56.3397	-12.3701	14.5850
00:28:27	56.6557	-12.2205	14.6783
00:28:32	56.9716	-12.0687	14.7727
00:28:37	57.2873	-11.9147	14.8701
00:28:42	57.6029	-11.7583	14.9696
00:28:47	57.9183	-11.5997	15.0714
00:28:52	58.2335	-11.4385	15.1754
00:28:57	58.5485	-11.2749	15.2824
00:29:02	58.8634	-11.1087	15.3912
00:29:07	59.1781	-10.9398	15.5033
00:29:12	59.4926	-10.7682	15.6137
00:29:17	59.8069	-10.5937	15.7193
00:29:22	60.1210	-10.4164	15.8275
00:29:27	60.4349	-10.2360	15.9458
00:29:32	60.7486	-10.0526	16.0723
00:29:37	61.0621	-9.8659	16.2019
00:29:42	61.3753	-9.6760	16.3351
00:29:47	61.6883	-9.4826	16.4710
00:29:52	62.0011	-9.2857	16.6108
00:29:57	62.3136	-9.0852	16.7545
00:30:02	62.6259	-8.8808	16.9013
00:30:07	62.9379	-8.6726	17.0523
00:30:12	63.2497	-8.4604	17.2076
00:30:17	63.5611	-8.2440	17.3573
00:30:22	63.8723	-8.0233	17.5083
00:30:27	64.1832	-7.7981	17.6636
00:30:32	64.4938	-7.5683	17.8366
00:30:37	64.8040	-7.3338	18.0136
00:30:42	65.1140	-7.0942	18.1959
00:30:47	65.4235	-6.8495	18.3834
00:30:52	65.7328	-6.5995	18.5761
00:30:57	66.0416	-6.3440	18.7742
00:31:02	66.3501	-6.0826	18.9784
00:31:07	66.6582	-5.8153	19.1885
00:31:12	66.9659	-5.5418	19.4044
00:31:17	67.2732	-5.2619	19.6247
00:31:22	67.5800	-4.9752	19.8406
00:31:27	67.8863	-4.6816	20.0636
00:31:32	68.1922	-4.3807	20.3005
00:31:37	68.4976	-4.0723	20.5517
00:31:42	68.8024	-3.7560	20.8101
00:31:47	69.1068	-3.4315	21.0773
00:31:52	69.4105	-3.0985	21.3526
00:31:57	69.7137	-2.7565	21.6371
00:32:02	70.0162	-2.4052	21.9307
00:32:07	70.3182	-2.0442	22.2343
00:32:12	70.6194	-1.6731	22.5479
00:32:17	70.9199	-1.2914	22.8723
00:32:22	71.2197	-0.8985	23.1994
00:32:27	71.5188	-0.4941	23.5330
00:32:32	71.8170	-0.0775	23.8785
00:32:37	72.1144	0.3517	24.2483
00:32:42	72.4108	0.7943	24.6336
00:32:47	72.7064	1.2508	25.0324
00:32:52	73.0010	1.7220	25.4458
00:32:57	73.2945	2.2086	25.8746
00:33:02	73.5870	2.7112	26.3198
00:33:07	73.8783	3.2309	26.7817
00:33:12	74.1684	3.7683	27.2614
00:33:17	74.4572	4.3245	27.7600
00:33:22	74.7446	4.9003	28.2775
00:33:27	75.0307	5.4969	28.8028
00:33:32	75.3152	6.1154	29.3497
00:33:37	75.5982	6.7568	29.9238
00:33:42	75.8794	7.4224	30.5318
00:33:47	76.1589	8.1137	31.1654
00:33:52	76.4364	8.8318	31.8256
00:33:57	76.7120	9.5785	32.5150
00:34:02	76.9854	10.3551	33.2335
00:34:07	77.2565	11.1635	33.9839
00:34:12	77.5251	12.0054	34.7683
00:34:17	77.7912	12.8827	35.5874
00:34:22	78.0545	13.7973	36.4445
00:34:27	78.3149	14.7513	37.3341
00:34:32	78.5720	15.7470	38.2585
00:34:37	78.8259	16.7867	39.2262
00:34:42	79.0761	17.8727	40.2507
00:34:47	79.3224	19.0075	41.3283
00:34:52	79.5647	20.1940	42.4564
00:34:57	79.8025	21.4346	43.6388
00:35:02	80.0023	22.5418	201.7042
01:55:26	35.2587	3.7830	11.4744
01:55:31	35.5804	3.8632	11.4925
01:55:36	35.9020	3.9438	11.5100
01:55:41	36.2235	4.0249	11.5271
01:55:46	36.5450	4.1066	11.5525
01:55:51	36.8664	4.1887	11.5790
01:55:56	37.1878	4.2713	11.6059
01:56:01	37.5092	4.3544	11.6334
01:56:06	37.8305	4.4381	11.6613
01:56:11	38.1517	4.5224	11.6893
01:56:16	38.4729	4.6072	11.7180
01:56:21	38.7940	4.6925	11.7480
01:56:26	39.1151	4.7785	11.7779
01:56:31	39.4361	4.8650	11.8066
01:56:36	39.7570	4.9521	11.8290
01:56:41	40.0779	5.0399	11.8516
01:56:46	40.3988	5.1283	11.8799
01:56:51	40.7196	5.2173	11.9130
01:56:56	41.0403	5.3070	11.9461
01:57:01	41.3610	5.3973	11.9806
01:57:06	41.6816	5.4884	12.0157
01:57:11	42.0021	5.5801	12.0512
01:57:16	42.3226	5.6726	12.0878
01:57:21	42.6430	5.7657	12.1250
01:57:26	42.9633	5.8597	12.1629
01:57:31	43.2836	5.9543	12.2013
01:57:36	43.6038	6.0498	12.2344
01:57:41	43.9239	6.1461	12.2650
01:57:46	44.2440	6.2431	12.2962
01:57:51	44.5640	6.3410	12.3370
01:57:56	44.8839	6.4398	12.3795
01:58:01	45.2037	6.5394	12.4231
01:58:06	45.5235	6.6398	12.4672
01:58:11	45.8432	6.7412	12.5124
01:58:16	46.1628	6.8436	12.5581
01:58:21	46.4824	6.9468	12.6055
01:58:26	46.8018	7.0511	12.6533
01:58:31	47.1212	7.1563	12.7031
01:58:36	47.4405	7.2626	12.7518
01:58:41	47.7597	7.3698	12.7926
01:58:46	48.0788	7.4782	12.8340
01:58:51	48.3979	7.5876	12.8805
01:58:56	48.7168	7.6982	12.9344
01:59:01	49.0357	7.8098	12.9898
01:59:06	49.3544	7.9227	13.0459
01:59:11	49.6731	8.0367	13.1039
01:59:16	49.9917	8.1520	13.1629
01:59:21	50.3102	8.2685	13.2229
01:59:26	50.6285	8.3863	13.2842
01:59:31	50.9468	8.5054	13.3467
01:59:36	51.2650	8.6259	13.4112
01:59:41	51.5831	8.7478	13.4710
01:59:46	51.9010	8.8710	13.5261
01:59:51	52.2189	8.9958	13.5838
01:59:56	52.5366	9.1220	13.6507
02:00:01	52.8542	9.2497	13.7217
02:00:06	53.1717	9.3790	13.7943
02:00:11	53.4891	9.5099	13.8688
02:00:16	53.8064	9.6425	13.9445
02:00:21	54.1235	9.7768	14.0224
02:00:26	54.4405	9.9128	14.1017
02:00:31	54.7574	10.0506	14.1828
02:00:36	55.0742	10.1902	14.2655
02:00:41	55.3908	10.3318	14.3510
02:00:46	55.7073	10.4753	14.4266
02:00:51	56.0236	10.6207	14.5037
02:00:56	56.3398	10.7683	14.5850
02:01:01	56.6558	10.9179	14.6780
02:01:06	56.9717	11.0697	14.7726
02:01:11	57.2874	11.2237	14.8703
02:01:16	57.6030	11.3800	14.9694
02:01:21	57.9184	11.5387	15.0713
02:01:26	58.2336	11.6998	15.1756
02:01:31	58.5486	11.8634	15.2823
02:01:36	58.8635	12.0296	15.3914
02:01:41	59.1782	12.1985	15.5033
02:01:46	59.4927	12.3701	15.6137
02:01:51	59.8070	12.5446	15.7192
02:01:56	60.1211	12.7220	15.8274
02:02:01	60.4350	12.9023	15.9464
02:02:06	60.7487	13.0858	16.0727
02:02:11	61.0621	13.2724	16.2021
02:02:16	61.3754	13.4624	16.3350
02:02:21	61.6884	13.6557	16.4711
02:02:26	62.0012	13.8526	16.6110
02:02:31	62.3137	14.0532	16.7545
02:02:36	62.6260	14.2575	16.9017
02:02:41	62.9380	14.4657	17.0529
02:02:46	63.2497	14.6779	17.2079
02:02:51	63.5612	14.8943	17.3576
02:02:56	63.8724	15.1151	17.5080
02:03:01	64.1833	15.3402	17.6638
02:03:06	64.4938	15.5700	17.8365
02:03:11	64.8041	15.8046	18.0138
02:03:16	65.1140	16.0441	18.1959
02:03:21	65.4236	16.2888	18.3833
02:03:26	65.7328	16.5388	18.5761
02:03:31	66.0417	16.7944	18.7745
02:03:36	66.3502	17.0557	18.9783
02:03:41	66.6583	17.3230	19.1885
02:03:46	66.9660	17.5965	19.4047
02:03:51	67.2732	17.8765	19.6243
02:03:56	67.5800	18.1631	19.8409
02:04:01	67.8864	18.4568	20.0639
02:04:06	68.1922	18.7576	20.3004
02:04:11	68.4976	19.0660	20.5511
02:04:16	68.8025	19.3823	20.8104
02:04:21	69.1068	19.7068	21.0769
02:04:26	69.4106	20.0399	21.3526
02:04:31	69.7137	20.3818	21.6371
02:04:36	70.0163	20.7331	21.9306
02:04:41	70.3182	21.0941	22.2346
02:04:46	70.6194	21.4652	22.5476
02:04:51	70.9200	21.8470	22.8726
02:04:56	71.2198	22.2398	23.1991
02:05:01	71.5188	22.6442	23.5326
02:05:06	71.8170	23.0608	23.8782
02:05:11	72.1144	23.4901	24.2487
02:05:16	72.4109	23.9326	24.6335
02:05:21	72.7064	24.3892	25.0321
02:05:26	73.0010	24.8603	25.4462
13:03:20	65.7428	-29.8999	161.4014
13:03:25	65.4335	-29.6496	161.5947
13:03:30	65.1239	-29.4048	161.7824
13:03:35	64.8140	-29.1650	161.9645
13:03:40	64.5038	-28.9303	162.1422
13:03:45	64.1932	-28.7003	162.3149
13:03:50	63.8823	-28.4750	162.4827
13:03:55	63.5711	-28.2542	162.6467
13:04:00	63.2596	-28.0376	162.8060
13:04:05	62.9479	-27.8253	162.9501
13:04:10	62.6359	-27.6169	163.0886
13:04:15	62.3236	-27.4125	163.2255
13:04:20	62.0110	-27.2118	163.3691
13:04:25	61.6982	-27.0148	163.5092
13:04:30	61.3852	-26.8213	163.6453
13:04:35	61.0720	-26.6312	163.7784
13:04:40	60.7585	-26.4444	163.9084
13:04:45	60.4448	-26.2609	164.0351
13:04:50	60.1309	-26.0804	164.1584
13:04:55	59.8168	-25.9029	164.2785
13:05:00	59.5025	-25.7284	164.3959
13:05:05	59.1880	-25.5567	164.5069
13:05:10	58.8733	-25.3878	164.6069
13:05:15	58.5584	-25.2215	164.7043
13:05:20	58.2433	-25.0577	164.8063
13:05:25	57.9281	-24.8965	164.9106
13:05:30	57.6127	-24.7377	165.0125
13:05:35	57.2971	-24.5813	165.1123
13:05:40	56.9814	-24.4272	165.2096
13:05:45	56.6655	-24.2753	165.3045
13:05:50	56.3494	-24.1256	165.3976
13:05:55	56.0332	-23.9781	165.4883
13:06:00	55.7169	-23.8325	165.5772
13:06:05	55.4004	-23.6890	165.6638
13:06:10	55.0838	-23.5474	165.7407
13:06:15	54.7670	-23.4077	165.8115
13:06:20	54.4501	-23.2698	165.8814
13:06:25	54.1331	-23.1338	165.9611
13:06:30	53.8159	-22.9994	166.0388
13:06:35	53.4986	-22.8668	166.1147
13:06:40	53.1812	-22.7358	166.1895
13:06:45	52.8637	-22.6064	166.2621
13:06:50	52.5461	-22.4786	166.3335
13:06:55	52.2283	-22.3524	166.4028
13:07:00	51.9105	-22.2276	166.4713
13:07:05	51.5925	-22.1043	166.5382
13:07:10	51.2744	-21.9824	166.6017
13:07:15	50.9562	-21.8619	166.6543
13:07:20	50.6379	-21.7427	166.7068
13:07:25	50.3195	-21.6249	166.7616
13:07:30	50.0010	-21.5083	166.8220
13:07:35	49.6824	-21.3930	166.8808
13:07:40	49.3637	-21.2789	166.9387
13:07:45	49.0450	-21.1660	166.9949
13:07:50	48.7261	-21.0543	167.0508
13:07:55	48.4071	-20.9437	167.1052
13:08:00	48.0881	-20.8342	167.1580
13:08:05	47.7689	-20.7258	167.2106
13:08:10	47.4497	-20.6185	167.2614
13:08:15	47.1304	-20.5122	167.3048
13:08:20	46.8110	-20.4070	167.3438
13:08:25	46.4915	-20.3027	167.3814
13:08:30	46.1719	-20.1994	167.4273
13:08:35	45.8523	-20.0970	167.4737
13:08:40	45.5326	-19.9956	167.5191
13:08:45	45.2128	-19.8951	167.5634
13:08:50	44.8929	-19.7954	167.6066
13:08:55	44.5730	-19.6967	167.6494
13:09:00	44.2530	-19.5987	167.6914
13:09:05	43.9329	-19.5016	167.7328
13:09:10	43.6127	-19.4054	167.7721
13:09:15	43.2925	-19.3099	167.8115
13:09:20	42.9722	-19.2152	167.8408
13:09:25	42.6518	-19.1212	167.8689
13:09:30	42.3314	-19.0280	167.8995
13:09:35	42.0109	-18.9355	167.9358
13:09:40	41.6904	-18.8438	167.9720
13:09:45	41.3697	-18.7527	168.0072
13:09:50	41.0490	-18.6623	168.0413
13:09:55	40.7283	-18.5726	168.0755
13:10:00	40.4075	-18.4836	168.1087
13:10:05	40.0866	-18.3952	168.1405
13:10:10	39.7657	-18.3074	168.1728
13:10:15	39.4447	-18.2202	168.2037
13:10:20	39.1237	-18.1337	168.2308
13:10:25	38.8026	-18.0477	168.2516
13:10:30	38.4814	-17.9623	168.2725
13:10:35	38.1602	-17.8775	168.2993
13:10:40	37.8390	-17.7933	168.3271
13:10:45	37.5177	-17.7095	168.3551
13:10:50	37.1963	-17.6264	168.3829
13:10:55	36.8749	-17.5437	168.4096
13:11:00	36.5534	-17.4616	168.4362
13:11:05	36.2319	-17.3799	168.4620
13:11:10	35.9103	-17.2988	168.4870
13:11:15	35.5887	-17.2182	168.5117
13:11:20	35.2671	-17.1380	168.5366
13:11:24	35.0001	-17.0718	356.4198
14:32:13	78.5892	-29.1666	141.6762
14:32:18	78.3322	-28.1681	142.6166
14:32:23	78.0720	-27.2113	143.5162
14:32:28	77.8089	-26.2942	144.3650
14:32:33	77.5430	-25.4145	145.1736
14:32:38	77.2745	-24.5703	145.9457
14:32:43	77.0036	-23.7597	146.6986
14:32:48	76.7303	-22.9809	147.4196
14:32:53	76.4549	-22.2322	148.1105
14:32:58	76.1775	-21.5122	148.7729
14:33:03	75.8981	-20.8192	149.4080
14:33:08	75.6170	-20.1518	150.0181
14:33:13	75.3341	-19.5088	150.6031
14:33:18	75.0497	-18.8889	151.1649
14:33:23	74.7637	-18.2908	151.7059
14:33:28	74.4764	-17.7136	152.2229
14:33:33	74.1876	-17.1562	152.7090
14:33:38	73.8976	-16.6176	153.1765
14:33:43	73.6064	-16.0968	153.6321
14:33:48	73.3140	-15.5929	154.0785
14:33:53	73.0205	-15.1053	154.5081
14:33:58	72.7260	-14.6331	154.9225
14:34:03	72.4305	-14.1756	155.3224
14:34:08	72.1341	-13.7321	155.7084
14:34:13	71.8367	-13.3019	156.0806
14:34:18	71.5386	-12.8845	156.4408
14:34:23	71.2396	-12.4793	156.7885
14:34:28	70.9398	-12.0857	157.1244
14:34:33	70.6393	-11.7033	157.4414
14:34:38	70.3381	-11.3315	157.7425
14:34:43	70.0362	-10.9698	158.0336
14:34:48	69.7337	-10.6179	158.3259
14:34:53	69.4306	-10.2753	158.6111
14:34:58	69.1268	-9.9416	158.8871
14:35:03	68.8225	-9.6166	159.1550
14:35:08	68.5177	-9.2997	159.4146
14:35:13	68.2123	-8.9908	159.6659
14:35:18	67.9065	-8.6894	159.9097
14:35:23	67.6001	-8.3953	160.1464
14:35:28	67.2933	-8.1082	160.3760
14:35:33	66.9861	-7.8278	160.5994
14:35:38	66.6784	-7.5539	160.8027
14:35:43	66.3704	-7.2862	161.0001
14:35:48	66.0619	-7.0245	161.1950
14:35:53	65.7530	-6.7685	161.3938
14:35:58	65.4438	-6.5181	161.5870
14:36:03	65.1342	-6.2731	161.7752
14:36:08	64.8243	-6.0332	161.9572
14:36:13	64.5141	-5.7983	162.1350
14:36:18	64.2035	-5.5681	162.3079
14:36:23	63.8926	-5.3427	162.4764
14:36:28	63.5814	-5.1217	162.6402
14:36:33	63.2700	-4.9050	162.7993
14:36:38	62.9582	-4.6925	162.9494
14:36:43	62.6462	-4.4840	163.0884
14:36:48	62.3339	-4.2795	163.2232
14:36:53	62.0214	-4.0787	163.3633
14:36:58	61.7086	-3.8815	163.5032
14:37:03	61.3956	-3.6879	163.6401
14:37:08	61.0824	-3.4977	163.7725
14:37:13	60.7689	-3.3108	163.9029
14:37:18	60.4552	-3.1271	164.0295
14:37:23	60.1413	-2.9466	164.1530
14:37:28	59.8272	-2.7690	164.2735
14:37:33	59.5129	-2.5944	164.3912
14:37:38	59.1984	-2.4226	164.5062
14:37:43	58.8837	-2.2536	164.6076
14:37:48	58.5688	-2.0872	164.7051
14:37:53	58.2538	-1.9234	164.8018
14:37:58	57.9385	-1.7621	164.9062
14:38:03	57.6231	-1.6032	165.0082
14:38:08	57.3076	-1.4467	165.1078
14:38:13	56.9918	-1.2926	165.2054
14:38:18	56.6759	-1.1406	165.3000
14:38:23	56.3599	-0.9908	165.3932
14:38:28	56.0437	-0.8432	165.4843
14:38:33	55.7274	-0.6976	165.5737
14:38:38	55.4109	-0.5540	165.6599
14:38:43	55.0943	-0.4123	165.7418
14:38:48	54.7775	-0.2726	165.8131
14:38:53	54.4606	-0.1346	165.8829
14:38:58	54.1436	0.0015	165.9575
14:39:03	53.8264	0.1359	166.0354
14:39:08	53.5092	0.2686	166.1115
14:39:13	53.1918	0.3996	166.1859
14:39:18	52.8742	0.5291	166.2586
14:39:23	52.5566	0.6569	166.3297
14:39:28	52.2389	0.7832	166.3999
14:39:33	51.9210	0.9080	166.4680
14:39:38	51.6030	1.0314	166.5353
14:39:43	51.2849	1.1533	166.6001
14:39:48	50.9668	1.2739	166.6564
14:39:53	50.6485	1.3931	166.7085
14:39:58	50.3301	1.5110	166.7596
14:40:03	50.0116	1.6276	166.8193
14:40:08	49.6930	1.7430	166.8783
14:40:13	49.3743	1.8571	166.9359
14:40:18	49.0555	1.9700	166.9928
14:40:23	48.7366	2.0818	167.0482
14:40:28	48.4177	2.1924	167.1019
14:40:33	48.0986	2.3019	167.1554
14:40:38	47.7795	2.4103	167.2077
14:40:43	47.4603	2.5177	167.2585
14:40:48	47.1409	2.6240	167.3072
14:40:53	46.8215	2.7293	167.3460
14:40:58	46.5021	2.8336	167.3838
14:41:03	46.1825	2.9369	167.4247
14:41:08	45.8629	3.0393	167.4716
14:41:13	45.5432	3.1408	167.5166
14:41:18	45.2234	3.2414	167.5612
14:41:23	44.9035	3.3410	167.6050
14:41:28	44.5836	3.4398	167.6473
14:41:33	44.2636	3.5378	167.6890
14:41:38	43.9435	3.6349	167.7300
14:41:43	43.6233	3.7312	167.7704
14:41:48	43.3031	3.8267	167.8098
14:41:53	42.9828	3.9215	167.8428
14:41:58	42.6624	4.0154	167.8715
14:42:03	42.3420	4.1086	167.8990
14:42:08	42.0215	4.2011	167.9344
14:42:13	41.7010	4.2929	167.9700
14:42:18	41.3803	4.3840	168.0050
14:42:23	41.0597	4.4744	168.0399
14:42:28	40.7389	4.5642	168.0733
14:42:33	40.4181	4.6532	168.1066
14:42:38	40.0972	4.7417	168.1390
14:42:43	39.7763	4.8295	168.1713
14:42:48	39.4553	4.9166	168.2019
14:42:53	39.1343	5.0032	168.2325
14:42:58	38.8132	5.0892	168.2546
14:43:03	38.4921	5.1746	168.2751
14:43:08	38.1709	5.2594	168.2976
14:43:13	37.8496	5.3437	168.3259
14:43:18	37.5283	5.4274	168.3542
14:43:23	37.2069	5.5106	168.3816
14:43:28	36.8855	5.5933	168.4082
14:43:33	36.5640	5.6755	168.4345
14:43:38	36.2425	5.7571	168.4599
14:43:43	35.9210	5.8383	168.4859
14:43:48	35.5994	5.9189	168.5104
14:43:53	35.2777	5.9991	168.5346
14:43:58	34.9998	6.0680	355.5053
16:04:22	79.8151	-11.7148	136.2776
16:04:27	79.5775	-10.4711	137.4638
16:04:32	79.3355	-9.2818	138.5949
16:04:37	79.0894	-8.1442	139.6752
16:04:42	78.8394	-7.0556	140.7055
16:04:47	78.5857	-6.0135	141.6897
16:04:52	78.3287	-5.0156	142.6298
16:04:57	78.0685	-4.0594	143.5282
16:05:02	77.8053	-3.1427	144.3744
16:05:07	77.5394	-2.2636	145.1818
16:05:12	77.2709	-1.4199	145.9568
16:05:17	76.9999	-0.6097	146.7090
16:05:22	76.7266	0.1687	147.4299
16:05:27	76.4512	0.9169	148.1202
16:05:32	76.1737	1.6366	148.7822
16:05:37	75.8944	2.3293	149.4172
16:05:42	75.6132	2.9963	150.0264
16:05:47	75.3303	3.6390	150.6113
16:05:52	75.0459	4.2586	151.1732
16:05:57	74.7599	4.8563	151.7133
16:06:02	74.4725	5.4332	152.2279
16:06:07	74.1837	5.9904	152.7139
16:06:12	73.8937	6.5288	153.1805
16:06:17	73.6025	7.0494	153.6387
16:06:22	73.3101	7.5530	154.0847
16:06:27	73.0166	8.0404	154.5139
16:06:32	72.7221	8.5124	154.9285
16:06:37	72.4266	8.9697	155.3281
16:06:42	72.1301	9.4130	155.7143
16:06:47	71.8328	9.8430	156.0862
16:06:52	71.5346	10.2602	156.4461
16:06:57	71.2356	10.6653	156.7935
16:07:02	70.9358	11.0587	157.1294
16:07:07	70.6353	11.4410	157.4439
16:07:12	70.3341	11.8127	157.7446
16:07:17	70.0322	12.1742	158.0360
16:07:22	69.7297	12.5260	158.3301
16:07:27	69.4265	12.8685	158.6154
16:07:32	69.1228	13.2020	158.8912
16:07:37	68.8185	13.5270	159.1590
16:07:42	68.5137	13.8437	159.4182
16:07:47	68.2083	14.1526	159.6693
16:07:52	67.9024	14.4538	159.9134
16:07:57	67.5961	14.7478	160.1499
16:08:02	67.2893	15.0348	160.3800
16:08:07	66.9821	15.3151	160.6003
16:08:12	66.6744	15.5890	160.8034
16:08:17	66.3663	15.8566	161.0009
16:08:22	66.0578	16.1182	161.1983
16:08:27	65.7490	16.3741	161.3969
16:08:32	65.4397	16.6244	161.5899
16:08:37	65.1302	16.8694	161.7779
16:08:42	64.8203	17.1092	161.9603
16:08:47	64.5100	17.3441	162.1376
16:08:52	64.1994	17.5741	162.3106
16:08:57	63.8886	17.7995	162.4791
16:09:02	63.5774	18.0205	162.6426
16:09:07	63.2659	18.2371	162.8019
16:09:12	62.9542	18.4495	162.9499
16:09:17	62.6422	18.6579	163.0883
16:09:22	62.3299	18.8624	163.2232
16:09:27	62.0173	19.0632	163.3658
16:09:32	61.7046	19.2603	163.5055
16:09:37	61.3916	19.4539	163.6422
16:09:42	61.0783	19.6440	163.7753
16:09:47	60.7648	19.8309	163.9049
16:09:52	60.4512	20.0145	164.0318
16:09:57	60.1373	20.1950	164.1554
16:10:02	59.8231	20.3725	164.2755
16:10:07	59.5088	20.5471	164.3933
16:10:12	59.1943	20.7189	164.5073
16:10:17	58.8796	20.8879	164.6077
16:10:22	58.5648	21.0542	164.7048
16:10:27	58.2497	21.2180	164.8038
16:10:32	57.9345	21.3793	164.9077
16:10:37	57.6191	21.5381	165.0098
16:10:42	57.3035	21.6945	165.1095
16:10:47	56.9878	21.8487	165.2071
16:10:52	56.6719	22.0006	165.3018
16:10:57	56.3559	22.1504	165.3951
16:11:02	56.0397	22.2980	165.4857
16:11:07	55.7233	22.4436	165.5749
16:11:12	55.4069	22.5871	165.6619
16:11:17	55.0902	22.7288	165.7412
16:11:22	54.7735	22.8685	165.8127
16:11:27	54.4566	23.0064	165.8821
16:11:32	54.1396	23.1425	165.9585
16:11:37	53.8224	23.2769	166.0366
16:11:42	53.5051	23.4096	166.1130
16:11:47	53.1877	23.5406	166.1872
16:11:52	52.8702	23.6700	166.2605
16:11:57	52.5526	23.7978	166.3317
16:12:02	52.2348	23.9241	166.4008
16:12:07	51.9170	24.0489	166.4688
16:12:12	51.5990	24.1722	166.5356
16:12:17	51.2809	24.2942	166.6011
16:12:22	50.9627	24.4147	166.6559
16:12:27	50.6444	24.5339	166.7072
16:12:32	50.3261	24.6518	166.7599
16:12:37	50.0076	24.7684	166.8203
16:12:42	49.6890	24.8837	166.8793
16:12:47	49.3703	24.9978	166.9370
17:36:54	79.8590	11.1845	136.0428
17:36:59	79.6223	12.4387	137.2389
17:37:04	79.3812	13.6379	138.3799
17:37:09	79.1358	14.7851	139.4694
17:37:14	78.8865	15.8826	140.5090
17:37:19	78.6335	16.9332	141.5017
17:37:24	78.3771	17.9393	142.4498
17:37:29	78.1175	18.9031	143.3559
17:37:34	77.8548	19.8270	144.2224
17:37:39	77.5894	20.7131	145.0501
17:37:44	77.3214	21.5633	145.8377
17:37:49	77.0508	22.3795	146.5825
17:37:54	76.7780	23.1637	147.2951
17:37:59	76.5029	23.9174	147.9862
17:38:04	76.2258	24.6424	148.6536
22:09:19	75.3521	-29.8547	29.4199
22:09:24	75.6348	-29.2102	30.0066
22:09:29	75.9159	-28.5413	30.6177
22:09:34	76.1951	-27.8466	31.2545
22:09:39	76.4724	-27.1248	31.9190
22:09:44	76.7477	-26.3743	32.6120
22:09:49	77.0208	-25.5935	33.3342
22:09:54	77.2916	-24.7808	34.0892
22:09:59	77.5600	-23.9344	34.8779
22:10:04	77.8257	-23.0523	35.6989
22:10:09	78.0886	-22.1326	36.5467
22:10:14	78.3486	-21.1732	37.4346
22:10:19	78.6054	-20.1719	38.3717
22:10:24	78.8588	-19.1263	39.3593
22:10:29	79.1085	-18.0340	40.3933
22:10:34	79.3544	-16.8925	41.4768
22:10:39	79.5960	-15.6991	42.6124
22:10:44	79.8332	-14.4510	43.8033
23:33:22	43.6142	-29.9988	12.2324
23:33:27	43.9343	-29.9025	12.2631
23:33:32	44.2544	-29.8054	12.2972
23:33:37	44.5744	-29.7075	12.3393
23:33:42	44.8944	-29.6088	12.3818
23:33:47	45.2142	-29.5091	12.4252
23:33:52	45.5340	-29.4086	12.4699
23:33:57	45.8537	-29.3072	12.5145
23:34:02	46.1733	-29.2048	12.5609
23:34:07	46.4929	-29.1015	12.6080
23:34:12	46.8124	-28.9972	12.6558
23:34:17	47.1318	-28.8919	12.7055
23:34:22	47.4511	-28.7857	12.7497
23:34:27	47.7703	-28.6783	12.7899
23:34:32	48.0894	-28.5699	12.8327
23:34:37	48.4085	-28.4605	12.8832
23:34:42	48.7274	-28.3499	12.9370
23:34:47	49.0463	-28.2382	12.9929
23:34:52	49.3651	-28.1253	13.0495
23:34:57	49.6838	-28.0112	13.1073
23:35:02	50.0023	-27.8959	13.1657
23:35:07	50.3208	-27.7793	13.2260
23:35:12	50.6392	-27.6615	13.2874
23:35:17	50.9575	-27.5423	13.3503
23:35:22	51.2757	-27.4218	13.4140
23:35:27	51.5938	-27.2999	13.4693
23:35:32	51.9117	-27.1765	13.5250
23:35:37	52.2296	-27.0517	13.5843
23:35:42	52.5474	-26.9255	13.6543
23:35:47	52.8650	-26.7977	13.7254
23:35:52	53.1825	-26.6683	13.7982
23:35:57	53.4999	-26.5373	13.8721
23:36:02	53.8172	-26.4047	13.9486
23:36:07	54.1343	-26.2704	14.0264
23:36:12	54.4514	-26.1343	14.1056
23:36:17	54.7682	-25.9964	14.1868
23:36:22	55.0850	-25.8567	14.2696
23:36:27	55.4016	-25.7151	14.3499
23:36:32	55.7181	-25.5715	14.4250
23:36:37	56.0344	-25.4260	14.5025
23:36:42	56.3506	-25.2784	14.5897
23:36:47	56.6667	-25.1287	14.6821
23:36:52	56.9826	-24.9768	14.7773
23:36:57	57.2983	-24.8227	14.8745
23:37:02	57.6139	-24.6663	14.9741
23:37:07	57.9293	-24.5075	15.0759
23:37:12	58.2445	-24.3463	15.1804
23:37:17	58.5596	-24.1826	15.2870
23:37:22	58.8744	-24.0163	15.3963
23:37:27	59.1891	-23.8473	15.5087
23:37:32	59.5036	-23.6756	15.6131
23:37:37	59.8180	-23.5010	15.7189
23:37:42	60.1321	-23.3235	15.8286
23:37:47	60.4460	-23.1431	15.9516
23:37:52	60.7597	-22.9595	16.0783
23:37:57	61.0731	-22.7727	16.2079
23:38:02	61.3864	-22.5826	16.3410
23:38:07	61.6994	-22.3891	16.4771
23:38:12	62.0122	-22.1921	16.6173
23:38:17	62.3247	-21.9914	16.7611
23:38:22	62.6370	-21.7870	16.9078
23:38:27	62.9490	-21.5786	17.0595
23:38:32	63.2608	-21.3662	17.2112
23:38:37	63.5722	-21.1496	17.3579
23:38:42	63.8834	-20.9288	17.5093
23:38:47	64.1943	-20.7034	17.6711
23:38:52	64.5049	-20.4735	17.8438
23:38:57	64.8152	-20.2387	18.0214
23:39:02	65.1251	-19.9990	18.2038
23:39:07	65.4347	-19.7541	18.3916
23:39:12	65.7439	-19.5039	18.5843
23:39:17	66.0528	-19.2481	18.7828
23:39:22	66.3613	-18.9865	18.9868
23:39:27	66.6693	-18.7190	19.1975
23:39:32	66.9770	-18.4453	19.4134
23:39:37	67.2843	-18.1651	19.6278
23:39:42	67.5911	-17.8781	19.8439
23:39:47	67.8974	-17.5842	20.0672
23:39:52	68.2033	-17.2831	20.3106
23:39:57	68.5087	-16.9744	20.5620
23:40:02	68.8135	-16.6578	20.8210
23:40:07	69.1179	-16.3330	21.0882
23:40:12	69.4216	-15.9996	21.3642
23:40:17	69.7248	-15.6573	21.6493
23:40:22	70.0273	-15.3056	21.9430
23:40:27	70.3292	-14.9443	22.2469
23:40:32	70.6304	-14.5727	22.5612
23:40:37	70.9310	-14.1906	22.8840
23:40:42	71.2307	-13.7973	23.2064
23:40:47	71.5298	-13.3924	23.5406
23:40:52	71.8280	-12.9754	23.8917
23:40:57	72.1253	-12.5456	24.2639
23:41:02	72.4218	-12.1025	24.6495
23:41:07	72.7173	-11.6455	25.0486
23:41:12	73.0119	-11.1737	25.4625
23:41:17	73.3054	-10.6865	25.8923
23:41:22	73.5978	-10.1832	26.3380
23:41:27	73.8891	-9.6629	26.8004
23:41:32	74.1791	-9.1248	27.2811
23:41:37	74.4679	-8.5679	27.7798
23:41:42	74.7553	-7.9913	28.2918
23:41:47	75.0413	-7.3938	28.8178
23:41:52	75.3258	-6.7745	29.3656
23:41:57	75.6087	-6.1322	29.9478
23:42:02	75.8899	-5.4656	30.5565
23:42:07	76.1693	-4.7734	31.1910
23:42:12	76.4468	-4.0541	31.8525
23:42:17	76.7223	-3.3063	32.5425
23:42:22	76.9956	-2.5285	33.2627
23:42:27	77.2666	-1.7188	34.0142
23:42:32	77.5352	-0.8756	34.7998
23:42:37	77.8012	0.0031	35.6207
23:42:42	78.0644	0.9192	36.4790
23:42:47	78.3246	1.8748	37.3630
23:42:52	78.5817	2.8721	38.2888
23:42:57	78.8354	3.9135	39.2622
23:43:02	79.0855	5.0014	40.2924
23:43:07	79.3317	6.1382	41.3713
23:43:12	79.5738	7.3267	42.5017
23:43:17	79.8114	8.5696	43.6866
23:43:21	80.0028	9.6313	44.6696
23:59:59	-999.00	-999.00	-999.00
