2024/09/26 EARTHCARE
GMT	SUBLAT[N+]	SUBLON[W+]	HEADING
03:16:04	-0.7409	18.6965	10.5506
03:16:09	-0.4170	18.7568	10.5501
03:16:14	-0.0932	18.8171	10.5495
03:16:19	0.2307	18.8774	10.5499
03:16:24	0.5546	18.9377	10.5501
03:16:29	0.8785	18.9981	10.5500
03:16:34	1.2024	19.0584	10.5496
03:16:39	1.5263	19.1187	10.5498
03:16:44	1.8501	19.1791	10.5514
03:16:49	2.1740	19.2395	10.5509
03:16:54	2.4979	19.2998	10.5527
03:16:59	2.8218	19.3603	10.5533
03:17:04	3.1458	19.4207	10.5535
03:17:09	3.4697	19.4811	10.5560
03:17:14	3.7936	19.5416	10.5565
03:17:19	4.1175	19.6021	10.5585
03:17:24	4.4414	19.6627	10.5601
03:17:29	4.7653	19.7232	10.5604
03:17:34	5.0892	19.7839	10.5613
03:17:39	5.4131	19.8445	10.5627
03:17:44	5.7370	19.9052	10.5649
03:17:49	6.0608	19.9660	10.5664
03:17:54	6.3847	20.0268	10.5693
03:17:59	6.7086	20.0876	10.5714
03:18:04	7.0325	20.1485	10.5744
03:18:09	7.3564	20.2094	10.5775
03:18:14	7.6803	20.2705	10.5799
03:18:19	8.0041	20.3315	10.5839
03:18:24	8.3280	20.3927	10.5865
03:18:29	8.6518	20.4539	10.5890
03:18:34	8.9757	20.5151	10.5901
03:18:39	9.2995	20.5765	10.5919
03:18:44	9.6234	20.6379	10.5951
03:18:49	9.9472	20.6994	10.5986
03:18:54	10.2710	20.7610	10.6033
03:18:59	10.5948	20.8226	10.6071
03:19:04	10.9186	20.8844	10.6113
03:19:09	11.2424	20.9462	10.6160
03:19:14	11.5662	21.0081	10.6205
03:19:19	11.8899	21.0701	10.6253
03:19:24	12.2137	21.1323	10.6314
03:19:29	12.5374	21.1945	10.6355
03:19:34	12.8612	21.2568	10.6377
03:19:39	13.1849	21.3192	10.6402
03:19:44	13.5086	21.3818	10.6439
03:19:49	13.8323	21.4444	10.6501
03:19:54	14.1560	21.5072	10.6558
03:19:59	14.4796	21.5700	10.6617
03:20:04	14.8033	21.6331	10.6674
03:20:09	15.1269	21.6962	10.6737
03:20:14	15.4506	21.7594	10.6810
03:20:19	15.7742	21.8228	10.6879
03:20:24	16.0978	21.8864	10.6947
03:20:29	16.4213	21.9500	10.7018
03:20:34	16.7449	22.0138	10.7076
03:20:39	17.0684	22.0778	10.7106
03:20:44	17.3920	22.1419	10.7140
03:20:49	17.7155	22.2061	10.7217
03:20:54	18.0389	22.2705	10.7293
03:20:59	18.3624	22.3351	10.7372
03:21:04	18.6858	22.3998	10.7456
03:21:09	19.0093	22.4647	10.7551
03:21:14	19.3327	22.5298	10.7633
03:21:19	19.6561	22.5950	10.7718
03:21:24	19.9794	22.6604	10.7816
03:21:29	20.3028	22.7260	10.7910
03:21:34	20.6261	22.7918	10.8007
03:21:39	20.9494	22.8578	10.8059
03:21:44	21.2726	22.9240	10.8107
03:21:49	21.5959	22.9903	10.8175
03:21:54	21.9191	23.0569	10.8277
04:48:35	-0.8705	41.8086	10.5503
04:48:40	-0.5466	41.8689	10.5500
04:48:45	-0.2227	41.9292	10.5493
04:48:50	0.1012	41.9895	10.5500
04:48:55	0.4250	42.0499	10.5495
04:49:00	0.7489	42.1102	10.5497
04:49:05	1.0728	42.1705	10.5502
04:49:10	1.3967	42.2308	10.5506
04:49:15	1.7206	42.2912	10.5505
04:49:20	2.0445	42.3516	10.5518
04:49:25	2.3684	42.4119	10.5520
04:49:30	2.6923	42.4723	10.5526
04:49:35	3.0162	42.5328	10.5531
04:49:40	3.3401	42.5932	10.5540
04:49:45	3.6640	42.6537	10.5555
04:49:50	3.9879	42.7142	10.5567
04:49:55	4.3118	42.7747	10.5585
04:50:00	4.6357	42.8353	10.5607
04:50:05	4.9596	42.8959	10.5627
04:50:10	5.2835	42.9565	10.5642
04:50:15	5.6074	43.0172	10.5662
04:50:20	5.9313	43.0779	10.5687
04:50:25	6.2552	43.1387	10.5696
04:50:30	6.5791	43.1995	10.5706
04:50:35	6.9030	43.2604	10.5722
04:50:40	7.2268	43.3213	10.5743
04:50:45	7.5507	43.3823	10.5769
04:50:50	7.8746	43.4433	10.5794
04:50:55	8.1984	43.5044	10.5831
04:51:00	8.5223	43.5656	10.5866
04:51:05	8.8461	43.6269	10.5896
04:51:10	9.1700	43.6882	10.5941
04:51:15	9.4938	43.7496	10.5980
04:51:20	9.8177	43.8110	10.6018
04:51:25	10.1415	43.8726	10.6051
04:51:30	10.4653	43.9342	10.6073
04:51:35	10.7891	43.9959	10.6081
04:51:40	11.1129	44.0577	10.6123
04:51:45	11.4367	44.1196	10.6160
04:51:50	11.7604	44.1816	10.6209
04:51:55	12.0842	44.2436	10.6255
04:52:00	12.4079	44.3058	10.6306
04:52:05	12.7317	44.3681	10.6362
04:52:10	13.0554	44.4305	10.6414
04:52:15	13.3791	44.4930	10.6463
04:52:20	13.7028	44.5556	10.6531
04:52:25	14.0265	44.6183	10.6583
04:52:30	14.3502	44.6811	10.6619
04:52:35	14.6738	44.7441	10.6652
04:52:40	14.9975	44.8072	10.6674
04:52:45	15.3211	44.8704	10.6741
04:52:50	15.6447	44.9337	10.6805
04:52:55	15.9683	44.9972	10.6882
04:53:00	16.2919	45.0608	10.6944
04:53:05	16.6155	45.1245	10.7021
04:53:10	16.9390	45.1884	10.7094
04:53:15	17.2625	45.2525	10.7171
04:53:20	17.5861	45.3167	10.7251
04:53:25	17.9095	45.3810	10.7327
04:53:30	18.2330	45.4455	10.7400
04:53:35	18.5565	45.5102	10.7444
04:53:40	18.8799	45.5750	10.7484
04:53:45	19.2033	45.6400	10.7543
04:53:50	19.5267	45.7052	10.7631
04:53:55	19.8501	45.7705	10.7724
04:54:00	20.1734	45.8360	10.7818
04:54:05	20.4967	45.9017	10.7918
04:54:10	20.8200	45.9676	10.8011
04:54:15	21.1433	46.0337	10.8117
04:54:20	21.4666	46.1000	10.8219
04:54:25	21.7898	46.1665	10.8323
14:47:04	12.4193	10.0000	169.3646
14:47:09	12.0955	10.0622	169.3708
14:47:14	11.7718	10.1243	169.3755
14:47:19	11.4480	10.1863	169.3798
14:47:24	11.1242	10.2481	169.3844
14:47:29	10.8004	10.3099	169.3892
14:47:34	10.4766	10.3717	169.3939
14:47:39	10.1528	10.4333	169.3979
14:47:44	9.8290	10.4948	169.4013
14:47:49	9.5051	10.5563	169.4035
14:47:54	9.1813	10.6177	169.4059
14:47:59	8.8575	10.6790	169.4070
14:48:04	8.5336	10.7402	169.4111
14:48:09	8.2098	10.8014	169.4137
14:48:14	7.8859	10.8625	169.4167
14:48:19	7.5620	10.9236	169.4200
14:48:24	7.2382	10.9846	169.4228
14:48:29	6.9143	11.0455	169.4260
14:48:34	6.5904	11.1064	169.4288
14:48:39	6.2665	11.1672	169.4316
14:48:44	5.9426	11.2280	169.4339
14:48:49	5.6187	11.2887	169.4359
14:48:54	5.2948	11.3494	169.4365
14:48:59	4.9709	11.4100	169.4371
14:49:04	4.6470	11.4706	169.4384
14:49:09	4.3231	11.5312	169.4399
14:49:14	3.9992	11.5917	169.4418
14:49:19	3.6753	11.6522	169.4431
14:49:24	3.3514	11.7127	169.4447
14:49:29	3.0275	11.7731	169.4466
14:49:34	2.7036	11.8336	169.4470
14:49:39	2.3797	11.8940	169.4479
14:49:44	2.0558	11.9543	169.4483
14:49:49	1.7319	12.0147	169.4499
14:49:54	1.4080	12.0751	169.4490
14:49:59	1.0841	12.1354	169.4502
14:50:04	0.7602	12.1957	169.4501
14:50:09	0.4364	12.2560	169.4504
14:50:14	0.1125	12.3164	169.4498
14:50:19	-0.2114	12.3767	169.4498
14:50:24	-0.5353	12.4370	169.4501
14:50:29	-0.8591	12.4973	169.4500
16:17:10	21.9354	31.2477	169.1638
16:17:15	21.6121	31.3143	169.1750
16:17:20	21.2889	31.3807	169.1851
16:17:25	20.9656	31.4469	169.1957
16:17:30	20.6423	31.5129	169.2050
16:17:35	20.3190	31.5787	169.2140
16:17:40	19.9957	31.6443	169.2212
16:17:45	19.6723	31.7097	169.2256
16:17:50	19.3489	31.7749	169.2301
16:17:55	19.0255	31.8400	169.2386
16:18:00	18.7021	31.9049	169.2474
16:18:05	18.3787	31.9697	169.2558
16:18:10	18.0552	32.0342	169.2639
16:18:15	17.7317	32.0986	169.2723
16:18:20	17.4082	32.1629	169.2804
16:18:25	17.0847	32.2270	169.2871
16:18:30	16.7612	32.2910	169.2952
16:18:35	16.4376	32.3548	169.3028
16:18:40	16.1140	32.4184	169.3091
16:18:45	15.7905	32.4820	169.3125
16:18:50	15.4668	32.5454	169.3157
16:18:55	15.1432	32.6086	169.3199
16:19:00	14.8196	32.6718	169.3262
16:19:05	14.4959	32.7348	169.3337
16:19:10	14.1723	32.7977	169.3391
16:19:15	13.8486	32.8604	169.3457
16:19:20	13.5249	32.9231	169.3510
16:19:25	13.2012	32.9856	169.3566
16:19:30	12.8775	33.0481	169.3627
16:19:35	12.5537	33.1104	169.3673
16:19:40	12.2300	33.1726	169.3724
16:19:45	11.9062	33.2347	169.3763
16:19:50	11.5825	33.2968	169.3779
16:19:55	11.2587	33.3587	169.3796
16:20:00	10.9349	33.4205	169.3836
16:20:05	10.6111	33.4823	169.3888
16:20:10	10.2873	33.5439	169.3927
16:20:15	9.9635	33.6055	169.3978
16:20:20	9.6396	33.6670	169.4015
16:20:25	9.3158	33.7284	169.4055
16:20:30	8.9920	33.7898	169.4091
16:20:35	8.6681	33.8511	169.4129
16:20:40	8.3443	33.9123	169.4155
16:20:45	8.0204	33.9734	169.4184
16:20:50	7.6966	34.0345	169.4198
16:20:55	7.3727	34.0955	169.4208
16:21:00	7.0488	34.1564	169.4228
16:21:05	6.7249	34.2173	169.4263
16:21:10	6.4010	34.2782	169.4282
16:21:15	6.0771	34.3390	169.4315
16:21:20	5.7533	34.3997	169.4330
16:21:25	5.4294	34.4604	169.4352
16:21:30	5.1055	34.5211	169.4369
16:21:35	4.7816	34.5817	169.4388
16:21:40	4.4577	34.6423	169.4419
16:21:45	4.1338	34.7028	169.4427
16:21:50	3.8099	34.7633	169.4438
16:21:55	3.4860	34.8238	169.4443
16:22:00	3.1620	34.8843	169.4443
16:22:05	2.8381	34.9447	169.4456
16:22:10	2.5142	35.0051	169.4464
16:22:15	2.1903	35.0655	169.4475
16:22:20	1.8664	35.1259	169.4479
16:22:25	1.5426	35.1862	169.4496
16:22:30	1.2187	35.2466	169.4498
16:22:35	0.8948	35.3069	169.4495
16:22:40	0.5709	35.3672	169.4506
16:22:45	0.2470	35.4276	169.4500
16:22:50	-0.0769	35.4879	169.4499
16:22:55	-0.4007	35.5482	169.4500
16:23:00	-0.7246	35.6085	169.4505
16:23:04	-1.0000	35.6598	37.3397
17:49:45	21.7414	54.4240	169.1650
17:49:50	21.4182	54.4904	169.1758
17:49:55	21.0949	54.5567	169.1854
17:50:00	20.7717	54.6227	169.1961
17:50:05	20.4484	54.6886	169.2058
17:50:10	20.1250	54.7543	169.2152
17:50:15	19.8017	54.8198	169.2241
17:50:20	19.4783	54.8851	169.2334
17:50:25	19.1549	54.9503	169.2426
17:50:30	18.8315	55.0152	169.2512
17:50:35	18.5081	55.0800	169.2587
17:50:40	18.1846	55.1447	169.2623
17:50:45	17.8611	55.2091	169.2665
17:50:50	17.5376	55.2735	169.2720
17:50:55	17.2141	55.3376	169.2803
17:51:00	16.8906	55.4016	169.2883
17:51:05	16.5670	55.4655	169.2956
17:51:10	16.2435	55.5292	169.3028
17:51:15	15.9199	55.5928	169.3100
17:51:20	15.5963	55.6563	169.3163
17:51:25	15.2727	55.7196	169.3237
17:51:30	14.9490	55.7828	169.3298
17:51:35	14.6254	55.8458	169.3364
17:51:40	14.3017	55.9088	169.3400
17:51:45	13.9781	55.9716	169.3430
17:51:50	13.6544	56.0343	169.3455
17:51:55	13.3307	56.0969	169.3511
17:52:00	13.0070	56.1594	169.3571
17:52:05	12.6832	56.2217	169.3624
17:52:10	12.3595	56.2840	169.3674
17:52:15	12.0357	56.3462	169.3727
17:52:20	11.7120	56.4082	169.3775
17:52:25	11.3882	56.4702	169.3826
17:52:30	11.0644	56.5321	169.3873
17:52:35	10.7406	56.5938	169.3907
17:52:40	10.4168	56.6555	169.3953
17:52:45	10.0930	56.7171	169.3968
17:52:50	9.7692	56.7787	169.3986
17:52:55	9.4454	56.8401	169.4017
17:53:00	9.1215	56.9015	169.4042
17:53:05	8.7977	56.9628	169.4089
17:53:10	8.4738	57.0240	169.4121
17:53:15	8.1500	57.0852	169.4157
17:53:20	7.8261	57.1463	169.4188
17:53:25	7.5022	57.2073	169.4213
17:53:30	7.1784	57.2683	169.4250
17:53:35	6.8545	57.3292	169.4274
17:53:40	6.5306	57.3901	169.4299
17:53:45	6.2067	57.4509	169.4313
17:53:50	5.8828	57.5117	169.4320
17:53:55	5.5589	57.5724	169.4330
17:54:00	5.2350	57.6331	169.4354
17:54:05	4.9111	57.6937	169.4371
17:54:10	4.5872	57.7543	169.4393
17:54:15	4.2633	57.8149	169.4408
17:54:20	3.9394	57.8754	169.4428
17:54:25	3.6155	57.9359	169.4441
17:54:30	3.2916	57.9964	169.4449
17:54:35	2.9677	58.0568	169.4468
17:54:40	2.6438	58.1172	169.4474
17:54:45	2.3199	58.1776	169.4484
17:54:50	1.9960	58.2380	169.4488
17:54:55	1.6721	58.2983	169.4494
17:55:00	1.3482	58.3587	169.4488
17:55:05	1.0243	58.4190	169.4501
17:55:10	0.7004	58.4794	169.4499
17:55:15	0.3766	58.5397	169.4502
17:55:20	0.0527	58.6000	169.4507
17:55:25	-0.2712	58.6603	169.4499
17:55:30	-0.5951	58.7206	169.4504
17:55:35	-0.9189	58.7810	169.4500
23:59:59	-999.00	-999.00	-999.00
