2024/09/20 EARTHCARE
GMT	SUBLAT[N+]	SUBLON[W+]	HEADING
03:48:56	-0.9345	26.8580	10.5548
03:49:01	-0.6109	26.9183	10.5552
03:49:06	-0.2872	26.9786	10.5537
03:49:11	0.0359	27.0352	10.5535
03:49:16	0.3596	27.0955	10.5537
03:49:21	0.6833	27.1558	10.5540
03:49:26	1.0070	27.2161	10.5546
03:49:31	1.3307	27.2765	10.5549
03:49:36	1.6544	27.3368	10.5559
03:49:41	1.9782	27.3972	10.5555
03:49:46	2.3019	27.4575	10.5567
03:49:51	2.6256	27.5179	10.5582
03:49:56	2.9493	27.5783	10.5588
03:50:01	3.2730	27.6387	10.5581
03:50:06	3.5968	27.6992	10.5595
03:50:11	3.9205	27.7597	10.5607
03:50:16	4.2442	27.8202	10.5624
03:50:21	4.5679	27.8808	10.5630
03:50:26	4.8917	27.9413	10.5649
03:50:31	5.2154	28.0020	10.5673
03:50:36	5.5391	28.0626	10.5688
03:50:41	5.8628	28.1233	10.5715
03:50:46	6.1865	28.1841	10.5736
03:50:51	6.5103	28.2449	10.5759
03:50:56	6.8340	28.3057	10.5785
03:51:01	7.1577	28.3667	10.5797
03:51:06	7.4814	28.4276	10.5807
03:51:11	7.8051	28.4887	10.5831
03:51:16	8.1288	28.5497	10.5860
03:51:21	8.4525	28.6109	10.5886
03:51:26	8.7761	28.6721	10.5916
03:51:31	9.0998	28.7334	10.5960
03:51:36	9.4235	28.7948	10.5994
03:51:41	9.7472	28.8562	10.6033
03:51:46	10.0708	28.9177	10.6076
03:51:51	10.3945	28.9793	10.6114
03:51:56	10.7181	29.0410	10.6157
03:52:01	11.0418	29.1028	10.6190
03:52:06	11.3654	29.1646	10.6210
03:52:11	11.6890	29.2266	10.6226
03:52:16	12.0126	29.2886	10.6266
03:52:21	12.3362	29.3508	10.6326
03:52:26	12.6598	29.4130	10.6367
03:52:31	12.9834	29.4754	10.6427
03:52:36	13.3069	29.5379	10.6476
03:52:41	13.6305	29.6004	10.6537
03:52:46	13.9540	29.6631	10.6596
03:52:51	14.2775	29.7259	10.6659
03:52:56	14.6010	29.7888	10.6717
03:53:01	14.9245	29.8519	10.6783
03:53:06	15.2480	29.9151	10.6808
03:53:11	15.5715	29.9784	10.6839
03:53:16	15.8949	30.0418	10.6883
03:53:21	16.2184	30.1054	10.6956
03:53:26	16.5418	30.1691	10.7016
03:53:31	16.8652	30.2329	10.7099
03:53:36	17.1886	30.2969	10.7175
03:53:41	17.5120	30.3611	10.7249
03:53:46	17.8353	30.4254	10.7327
03:53:51	18.1587	30.4898	10.7407
03:53:56	18.4820	30.5545	10.7493
03:54:01	18.8053	30.6193	10.7574
03:54:06	19.1286	30.6842	10.7641
03:54:11	19.4518	30.7493	10.7682
03:54:16	19.7751	30.8146	10.7735
03:54:21	20.0983	30.8801	10.7815
03:54:26	20.4215	30.9458	10.7906
03:54:31	20.7447	31.0116	10.8001
03:54:36	21.0678	31.0777	10.8100
03:54:41	21.3909	31.1439	10.8203
03:54:46	21.7141	31.2103	10.8299
03:54:50	21.9961	31.2685	139.1381
05:21:32	-0.7391	50.0309	10.5543
05:21:37	-0.4154	50.0912	10.5546
05:21:42	-0.0917	50.1515	10.5545
05:21:47	0.2301	50.2091	10.5540
05:21:52	0.5538	50.2695	10.5541
05:21:57	0.8775	50.3298	10.5542
05:22:02	1.2012	50.3901	10.5546
05:22:07	1.5249	50.4504	10.5547
05:22:12	1.8487	50.5108	10.5553
05:22:17	2.1724	50.5711	10.5558
05:22:22	2.4961	50.6315	10.5567
05:22:27	2.8198	50.6919	10.5581
05:22:32	3.1435	50.7523	10.5593
05:22:37	3.4673	50.8128	10.5601
05:22:42	3.7910	50.8733	10.5614
05:22:47	4.1147	50.9338	10.5625
05:22:52	4.4385	50.9943	10.5638
05:22:57	4.7622	51.0549	10.5652
05:23:02	5.0859	51.1155	10.5661
05:23:07	5.4096	51.1761	10.5666
05:23:12	5.7334	51.2368	10.5685
05:23:17	6.0571	51.2976	10.5711
05:23:22	6.3808	51.3583	10.5731
05:23:27	6.7045	51.4192	10.5767
05:23:32	7.0282	51.4801	10.5781
05:23:37	7.3519	51.5410	10.5810
05:23:42	7.6757	51.6020	10.5844
05:23:47	7.9994	51.6631	10.5875
05:23:52	8.3230	51.7242	10.5903
05:23:57	8.6467	51.7854	10.5934
05:24:02	8.9704	51.8467	10.5946
05:24:07	9.2941	51.9080	10.5955
05:24:12	9.6178	51.9694	10.5985
05:24:17	9.9414	52.0309	10.6029
05:24:22	10.2651	52.0925	10.6070
05:24:27	10.5887	52.1541	10.6116
05:24:32	10.9124	52.2158	10.6158
05:24:37	11.2360	52.2777	10.6204
05:24:42	11.5596	52.3396	10.6249
05:24:47	11.8833	52.4016	10.6297
05:24:52	12.2069	52.4637	10.6349
05:24:57	12.5305	52.5259	10.6399
05:25:02	12.8540	52.5882	10.6420
05:25:07	13.1776	52.6507	10.6446
05:25:12	13.5012	52.7132	10.6474
05:25:17	13.8247	52.7758	10.6527
05:25:22	14.1482	52.8386	10.6592
05:25:27	14.4718	52.9014	10.6653
05:25:32	14.7953	52.9644	10.6717
05:25:37	15.1188	53.0276	10.6778
05:25:42	15.4422	53.0908	10.6844
05:25:47	15.7657	53.1542	10.6916
05:25:52	16.0892	53.2177	10.6980
05:25:57	16.4126	53.2814	10.7058
05:26:02	16.7360	53.3452	10.7102
05:26:07	17.0594	53.4091	10.7147
05:26:12	17.3828	53.4732	10.7180
05:26:17	17.7062	53.5375	10.7252
05:26:22	18.0295	53.6018	10.7326
05:26:27	18.3528	53.6664	10.7415
05:26:32	18.6761	53.7311	10.7496
05:26:37	18.9994	53.7960	10.7577
05:26:42	19.3227	53.8611	10.7665
05:26:47	19.6460	53.9263	10.7759
05:26:52	19.9692	53.9917	10.7849
05:26:57	20.2924	54.0573	10.7951
05:27:02	20.6156	54.1231	10.8040
05:27:07	20.9388	54.1890	10.8091
05:27:12	21.2619	54.2552	10.8140
05:27:17	21.5850	54.3216	10.8216
05:27:22	21.9081	54.3881	10.8310
15:17:33	21.8892	16.3204	169.1658
15:17:38	21.5657	16.3870	169.1761
15:17:43	21.2423	16.4534	169.1870
15:17:48	20.9188	16.5196	169.1969
15:17:53	20.5953	16.5856	169.2064
15:17:58	20.2718	16.6514	169.2154
15:18:03	19.9482	16.7170	169.2202
15:18:08	19.6247	16.7825	169.2245
15:18:13	19.3011	16.8477	169.2316
15:18:18	18.9774	16.9128	169.2400
15:18:23	18.6538	16.9778	169.2488
15:18:28	18.3302	17.0425	169.2573
15:18:33	18.0065	17.1071	169.2653
15:18:38	17.6828	17.1715	169.2729
15:18:43	17.3591	17.2358	169.2810
15:18:48	17.0354	17.2999	169.2887
15:18:53	16.7116	17.3639	169.2967
15:18:58	16.3878	17.4278	169.3044
15:19:03	16.0641	17.4914	169.3083
15:19:08	15.7403	17.5550	169.3120
15:19:13	15.4165	17.6184	169.3148
15:19:18	15.0926	17.6817	169.3216
15:19:23	14.7688	17.7449	169.3279
15:19:28	14.4449	17.8079	169.3346
15:19:33	14.1211	17.8708	169.3400
15:19:38	13.7972	17.9336	169.3465
15:19:43	13.4733	17.9963	169.3519
15:19:48	13.1494	18.0588	169.3576
15:19:53	12.8254	18.1213	169.3628
15:19:58	12.5015	18.1836	169.3685
15:20:03	12.1776	18.2459	169.3736
15:20:08	11.8536	18.3080	169.3748
15:20:13	11.5296	18.3701	169.3771
15:20:18	11.2057	18.4320	169.3800
15:20:23	10.8817	18.4939	169.3848
15:20:28	10.5577	18.5557	169.3892
15:20:33	10.2337	18.6173	169.3930
15:20:38	9.9097	18.6789	169.3981
15:20:43	9.5856	18.7405	169.4011
15:20:48	9.2616	18.8019	169.4059
15:20:53	8.9376	18.8633	169.4087
15:20:58	8.6135	18.9246	169.4126
15:21:03	8.2895	18.9858	169.4168
15:21:08	7.9654	19.0470	169.4190
15:21:13	7.6414	19.1081	169.4195
15:21:18	7.3173	19.1691	169.4205
15:21:23	6.9932	19.2301	169.4234
15:21:28	6.6692	19.2910	169.4261
15:21:33	6.3451	19.3519	169.4289
15:21:38	6.0210	19.4127	169.4313
15:21:43	5.6969	19.4735	169.4330
15:21:48	5.3729	19.5342	169.4361
15:21:53	5.0488	19.5949	169.4376
15:21:58	4.7247	19.6556	169.4396
15:22:03	4.4006	19.7162	169.4410
15:22:08	4.0765	19.7768	169.4427
15:22:13	3.7524	19.8373	169.4431
15:22:18	3.4283	19.8978	169.4436
15:22:23	3.1043	19.9583	169.4444
15:22:28	2.7802	20.0188	169.4457
15:22:33	2.4561	20.0792	169.4466
15:22:38	2.1320	20.1396	169.4475
15:22:43	1.8079	20.2000	169.4483
15:22:48	1.4839	20.2604	169.4491
15:22:53	1.1598	20.3208	169.4494
15:22:58	0.8357	20.3812	169.4501
15:23:03	0.5117	20.4415	169.4494
15:23:08	0.1876	20.5019	169.4496
15:23:13	-0.1365	20.5622	169.4497
15:23:18	-0.4605	20.6226	169.4506
15:23:23	-0.7845	20.6829	169.4501
16:50:04	22.0208	39.4303	169.1584
16:50:09	21.6974	39.4970	169.1663
16:50:14	21.3739	39.5635	169.1761
16:50:19	21.0505	39.6297	169.1873
16:50:24	20.7270	39.6958	169.1974
16:50:29	20.4035	39.7617	169.2064
16:50:34	20.0799	39.8274	169.2164
16:50:39	19.7564	39.8929	169.2255
16:50:44	19.4328	39.9583	169.2347
16:50:49	19.1092	40.0234	169.2439
16:50:54	18.7856	40.0884	169.2518
16:50:59	18.4619	40.1532	169.2584
16:51:04	18.1383	40.2179	169.2623
16:51:09	17.8146	40.2824	169.2664
16:51:14	17.4909	40.3467	169.2735
16:51:19	17.1672	40.4109	169.2817
16:51:24	16.8434	40.4749	169.2889
16:51:29	16.5197	40.5388	169.2964
16:51:34	16.1959	40.6026	169.3034
16:51:39	15.8721	40.6662	169.3110
16:51:44	15.5483	40.7297	169.3178
16:51:49	15.2245	40.7930	169.3244
16:51:54	14.9007	40.8562	169.3314
16:51:59	14.5768	40.9193	169.3364
16:52:04	14.2530	40.9822	169.3399
16:52:09	13.9291	41.0451	169.3423
16:52:14	13.6052	41.1078	169.3457
16:52:19	13.2813	41.1704	169.3513
16:52:24	12.9574	41.2329	169.3571
16:52:29	12.6334	41.2953	169.3635
16:52:34	12.3095	41.3576	169.3684
16:52:39	11.9856	41.4198	169.3728
16:52:44	11.6616	41.4819	169.3785
16:52:49	11.3376	41.5439	169.3829
16:52:54	11.0137	41.6057	169.3869
16:52:59	10.6897	41.6676	169.3918
16:53:04	10.3657	41.7293	169.3948
16:53:09	10.0417	41.7909	169.3962
16:53:14	9.7176	41.8525	169.3982
16:53:19	9.3936	41.9139	169.4012
16:53:24	9.0696	41.9753	169.4054
16:53:29	8.7456	42.0367	169.4083
16:53:34	8.4215	42.0979	169.4125
16:53:39	8.0975	42.1591	169.4162
16:53:44	7.7734	42.2202	169.4193
16:53:49	7.4494	42.2813	169.4217
16:53:54	7.1253	42.3423	169.4246
16:53:59	6.8012	42.4033	169.4271
16:54:04	6.4772	42.4642	169.4307
16:54:09	6.1531	42.5250	169.4311
16:54:14	5.8290	42.5858	169.4320
16:54:19	5.5049	42.6465	169.4330
16:54:24	5.1808	42.7072	169.4353
16:54:29	4.8568	42.7679	169.4372
16:54:34	4.5327	42.8285	169.4393
16:54:39	4.2086	42.8891	169.4407
16:54:44	3.8845	42.9497	169.4427
16:54:49	3.5604	43.0102	169.4440
16:54:54	3.2363	43.0707	169.4450
16:54:59	2.9123	43.1312	169.4460
16:55:04	2.5882	43.1916	169.4467
16:55:09	2.2641	43.2520	169.4476
16:55:14	1.9400	43.3125	169.4479
16:55:19	1.6160	43.3728	169.4487
16:55:24	1.2919	43.4332	169.4488
16:55:29	0.9678	43.4936	169.4493
16:55:34	0.6438	43.5540	169.4501
16:55:39	0.3197	43.6143	169.4505
16:55:44	-0.0043	43.6747	169.4494
16:55:49	-0.3284	43.7350	169.4495
16:55:54	-0.6524	43.7954	169.4491
16:55:59	-0.9765	43.8557	169.4511
23:59:59	-999.00	-999.00	-999.00
