2024/09/02 EARTHCARE
GMT	SUBLAT[N+]	SUBLON[W+]	HEADING
02:29:59	22.6073	10.0402	10.8562
02:30:04	22.9302	10.1074	10.8673
02:30:09	23.2530	10.1748	10.8789
02:30:14	23.5759	10.2424	10.8906
02:30:19	23.8987	10.3103	10.9018
02:30:24	24.2215	10.3784	10.9095
02:30:29	24.5443	10.4468	10.9159
02:30:34	24.8671	10.5153	10.9240
03:55:26	-4.9353	27.8894	10.5648
03:55:31	-4.6118	27.9500	10.5633
03:55:36	-4.2882	28.0105	10.5615
03:55:41	-3.9647	28.0710	10.5602
03:55:46	-3.6411	28.1314	10.5594
03:55:51	-3.3175	28.1918	10.5583
03:55:56	-2.9939	28.2522	10.5586
03:56:01	-2.6703	28.3126	10.5570
03:56:06	-2.3467	28.3730	10.5550
03:56:11	-2.0231	28.4333	10.5543
03:56:16	-1.6995	28.4936	10.5543
03:56:21	-1.3759	28.5539	10.5539
03:56:26	-1.0523	28.6142	10.5522
03:56:31	-0.7286	28.6745	10.5520
03:56:36	-0.4050	28.7348	10.5525
03:56:41	-0.0814	28.7951	10.5517
03:56:46	0.2423	28.8531	10.5519
03:56:51	0.5659	28.9134	10.5513
03:56:56	0.8896	28.9737	10.5520
03:57:01	1.2133	29.0340	10.5523
03:57:06	1.5369	29.0943	10.5527
03:57:11	1.8606	29.1547	10.5526
03:57:16	2.1843	29.2150	10.5537
03:57:21	2.5080	29.2754	10.5538
03:57:26	2.8316	29.3357	10.5551
03:57:31	3.1553	29.3961	10.5565
03:57:36	3.4790	29.4566	10.5581
03:57:41	3.8027	29.5170	10.5593
03:57:46	4.1264	29.5775	10.5613
03:57:51	4.4500	29.6380	10.5620
03:57:56	4.7737	29.6986	10.5625
03:58:01	5.0974	29.7592	10.5632
03:58:06	5.4211	29.8198	10.5656
03:58:11	5.7447	29.8805	10.5675
03:58:16	6.0684	29.9412	10.5692
03:58:21	6.3920	30.0019	10.5714
03:58:26	6.7157	30.0628	10.5742
03:58:31	7.0394	30.1236	10.5774
03:58:36	7.3630	30.1845	10.5803
03:58:41	7.6866	30.2455	10.5828
03:58:46	8.0103	30.3066	10.5859
03:58:51	8.3339	30.3677	10.5887
03:58:56	8.6575	30.4288	10.5903
03:59:01	8.9812	30.4901	10.5914
03:59:06	9.3048	30.5514	10.5949
03:59:11	9.6284	30.6128	10.5972
03:59:16	9.9520	30.6743	10.6016
03:59:21	10.2755	30.7358	10.6057
03:59:26	10.5991	30.7974	10.6101
03:59:31	10.9227	30.8591	10.6145
03:59:36	11.2462	30.9209	10.6184
03:59:41	11.5698	30.9828	10.6236
03:59:46	11.8933	31.0448	10.6284
03:59:51	12.2169	31.1069	10.6329
03:59:56	12.5404	31.1691	10.6363
04:00:01	12.8639	31.2314	10.6393
04:00:06	13.1874	31.2938	10.6418
04:00:11	13.5108	31.3563	10.6464
04:00:16	13.8343	31.4189	10.6525
04:00:21	14.1578	31.4816	10.6582
04:00:26	14.4812	31.5445	10.6643
04:00:31	14.8046	31.6075	10.6708
04:00:36	15.1280	31.6706	10.6770
04:00:41	15.4514	31.7338	10.6836
04:00:46	15.7748	31.7972	10.6906
04:00:51	16.0981	31.8607	10.6972
04:00:56	16.4215	31.9243	10.7035
04:01:01	16.7448	31.9881	10.7068
04:01:06	17.0681	32.0520	10.7108
04:01:11	17.3914	32.1160	10.7157
04:01:16	17.7147	32.1803	10.7239
04:01:21	18.0379	32.2446	10.7321
04:01:26	18.3611	32.3092	10.7408
04:01:31	18.6844	32.3739	10.7483
04:01:36	19.0076	32.4387	10.7570
04:01:41	19.3307	32.5038	10.7660
04:01:46	19.6539	32.5690	10.7748
04:01:51	19.9770	32.6343	10.7846
04:01:56	20.3001	32.6999	10.7940
04:02:01	20.6232	32.7657	10.8005
04:02:06	20.9463	32.8316	10.8056
04:02:11	21.2693	32.8977	10.8105
04:02:16	21.5923	32.9641	10.8204
04:02:21	21.9153	33.0306	10.8307
04:02:26	22.2383	33.0973	10.8415
04:02:31	22.5612	33.1643	10.8524
04:02:36	22.8841	33.2315	10.8637
04:02:41	23.2070	33.2988	10.8753
04:02:46	23.5299	33.3664	10.8871
04:02:51	23.8527	33.4343	10.8992
04:02:56	24.1755	33.5023	10.9116
04:03:01	24.4983	33.5707	10.9228
04:03:06	24.8210	33.6392	10.9303
05:27:58	-4.9353	51.0231	10.5648
05:28:03	-4.6118	51.0836	10.5632
05:28:08	-4.2882	51.1441	10.5614
05:28:13	-3.9647	51.2046	10.5602
05:28:18	-3.6411	51.2651	10.5586
05:28:23	-3.3175	51.3255	10.5592
05:28:28	-2.9939	51.3859	10.5577
05:28:33	-2.6703	51.4463	10.5568
05:28:38	-2.3467	51.5066	10.5556
05:28:43	-2.0231	51.5670	10.5541
05:28:48	-1.6995	51.6273	10.5543
05:28:53	-1.3759	51.6876	10.5537
05:28:58	-1.0523	51.7479	10.5522
05:29:03	-0.7286	51.8082	10.5520
05:29:08	-0.4050	51.8685	10.5523
05:29:13	-0.0813	51.9288	10.5517
05:29:18	0.2423	51.9881	10.5519
05:29:23	0.5660	52.0484	10.5519
05:29:28	0.8896	52.1087	10.5520
05:29:33	1.2133	52.1690	10.5524
05:29:38	1.5370	52.2293	10.5518
05:29:43	1.8606	52.2896	10.5533
05:29:48	2.1843	52.3500	10.5537
05:29:53	2.5080	52.4103	10.5547
05:29:58	2.8317	52.4707	10.5562
05:30:03	3.1553	52.5311	10.5563
05:30:08	3.4790	52.5915	10.5581
05:30:13	3.8027	52.6520	10.5595
05:30:18	4.1264	52.7125	10.5613
05:30:23	4.4500	52.7730	10.5622
05:30:28	4.7737	52.8335	10.5625
05:30:33	5.0974	52.8941	10.5634
05:30:38	5.4210	52.9547	10.5648
05:30:43	5.7447	53.0154	10.5668
05:30:48	6.0684	53.0761	10.5692
05:30:53	6.3920	53.1369	10.5716
05:30:58	6.7157	53.1977	10.5752
05:31:03	7.0393	53.2586	10.5776
05:31:08	7.3630	53.3195	10.5803
05:31:13	7.6866	53.3805	10.5820
05:31:18	8.0103	53.4415	10.5860
05:31:23	8.3339	53.5026	10.5887
05:31:28	8.6575	53.5638	10.5903
05:31:33	8.9811	53.6250	10.5916
05:31:38	9.3047	53.6864	10.5941
05:31:43	9.6283	53.7477	10.5972
05:31:48	9.9519	53.8092	10.6016
05:31:53	10.2755	53.8708	10.6058
05:31:58	10.5991	53.9324	10.6094
05:32:03	10.9227	53.9941	10.6137
05:32:08	11.2462	54.0559	10.6192
05:32:13	11.5698	54.1178	10.6236
05:32:18	11.8933	54.1798	10.6286
05:32:23	12.2168	54.2419	10.6337
05:32:28	12.5403	54.3041	10.6363
05:32:33	12.8638	54.3663	10.6393
05:32:38	13.1873	54.4287	10.6408
05:32:43	13.5108	54.4912	10.6464
05:32:48	13.8343	54.5539	10.6525
05:32:53	14.1577	54.6166	10.6582
05:32:58	14.4811	54.6794	10.6643
05:33:03	14.8046	54.7424	10.6708
05:33:08	15.1280	54.8055	10.6770
05:33:13	15.4514	54.8687	10.6836
05:33:18	15.7747	54.9321	10.6897
05:33:23	16.0981	54.9956	10.6972
05:33:28	16.4214	55.0592	10.7043
05:33:33	16.7447	55.1230	10.7068
05:33:38	17.0681	55.1869	10.7108
05:33:43	17.3913	55.2510	10.7167
05:33:48	17.7146	55.3152	10.7245
05:33:53	18.0379	55.3796	10.7321
05:33:58	18.3611	55.4441	10.7402
05:34:03	18.6843	55.5088	10.7483
05:34:08	19.0075	55.5737	10.7570
05:34:13	19.3307	55.6387	10.7662
05:34:18	19.6538	55.7039	10.7746
05:34:23	19.9769	55.7693	10.7847
05:34:28	20.3000	55.8349	10.7940
05:34:33	20.6231	55.9006	10.8013
05:34:38	20.9462	55.9665	10.8058
05:34:43	21.2692	56.0327	10.8107
05:34:48	21.5922	56.0990	10.8198
05:34:53	21.9152	56.1655	10.8309
05:34:58	22.2382	56.2323	10.8415
05:35:03	22.5611	56.2992	10.8524
05:35:08	22.8840	56.3664	10.8629
05:35:13	23.2069	56.4338	10.8753
05:35:18	23.5298	56.5014	10.8873
05:35:23	23.8526	56.5692	10.8985
05:35:28	24.1754	56.6373	10.9110
05:35:33	24.4982	56.7056	10.9228
05:35:38	24.8209	56.7741	10.9296
15:24:14	24.9354	17.4448	169.0696
15:24:19	24.6122	17.5136	169.0825
15:24:24	24.2889	17.5820	169.0944
15:24:29	23.9657	17.6502	169.1076
15:24:34	23.6424	17.7182	169.1172
15:24:39	23.3190	17.7860	169.1236
15:24:44	22.9957	17.8535	169.1305
15:24:49	22.6723	17.9208	169.1393
15:24:54	22.3489	17.9879	169.1502
15:24:59	22.0255	18.0548	169.1615
15:25:04	21.7020	18.1215	169.1719
15:25:09	21.3785	18.1879	169.1825
15:25:14	21.0550	18.2542	169.1931
15:25:19	20.7315	18.3203	169.2024
15:25:24	20.4079	18.3862	169.2128
15:25:29	20.0843	18.4519	169.2222
15:25:34	19.7607	18.5174	169.2313
15:25:39	19.4371	18.5827	169.2374
15:25:44	19.1135	18.6478	169.2418
15:25:49	18.7898	18.7128	169.2462
15:25:54	18.4661	18.7777	169.2546
15:25:59	18.1424	18.8423	169.2633
15:26:04	17.8187	18.9068	169.2708
15:26:09	17.4949	18.9711	169.2788
15:26:14	17.1711	19.0353	169.2863
15:26:19	16.8473	19.0994	169.2941
15:26:24	16.5235	19.1632	169.3017
15:26:29	16.1997	19.2270	169.3089
15:26:34	15.8758	19.2906	169.3163
15:26:39	15.5520	19.3541	169.3226
15:26:44	15.2281	19.4174	169.3250
15:26:49	14.9042	19.4806	169.3279
15:26:54	14.5803	19.5437	169.3321
15:26:59	14.2564	19.6066	169.3398
15:27:04	13.9324	19.6695	169.3445
15:27:09	13.6085	19.7322	169.3507
15:27:14	13.2845	19.7948	169.3570
15:27:19	12.9605	19.8573	169.3621
15:27:24	12.6365	19.9197	169.3675
15:27:29	12.3125	19.9820	169.3726
15:27:34	11.9885	20.0441	169.3780
15:27:39	11.6644	20.1062	169.3828
15:27:44	11.3404	20.1682	169.3864
15:27:49	11.0163	20.2301	169.3877
15:27:54	10.6922	20.2919	169.3903
15:27:59	10.3682	20.3536	169.3942
15:28:04	10.0441	20.4153	169.3982
15:28:09	9.7200	20.4768	169.4018
15:28:14	9.3959	20.5383	169.4067
15:28:19	9.0717	20.5997	169.4100
15:28:24	8.7476	20.6610	169.4131
15:28:29	8.4235	20.7223	169.4171
15:28:34	8.0994	20.7835	169.4198
15:28:39	7.7752	20.8446	169.4231
15:28:44	7.4511	20.9057	169.4256
15:28:49	7.1269	20.9667	169.4277
15:28:54	6.8027	21.0276	169.4276
15:28:59	6.4786	21.0885	169.4303
15:29:04	6.1544	21.1493	169.4324
15:29:09	5.8302	21.2101	169.4350
15:29:14	5.5060	21.2709	169.4371
15:29:19	5.1819	21.3316	169.4395
15:29:24	4.8577	21.3923	169.4414
15:29:29	4.5335	21.4529	169.4435
15:29:34	4.2093	21.5135	169.4450
15:29:39	3.8851	21.5740	169.4463
15:29:44	3.5609	21.6346	169.4476
15:29:49	3.2367	21.6951	169.4485
15:29:54	2.9125	21.7555	169.4495
15:29:59	2.5883	21.8160	169.4494
15:30:04	2.2641	21.8764	169.4511
15:30:09	1.9400	21.9368	169.4517
15:30:14	1.6158	21.9972	169.4525
15:30:19	1.2916	22.0576	169.4518
15:30:24	0.9674	22.1180	169.4531
15:30:29	0.6432	22.1783	169.4532
15:30:34	0.3190	22.2387	169.4528
15:30:39	-0.0051	22.2990	169.4533
15:30:44	-0.3293	22.3594	169.4533
15:30:49	-0.6535	22.4197	169.4529
15:30:54	-0.9776	22.4801	169.4528
15:30:59	-1.3018	22.5405	169.4520
15:31:04	-1.6259	22.6009	169.4525
15:31:09	-1.9501	22.6612	169.4517
15:31:14	-2.2742	22.7216	169.4502
15:31:19	-2.5983	22.7821	169.4502
15:31:24	-2.9224	22.8425	169.4493
15:31:29	-3.2466	22.9030	169.4479
15:31:34	-3.5707	22.9635	169.4460
15:31:39	-3.8948	23.0240	169.4446
15:31:44	-4.2188	23.0845	169.4433
15:31:49	-4.5429	23.1451	169.4417
15:31:54	-4.8670	23.2057	169.4393
16:56:46	24.9354	40.5790	169.0696
16:56:51	24.6122	40.6477	169.0825
16:56:56	24.2889	40.7162	169.0952
16:57:01	23.9657	40.7844	169.1068
16:57:06	23.6424	40.8524	169.1180
16:57:11	23.3190	40.9201	169.1244
16:57:16	22.9957	40.9876	169.1303
16:57:21	22.6723	41.0550	169.1393
16:57:26	22.3489	41.1220	169.1502
16:57:31	22.0255	41.1889	169.1615
16:57:36	21.7020	41.2556	169.1727
16:57:41	21.3785	41.3221	169.1817
16:57:46	21.0550	41.3883	169.1929
16:57:51	20.7315	41.4544	169.2030
16:57:56	20.4079	41.5203	169.2128
16:58:01	20.0844	41.5860	169.2222
16:58:06	19.7608	41.6515	169.2313
16:58:11	19.4371	41.7168	169.2374
16:58:16	19.1135	41.7820	169.2418
16:58:21	18.7898	41.8470	169.2464
16:58:26	18.4661	41.9118	169.2546
16:58:31	18.1424	41.9764	169.2625
16:58:36	17.8187	42.0409	169.2708
16:58:41	17.4949	42.1053	169.2789
16:58:46	17.1711	42.1695	169.2870
16:58:51	16.8473	42.2335	169.2949
16:58:56	16.5235	42.2974	169.3017
16:59:01	16.1997	42.3611	169.3097
16:59:06	15.8759	42.4247	169.3164
16:59:11	15.5520	42.4882	169.3218
16:59:16	15.2281	42.5515	169.3250
16:59:21	14.9042	42.6147	169.3289
16:59:26	14.5803	42.6778	169.3328
16:59:31	14.2564	42.7408	169.3390
16:59:36	13.9324	42.8036	169.3453
16:59:41	13.6085	42.8663	169.3506
16:59:46	13.2845	42.9289	169.3570
16:59:51	12.9605	42.9914	169.3630
16:59:56	12.6365	43.0538	169.3675
17:00:01	12.3125	43.1161	169.3726
17:00:06	11.9885	43.1783	169.3780
17:00:11	11.6644	43.2404	169.3827
17:00:16	11.3404	43.3024	169.3864
17:00:21	11.0163	43.3642	169.3877
17:00:26	10.6923	43.4261	169.3895
17:00:31	10.3682	43.4878	169.3941
17:00:36	10.0441	43.5494	169.3982
17:00:41	9.7200	43.6110	169.4018
17:00:46	9.3959	43.6724	169.4057
17:00:51	9.0718	43.7338	169.4100
17:00:56	8.7477	43.7952	169.4139
17:01:01	8.4235	43.8564	169.4171
17:01:06	8.0994	43.9176	169.4207
17:01:11	7.7752	43.9787	169.4239
17:01:16	7.4511	44.0398	169.4256
17:01:21	7.1269	44.1008	169.4277
17:01:26	6.8028	44.1618	169.4284
17:01:31	6.4786	44.2226	169.4303
17:01:36	6.1544	44.2835	169.4324
17:01:41	5.8303	44.3443	169.4350
17:01:46	5.5061	44.4050	169.4371
17:01:51	5.1819	44.4657	169.4395
17:01:56	4.8577	44.5264	169.4421
17:02:01	4.5335	44.5870	169.4426
17:02:06	4.2093	44.6476	169.4450
17:02:11	3.8851	44.7082	169.4461
17:02:16	3.5610	44.7687	169.4476
17:02:21	3.2368	44.8292	169.4485
17:02:26	2.9126	44.8897	169.4495
17:02:31	2.5884	44.9501	169.4494
17:02:36	2.2642	45.0105	169.4504
17:02:41	1.9400	45.0709	169.4509
17:02:46	1.6158	45.1313	169.4515
17:02:51	1.2916	45.1917	169.4527
17:02:56	0.9674	45.2521	169.4531
17:03:01	0.6433	45.3125	169.4532
17:03:06	0.3191	45.3728	169.4527
17:03:11	-0.0051	45.4332	169.4533
17:03:16	-0.3293	45.4935	169.4533
17:03:21	-0.6534	45.5539	169.4530
17:03:26	-0.9776	45.6142	169.4528
17:03:31	-1.3017	45.6746	169.4530
17:03:36	-1.6259	45.7350	169.4525
17:03:41	-1.9500	45.7954	169.4517
17:03:46	-2.2742	45.8558	169.4503
17:03:51	-2.5983	45.9162	169.4502
17:03:56	-2.9224	45.9766	169.4492
17:04:01	-3.2465	46.0371	169.4479
17:04:06	-3.5706	46.0976	169.4471
17:04:11	-3.8947	46.1581	169.4445
17:04:16	-4.2188	46.2186	169.4434
17:04:21	-4.5429	46.2792	169.4417
17:04:26	-4.8669	46.3398	169.4401
18:29:18	24.9354	63.7124	169.0694
18:29:23	24.6122	63.7811	169.0823
18:29:28	24.2889	63.8496	169.0950
18:29:33	23.9657	63.9178	169.1065
18:29:38	23.6424	63.9858	169.1180
18:29:43	23.3191	64.0535	169.1243
18:29:48	22.9957	64.1211	169.1304
18:29:53	22.6723	64.1884	169.1391
18:29:58	22.3489	64.2555	169.1509
18:30:03	22.0255	64.3224	169.1607
18:30:08	21.7021	64.3890	169.1726
18:30:13	21.3786	64.4555	169.1825
18:30:18	21.0551	64.5218	169.1929
18:30:23	20.7315	64.5878	169.2030
18:30:28	20.4080	64.6537	169.2126
18:30:33	20.0844	64.7194	169.2221
18:30:38	19.7608	64.7849	169.2311
18:30:43	19.4372	64.8503	169.2373
18:30:48	19.1135	64.9154	169.2416
18:30:53	18.7899	64.9804	169.2454
23:59:59	-999.00	-999.00	-999.00
