2024/09/02 EARTHCARE
GMT	SUBLAT[N+]	SUBLON[W+]	HEADING
03:56:26	-0.8699	28.6415	10.5530
03:56:31	-0.5463	28.7018	10.5518
03:56:36	-0.2227	28.7621	10.5519
03:56:41	0.1003	28.8181	10.5516
03:56:46	0.4240	28.8784	10.5520
03:56:51	0.7476	28.9387	10.5522
03:56:56	1.0713	28.9990	10.5527
03:57:01	1.3949	29.0593	10.5530
03:57:06	1.7186	29.1196	10.5539
03:57:11	2.0422	29.1800	10.5536
03:57:16	2.3659	29.2403	10.5546
03:57:21	2.6895	29.3007	10.5545
03:57:26	3.0132	29.3611	10.5558
03:57:31	3.3368	29.4215	10.5568
03:57:36	3.6605	29.4819	10.5574
03:57:41	3.9842	29.5424	10.5587
03:57:46	4.3078	29.6029	10.5604
03:57:51	4.6315	29.6634	10.5626
03:57:56	4.9551	29.7240	10.5644
03:58:01	5.2788	29.7846	10.5661
03:58:06	5.6024	29.8452	10.5692
03:58:11	5.9261	29.9059	10.5710
03:58:16	6.2497	29.9667	10.5726
03:58:21	6.5733	30.0275	10.5727
03:58:26	6.8970	30.0883	10.5736
03:58:31	7.2206	30.1492	10.5773
03:58:36	7.5442	30.2101	10.5802
03:58:41	7.8678	30.2712	10.5825
03:58:46	8.1915	30.3322	10.5864
03:58:51	8.5151	30.3934	10.5889
03:58:56	8.8387	30.4546	10.5929
03:59:01	9.1623	30.5159	10.5956
03:59:06	9.4858	30.5772	10.5995
03:59:11	9.8094	30.6386	10.6042
03:59:16	10.1330	30.7001	10.6068
03:59:21	10.4565	30.7617	10.6089
03:59:26	10.7801	30.8234	10.6099
03:59:31	11.1036	30.8852	10.6141
03:59:36	11.4272	30.9470	10.6185
03:59:41	11.7507	31.0090	10.6228
03:59:46	12.0742	31.0710	10.6282
03:59:51	12.3977	31.1331	10.6335
03:59:56	12.7212	31.1954	10.6382
04:00:01	13.0446	31.2577	10.6433
04:00:06	13.3681	31.3202	10.6491
04:00:11	13.6915	31.3827	10.6554
04:00:16	14.0150	31.4454	10.6610
04:00:21	14.3384	31.5082	10.6648
04:00:26	14.6618	31.5711	10.6666
04:00:31	14.9852	31.6342	10.6698
04:00:36	15.3085	31.6973	10.6764
04:00:41	15.6319	31.7606	10.6837
04:00:46	15.9552	31.8241	10.6905
04:00:51	16.2786	31.8876	10.6969
04:00:56	16.6019	31.9513	10.7047
04:01:01	16.9252	32.0152	10.7111
04:01:06	17.2484	32.0792	10.7188
04:01:11	17.5717	32.1433	10.7270
04:01:16	17.8949	32.2076	10.7354
04:01:21	18.2181	32.2721	10.7420
04:01:26	18.5413	32.3367	10.7455
04:01:31	18.8645	32.4015	10.7495
04:01:36	19.1877	32.4664	10.7564
04:01:41	19.5108	32.5316	10.7661
04:01:46	19.8339	32.5969	10.7745
04:01:51	20.1570	32.6623	10.7842
04:01:56	20.4801	32.7280	10.7932
04:02:01	20.8031	32.7938	10.8036
04:02:06	21.1261	32.8599	10.8133
04:02:11	21.4491	32.9261	10.8235
04:02:16	21.7721	32.9926	10.8341
15:24:57	22.0245	18.0482	169.1625
15:25:02	21.7010	18.1148	169.1738
15:25:07	21.3775	18.1813	169.1837
15:25:12	21.0540	18.2476	169.1941
15:25:17	20.7304	18.3136	169.2042
15:25:22	20.4069	18.3795	169.2140
15:25:27	20.0833	18.4452	169.2233
15:25:32	19.7597	18.5107	169.2324
15:25:37	19.4360	18.5760	169.2361
15:25:42	19.1124	18.6412	169.2404
15:25:47	18.7887	18.7062	169.2474
15:25:52	18.4650	18.7710	169.2549
15:25:57	18.1412	18.8356	169.2638
15:26:02	17.8175	18.9001	169.2721
15:26:07	17.4937	18.9645	169.2808
15:26:12	17.1700	19.0286	169.2884
15:26:17	16.8461	19.0927	169.2954
15:26:22	16.5223	19.1566	169.3038
15:26:27	16.1985	19.2203	169.3101
15:26:32	15.8746	19.2839	169.3167
15:26:37	15.5507	19.3474	169.3222
15:26:42	15.2268	19.4107	169.3255
15:26:47	14.9029	19.4739	169.3285
15:26:52	14.5790	19.5370	169.3340
15:26:57	14.2551	19.5999	169.3403
15:27:02	13.9311	19.6628	169.3458
15:27:07	13.6071	19.7255	169.3518
15:27:12	13.2831	19.7881	169.3582
15:27:17	12.9591	19.8506	169.3634
15:27:22	12.6351	19.9130	169.3689
15:27:27	12.3111	19.9752	169.3747
15:27:32	11.9871	20.0374	169.3791
15:27:37	11.6630	20.0995	169.3841
15:27:42	11.3389	20.1615	169.3860
15:27:47	11.0149	20.2234	169.3875
15:27:52	10.6908	20.2852	169.3907
15:27:57	10.3667	20.3469	169.3955
15:28:02	10.0426	20.4085	169.3988
15:28:07	9.7185	20.4701	169.4031
15:28:12	9.3943	20.5316	169.4071
15:28:17	9.0702	20.5930	169.4106
15:28:22	8.7461	20.6543	169.4143
15:28:27	8.4219	20.7155	169.4186
15:28:32	8.0978	20.7767	169.4213
15:28:37	7.7736	20.8378	169.4245
15:28:42	7.4494	20.8989	169.4269
15:28:47	7.1253	20.9599	169.4273
15:28:52	6.8011	21.0209	169.4282
15:28:57	6.4769	21.0818	169.4308
15:29:02	6.1527	21.1426	169.4330
15:29:07	5.8285	21.2034	169.4356
15:29:12	5.5043	21.2641	169.4377
15:29:17	5.1801	21.3248	169.4410
15:29:22	4.8559	21.3855	169.4419
15:29:27	4.5317	21.4461	169.4441
15:29:32	4.2075	21.5067	169.4457
15:29:37	3.8833	21.5673	169.4467
15:29:42	3.5591	21.6278	169.4489
15:29:47	3.2349	21.6883	169.4491
15:29:52	2.9106	21.7488	169.4493
15:29:57	2.5864	21.8092	169.4500
15:30:02	2.2622	21.8696	169.4510
15:30:07	1.9380	21.9300	169.4523
15:30:12	1.6138	21.9904	169.4523
15:30:17	1.2896	22.0508	169.4533
15:30:22	0.9654	22.1112	169.4539
15:30:27	0.6412	22.1716	169.4539
15:30:32	0.3170	22.2319	169.4541
15:30:37	-0.0072	22.2923	169.4539
15:30:42	-0.3314	22.3526	169.4541
15:30:47	-0.6556	22.4130	169.4535
15:30:52	-0.9762	22.4727	340.7540
23:59:59	-999.00	-999.00	-999.00
