2024/09/24 EARTHCARE
GMT	SUBLAT[N+]	SUBLON[W+]	HEADING
03:25:35	-4.9997	20.5425	10.5691
03:25:40	-4.6760	20.6031	10.5668
03:25:45	-4.3523	20.6637	10.5657
03:25:50	-4.0286	20.7242	10.5637
03:25:55	-3.7049	20.7847	10.5621
03:26:00	-3.3812	20.8452	10.5602
03:26:05	-3.0575	20.9056	10.5588
03:26:10	-2.7338	20.9661	10.5588
03:26:15	-2.4100	21.0265	10.5576
03:26:20	-2.0863	21.0868	10.5578
03:26:25	-1.7625	21.1472	10.5561
03:26:30	-1.4388	21.2076	10.5557
03:26:35	-1.1150	21.2679	10.5550
03:26:40	-0.7912	21.3283	10.5548
03:26:45	-0.4674	21.3886	10.5543
03:26:50	-0.1436	21.4489	10.5536
03:26:55	0.1803	21.5077	10.5549
03:27:00	0.5041	21.5680	10.5543
03:27:05	0.8279	21.6283	10.5544
03:27:10	1.1517	21.6887	10.5539
03:27:15	1.4756	21.7490	10.5549
03:27:20	1.7994	21.8094	10.5547
03:27:25	2.1232	21.8698	10.5552
03:27:30	2.4470	21.9302	10.5560
03:27:35	2.7709	21.9906	10.5576
03:27:40	3.0947	22.0510	10.5579
03:27:45	3.4186	22.1115	10.5595
03:27:50	3.7424	22.1720	10.5609
03:27:55	4.0662	22.2325	10.5628
03:28:00	4.3901	22.2930	10.5636
03:28:05	4.7139	22.3536	10.5657
03:28:10	5.0378	22.4143	10.5676
03:28:15	5.3616	22.4749	10.5682
03:28:20	5.6854	22.5356	10.5693
03:28:25	6.0093	22.5964	10.5700
03:28:30	6.3331	22.6572	10.5730
03:28:35	6.6569	22.7180	10.5748
03:28:40	6.9808	22.7789	10.5774
03:28:45	7.3046	22.8399	10.5810
03:28:50	7.6284	22.9009	10.5836
03:28:55	7.9522	22.9620	10.5858
03:29:00	8.2760	23.0231	10.5894
03:29:05	8.5998	23.0843	10.5937
03:29:10	8.9236	23.1456	10.5966
03:29:15	9.2474	23.2069	10.5983
03:29:20	9.5712	23.2684	10.6005
03:29:25	9.8950	23.3299	10.6015
03:29:30	10.2188	23.3914	10.6057
03:29:35	10.5426	23.4531	10.6095
03:29:40	10.8663	23.5149	10.6138
03:29:45	11.1901	23.5767	10.6184
03:29:50	11.5138	23.6386	10.6236
03:29:55	11.8375	23.7006	10.6285
03:30:00	12.1613	23.7628	10.6330
03:30:05	12.4850	23.8250	10.6388
03:30:10	12.8087	23.8873	10.6433
03:30:15	13.1324	23.9497	10.6485
03:30:20	13.4560	24.0123	10.6505
03:30:25	13.7797	24.0749	10.6533
03:30:30	14.1034	24.1377	10.6574
03:30:35	14.4270	24.2006	10.6634
03:30:40	14.7506	24.2636	10.6691
03:30:45	15.0742	24.3267	10.6753
03:30:50	15.3978	24.3899	10.6828
03:30:55	15.7214	24.4533	10.6890
03:31:00	16.0450	24.5168	10.6966
03:31:05	16.3685	24.5805	10.7035
03:31:10	16.6921	24.6443	10.7103
03:31:15	17.0156	24.7083	10.7182
03:31:20	17.3391	24.7724	10.7232
03:31:25	17.6626	24.8366	10.7269
03:31:30	17.9861	24.9010	10.7305
03:31:35	18.3095	24.9656	10.7384
03:31:40	18.6329	25.0303	10.7468
03:31:45	18.9564	25.0952	10.7545
03:31:50	19.2797	25.1602	10.7638
03:31:55	19.6031	25.2255	10.7723
03:32:00	19.9265	25.2909	10.7812
03:32:05	20.2498	25.3565	10.7917
03:32:10	20.5731	25.4222	10.8012
03:32:15	20.8964	25.4882	10.8106
03:32:20	21.2197	25.5544	10.8211
03:32:25	21.5429	25.6207	10.8271
03:32:30	21.8661	25.6873	10.8318
03:32:35	22.1893	25.7541	10.8385
03:32:40	22.5125	25.8210	10.8494
03:32:45	22.8357	25.8882	10.8615
03:32:50	23.1588	25.9556	10.8722
03:32:55	23.4819	26.0233	10.8839
03:33:00	23.8049	26.0911	10.8961
03:33:05	24.1280	26.1592	10.9077
03:33:10	24.4510	26.2275	10.9204
03:33:15	24.7740	26.2961	10.9325
04:58:07	-4.9997	43.6762	10.5689
04:58:12	-4.6761	43.7368	10.5668
04:58:17	-4.3524	43.7974	10.5649
04:58:22	-4.0287	43.8579	10.5636
04:58:27	-3.7050	43.9184	10.5621
04:58:32	-3.3813	43.9789	10.5600
04:58:37	-3.0576	44.0393	10.5588
04:58:42	-2.7338	44.0997	10.5588
04:58:47	-2.4101	44.1601	10.5583
04:58:52	-2.0863	44.2205	10.5578
04:58:57	-1.7626	44.2809	10.5568
04:59:02	-1.4388	44.3412	10.5557
04:59:07	-1.1150	44.4016	10.5549
04:59:12	-0.7913	44.4619	10.5548
04:59:17	-0.4675	44.5223	10.5542
04:59:22	-0.1437	44.5826	10.5543
04:59:27	0.1802	44.6425	10.5538
04:59:32	0.5040	44.7028	10.5541
04:59:37	0.8278	44.7631	10.5541
04:59:42	1.1516	44.8235	10.5554
04:59:47	1.4755	44.8838	10.5547
04:59:52	1.7993	44.9442	10.5554
04:59:57	2.1231	45.0046	10.5559
05:00:02	2.4470	45.0650	10.5559
05:00:07	2.7708	45.1254	10.5573
05:00:12	3.0946	45.1858	10.5585
05:00:17	3.4185	45.2463	10.5595
05:00:22	3.7423	45.3068	10.5608
05:00:27	4.0662	45.3673	10.5627
05:00:32	4.3900	45.4279	10.5643
05:00:37	4.7139	45.4885	10.5657
05:00:42	5.0377	45.5491	10.5674
05:00:47	5.3615	45.6097	10.5679
05:00:52	5.6854	45.6704	10.5689
05:00:57	6.0092	45.7312	10.5707
05:01:02	6.3331	45.7920	10.5721
05:01:07	6.6569	45.8528	10.5756
05:01:12	6.9807	45.9138	10.5772
05:01:17	7.3046	45.9747	10.5801
05:01:22	7.6284	46.0357	10.5834
05:01:27	7.9522	46.0968	10.5857
05:01:32	8.2760	46.1579	10.5893
05:01:37	8.5998	46.2192	10.5934
05:01:42	8.9236	46.2804	10.5964
05:01:47	9.2474	46.3418	10.5990
05:01:52	9.5712	46.4032	10.6003
05:01:57	9.8950	46.4647	10.6022
05:02:02	10.2188	46.5263	10.6055
05:02:07	10.5426	46.5879	10.6102
05:02:12	10.8663	46.6497	10.6134
05:02:17	11.1901	46.7115	10.6182
05:02:22	11.5138	46.7734	10.6226
05:02:27	11.8376	46.8355	10.6275
05:02:32	12.1613	46.8976	10.6330
05:02:37	12.4850	46.9598	10.6378
05:02:42	12.8087	47.0221	10.6432
05:02:47	13.1324	47.0846	10.6484
05:02:52	13.4561	47.1471	10.6514
05:02:57	13.7798	47.2097	10.6533
05:03:02	14.1034	47.2725	10.6572
05:03:07	14.4271	47.3354	10.6634
05:03:12	14.7507	47.3984	10.6690
05:03:17	15.0743	47.4615	10.6760
05:03:22	15.3979	47.5248	10.6826
05:03:27	15.7215	47.5882	10.6898
05:03:32	16.0451	47.6517	10.6955
05:03:37	16.3686	47.7154	10.7035
05:03:42	16.6922	47.7792	10.7108
05:03:47	17.0157	47.8431	10.7180
05:03:52	17.3392	47.9072	10.7230
05:03:57	17.6627	47.9715	10.7278
05:04:02	17.9862	48.0359	10.7311
05:04:07	18.3096	48.1004	10.7383
05:04:12	18.6331	48.1651	10.7466
05:04:17	18.9565	48.2300	10.7552
05:04:22	19.2799	48.2951	10.7644
05:04:27	19.6033	48.3603	10.7731
05:04:32	19.9266	48.4257	10.7820
05:04:37	20.2499	48.4913	10.7914
05:04:42	20.5733	48.5571	10.8020
05:04:47	20.8966	48.6231	10.8112
05:04:52	21.2198	48.6892	10.8217
05:04:57	21.5431	48.7556	10.8262
05:05:02	21.8663	48.8222	10.8324
05:05:07	22.1895	48.8889	10.8381
05:05:12	22.5127	48.9559	10.8499
05:05:17	22.8358	49.0231	10.8611
05:05:22	23.1590	49.0905	10.8727
05:05:27	23.4821	49.1581	10.8839
05:05:32	23.8051	49.2260	10.8959
05:05:37	24.1282	49.2941	10.9075
05:05:42	24.4512	49.3624	10.9203
05:05:47	24.7742	49.4310	10.9332
14:54:22	25.0031	10.0905	169.0591
14:54:27	24.6799	10.1593	169.0673
14:54:32	24.3567	10.2278	169.0797
14:54:37	24.0335	10.2961	169.0928
14:54:42	23.7103	10.3641	169.1045
14:54:47	23.3870	10.4320	169.1163
14:54:52	23.0637	10.4996	169.1278
14:54:57	22.7404	10.5669	169.1394
14:55:02	22.4170	10.6341	169.1502
14:55:07	22.0937	10.7010	169.1616
14:55:12	21.7703	10.7677	169.1724
14:55:17	21.4469	10.8343	169.1808
14:55:22	21.1234	10.9006	169.1862
14:55:27	20.7999	10.9667	169.1914
14:55:32	20.4764	11.0327	169.1985
14:55:37	20.1529	11.0984	169.2093
14:55:42	19.8294	11.1640	169.2181
14:55:47	19.5058	11.2294	169.2274
14:55:52	19.1823	11.2946	169.2364
14:55:57	18.8587	11.3596	169.2448
14:56:02	18.5351	11.4245	169.2540
14:56:07	18.2114	11.4892	169.2626
14:56:12	17.8878	11.5537	169.2707
14:56:17	17.5641	11.6181	169.2785
14:56:22	17.2404	11.6823	169.2826
14:56:27	16.9167	11.7464	169.2862
14:56:32	16.5930	11.8103	169.2904
14:56:37	16.2692	11.8741	169.2975
14:56:42	15.9455	11.9377	169.3048
14:56:47	15.6217	12.0013	169.3117
14:56:52	15.2979	12.0646	169.3182
14:56:57	14.9741	12.1279	169.3251
14:57:02	14.6503	12.1910	169.3315
14:57:07	14.3264	12.2540	169.3375
14:57:12	14.0026	12.3169	169.3438
14:57:17	13.6787	12.3796	169.3488
14:57:22	13.3549	12.4422	169.3543
14:57:27	13.0310	12.5048	169.3567
14:57:32	12.7071	12.5672	169.3597
14:57:37	12.3832	12.6295	169.3628
14:57:42	12.0593	12.6917	169.3680
14:57:47	11.7353	12.7538	169.3728
14:57:52	11.4114	12.8159	169.3779
14:57:57	11.0874	12.8778	169.3825
14:58:02	10.7635	12.9396	169.3867
14:58:07	10.4395	13.0014	169.3911
14:58:12	10.1155	13.0630	169.3960
14:58:17	9.7916	13.1246	169.3994
14:58:22	9.4676	13.1861	169.4033
14:58:27	9.1436	13.2475	169.4049
14:58:32	8.8196	13.3089	169.4068
14:58:37	8.4956	13.3701	169.4084
14:58:42	8.1715	13.4314	169.4118
14:58:47	7.8475	13.4925	169.4149
14:58:52	7.5235	13.5536	169.4181
14:58:57	7.1995	13.6146	169.4210
14:59:02	6.8754	13.6756	169.4233
14:59:07	6.5514	13.7365	169.4268
14:59:12	6.2274	13.7973	169.4290
14:59:17	5.9033	13.8581	169.4314
14:59:22	5.5793	13.9189	169.4332
14:59:27	5.2552	13.9796	169.4355
14:59:32	4.9312	14.0403	169.4355
14:59:37	4.6071	14.1009	169.4365
14:59:42	4.2831	14.1615	169.4380
14:59:47	3.9590	14.2221	169.4398
14:59:52	3.6350	14.2826	169.4403
14:59:57	3.3110	14.3431	169.4419
15:00:02	2.9869	14.4036	169.4439
15:00:07	2.6629	14.4641	169.4452
15:00:12	2.3388	14.5245	169.4453
15:00:17	2.0148	14.5849	169.4464
15:00:22	1.6907	14.6453	169.4471
15:00:27	1.3667	14.7057	169.4473
15:00:32	1.0427	14.7661	169.4476
15:00:37	0.7187	14.8265	169.4483
15:00:42	0.3946	14.8868	169.4475
15:00:47	0.0706	14.9472	169.4482
15:00:52	-0.2534	15.0075	169.4482
15:00:57	-0.5774	15.0679	169.4476
15:01:02	-0.9014	15.1283	169.4473
15:01:07	-1.2254	15.1886	169.4474
15:01:12	-1.5493	15.2490	169.4460
15:01:17	-1.8733	15.3094	169.4460
15:01:22	-2.1973	15.3698	169.4452
15:01:27	-2.5212	15.4302	169.4433
15:01:32	-2.8452	15.4906	169.4423
15:01:37	-3.1691	15.5511	169.4417
15:01:42	-3.4931	15.6116	169.4422
15:01:47	-3.8170	15.6721	169.4414
15:01:52	-4.1409	15.7326	169.4390
15:01:57	-4.4648	15.7932	169.4374
15:02:02	-4.7887	15.8538	169.4359
16:26:54	25.0042	33.2248	169.0599
16:26:59	24.6810	33.2936	169.0671
16:27:04	24.3578	33.3621	169.0796
16:27:09	24.0346	33.4304	169.0918
16:27:14	23.7114	33.4984	169.1046
16:27:19	23.3881	33.5663	169.1162
16:27:24	23.0648	33.6338	169.1277
16:27:29	22.7415	33.7012	169.1395
16:27:34	22.4181	33.7684	169.1511
16:27:39	22.0948	33.8353	169.1615
16:27:44	21.7714	33.9020	169.1723
16:27:49	21.4480	33.9686	169.1808
16:27:54	21.1245	34.0349	169.1861
16:27:59	20.8011	34.1010	169.1914
16:28:04	20.4776	34.1670	169.1984
16:28:09	20.1541	34.2327	169.2084
16:28:14	19.8305	34.2983	169.2182
16:28:19	19.5070	34.3637	169.2274
16:28:24	19.1834	34.4289	169.2364
16:28:29	18.8598	34.4939	169.2457
16:28:34	18.5362	34.5588	169.2539
16:28:39	18.2126	34.6235	169.2617
16:28:44	17.8889	34.6880	169.2699
16:28:49	17.5652	34.7524	169.2784
16:28:54	17.2416	34.8166	169.2835
16:28:59	16.9178	34.8807	169.2871
16:29:04	16.5941	34.9446	169.2903
16:29:09	16.2704	35.0084	169.2974
16:29:14	15.9466	35.0720	169.3047
16:29:19	15.6229	35.1355	169.3116
16:29:24	15.2991	35.1989	169.3189
16:29:29	14.9753	35.2622	169.3248
16:29:34	14.6515	35.3253	169.3314
16:29:39	14.3276	35.3883	169.3373
16:29:44	14.0038	35.4511	169.3437
16:29:49	13.6799	35.5139	169.3496
16:29:54	13.3561	35.5765	169.3550
16:29:59	13.0322	35.6391	169.3566
16:30:04	12.7083	35.7015	169.3585
16:30:09	12.3844	35.7638	169.3625
16:30:14	12.0605	35.8260	169.3679
16:30:19	11.7365	35.8881	169.3735
16:30:24	11.4126	35.9501	169.3778
16:30:29	11.0887	36.0121	169.3824
16:30:34	10.7647	36.0739	169.3874
16:30:39	10.4407	36.1356	169.3919
16:30:44	10.1168	36.1973	169.3950
16:30:49	9.7928	36.2589	169.3992
16:30:54	9.4688	36.3204	169.4032
16:30:59	9.1448	36.3818	169.4056
16:31:04	8.8208	36.4431	169.4069
16:31:09	8.4968	36.5044	169.4082
16:31:14	8.1728	36.5656	169.4117
16:31:19	7.8488	36.6268	169.4146
16:31:24	7.5248	36.6879	169.4181
16:31:29	7.2007	36.7489	169.4208
16:31:34	6.8767	36.8098	169.4240
16:31:39	6.5527	36.8708	169.4267
16:31:44	6.2286	36.9316	169.4287
16:31:49	5.9046	36.9924	169.4312
16:31:54	5.5806	37.0532	169.4339
16:31:59	5.2565	37.1139	169.4354
16:32:04	4.9325	37.1746	169.4362
16:32:09	4.6084	37.2352	169.4374
16:32:14	4.2844	37.2958	169.4379
16:32:19	3.9603	37.3564	169.4398
16:32:24	3.6363	37.4169	169.4410
16:32:29	3.3123	37.4774	169.4426
16:32:34	2.9882	37.5379	169.4437
16:32:39	2.6642	37.5984	169.4452
16:32:44	2.3401	37.6588	169.4451
16:32:49	2.0161	37.7192	169.4462
16:32:54	1.6921	37.7796	169.4470
16:32:59	1.3680	37.8400	169.4472
16:33:04	1.0440	37.9004	169.4474
16:33:09	0.7200	37.9607	169.4483
16:33:14	0.3960	38.0211	169.4483
16:33:19	0.0720	38.0815	169.4480
16:33:24	-0.2520	38.1418	169.4480
16:33:29	-0.5760	38.2022	169.4475
16:33:34	-0.9000	38.2625	169.4480
16:33:39	-1.2240	38.3229	169.4473
16:33:44	-1.5480	38.3833	169.4467
16:33:49	-1.8720	38.4437	169.4458
16:33:54	-2.1959	38.5041	169.4452
16:33:59	-2.5199	38.5645	169.4439
16:34:04	-2.8438	38.6249	169.4430
16:34:09	-3.1677	38.6854	169.4414
16:34:14	-3.4917	38.7458	169.4421
16:34:19	-3.8156	38.8063	169.4403
16:34:24	-4.1395	38.8669	169.4390
16:34:29	-4.4634	38.9274	169.4381
16:34:34	-4.7873	38.9880	169.4357
17:59:26	25.0024	56.3589	169.0590
17:59:31	24.6792	56.4276	169.0670
17:59:36	24.3560	56.4962	169.0795
17:59:41	24.0328	56.5645	169.0924
17:59:46	23.7096	56.6325	169.1044
17:59:51	23.3863	56.7003	169.1160
17:59:56	23.0630	56.7679	169.1282
18:00:01	22.7397	56.8353	169.1394
18:00:06	22.4164	56.9025	169.1501
18:00:11	22.0930	56.9694	169.1622
18:00:16	21.7696	57.0361	169.1724
18:00:21	21.4462	57.1026	169.1805
18:00:26	21.1227	57.1690	169.1860
18:00:31	20.7993	57.2351	169.1912
18:00:36	20.4758	57.3010	169.1990
18:00:41	20.1523	57.3668	169.2091
18:00:46	19.8288	57.4323	169.2179
18:00:51	19.5052	57.4977	169.2273
18:00:56	19.1816	57.5629	169.2362
18:01:01	18.8580	57.6280	169.2446
18:01:06	18.5344	57.6928	169.2538
18:01:11	18.2108	57.7575	169.2616
18:01:16	17.8871	57.8221	169.2697
18:01:21	17.5635	57.8864	169.2783
18:01:26	17.2398	57.9507	169.2824
18:01:31	16.9161	58.0147	169.2862
18:01:36	16.5924	58.0787	169.2894
18:01:41	16.2686	58.1425	169.2971
18:01:46	15.9449	58.2061	169.3046
18:01:51	15.6211	58.2696	169.3113
18:01:56	15.2973	58.3330	169.3180
18:02:01	14.9735	58.3962	169.3249
18:02:06	14.6497	58.4593	169.3313
18:02:11	14.3259	58.5223	169.3372
18:02:16	14.0020	58.5852	169.3436
18:02:21	13.6782	58.6480	169.3494
18:02:26	13.3543	58.7106	169.3541
18:02:31	13.0304	58.7731	169.3565
18:02:36	12.7065	58.8355	169.3585
18:02:41	12.3826	58.8978	169.3626
18:02:46	12.0587	58.9601	169.3687
18:02:51	11.7348	59.0222	169.3734
18:02:56	11.4109	59.0842	169.3777
18:03:01	11.0869	59.1461	169.3823
18:03:06	10.7630	59.2079	169.3873
18:03:11	10.4390	59.2697	169.3909
18:03:16	10.1150	59.3313	169.3949
18:03:21	9.7910	59.3929	169.3992
18:03:26	9.4671	59.4544	169.4031
18:03:31	9.1431	59.5158	169.4057
18:03:36	8.8191	59.5772	169.4067
18:03:41	8.4951	59.6385	169.4081
18:03:46	8.1711	59.6997	169.4116
18:03:51	7.8470	59.7608	169.4146
18:03:56	7.5230	59.8219	169.4179
18:04:01	7.1990	59.8829	169.4209
18:04:06	6.8750	59.9439	169.4241
18:04:11	6.5509	60.0048	169.4258
18:04:16	6.2269	60.0657	169.4287
18:04:21	5.9029	60.1265	169.4312
18:04:26	5.5788	60.1872	169.4340
18:04:31	5.2548	60.2479	169.4352
18:04:36	4.9307	60.3086	169.4353
18:04:41	4.6067	60.3693	169.4365
18:04:46	4.2827	60.4299	169.4378
18:04:51	3.9586	60.4904	169.4398
18:04:56	3.6346	60.5510	169.4410
18:05:01	3.3105	60.6115	169.4426
18:05:06	2.9865	60.6719	169.4437
18:05:11	2.6624	60.7324	169.4450
18:05:16	2.3384	60.7928	169.4461
18:05:21	2.0144	60.8532	169.4462
18:05:26	1.6903	60.9136	169.4470
18:05:31	1.3663	60.9740	169.4480
18:05:36	1.0423	61.0344	169.4484
18:05:41	0.7183	61.0948	169.4473
18:05:46	0.3943	61.1551	169.4473
18:05:51	0.0703	61.2155	169.4480
18:05:56	-0.2538	61.2758	169.4480
18:06:01	-0.5777	61.3362	169.4482
18:06:06	-0.9017	61.3966	169.4480
18:06:11	-1.2257	61.4569	169.4473
18:06:16	-1.5497	61.5173	169.4460
18:06:21	-1.8737	61.5777	169.4458
18:06:26	-2.1976	61.6381	169.4451
18:06:31	-2.5216	61.6985	169.4440
18:06:36	-2.8455	61.7589	169.4422
18:06:41	-3.1695	61.8194	169.4424
18:06:46	-3.4934	61.8799	169.4422
18:06:51	-3.8173	61.9404	169.4404
18:06:56	-4.1412	62.0009	169.4390
18:07:01	-4.4651	62.0615	169.4371
18:07:06	-4.7890	62.1221	169.4357
23:59:59	-999.00	-999.00	-999.00
