2024/11/13 EARTHCARE
GMT	SUBLAT[N+]	SUBLON[W+]	HEADING
00:29:50	35.0000	-17.6286	11.4477
00:29:55	35.3217	-17.5488	11.4638
00:30:00	35.6433	-17.4686	11.4868
00:30:05	35.9648	-17.3879	11.5109
00:30:10	36.2863	-17.3067	11.5370
00:30:15	36.6078	-17.2250	11.5624
00:30:20	36.9292	-17.1428	11.5885
00:30:25	37.2506	-17.0600	11.6161
00:30:30	37.5719	-16.9768	11.6427
00:30:35	37.8931	-16.8930	11.6709
00:30:40	38.2143	-16.8087	11.6996
00:30:45	38.5355	-16.7238	11.7292
00:30:50	38.8566	-16.6383	11.7503
00:30:55	39.1776	-16.5522	11.7713
00:31:00	39.4986	-16.4656	11.7947
00:31:05	39.8195	-16.3783	11.8262
00:31:10	40.1404	-16.2905	11.8586
00:31:15	40.4612	-16.2020	11.8906
00:31:20	40.7820	-16.1128	11.9239
00:31:25	41.1026	-16.0230	11.9576
00:31:30	41.4233	-15.9325	11.9924
00:31:35	41.7438	-15.8414	12.0269
00:31:40	42.0643	-15.7495	12.0632
00:31:45	42.3848	-15.6569	12.0995
00:31:50	42.7051	-15.5636	12.1339
00:31:55	43.0255	-15.4695	12.1620
00:32:00	43.3457	-15.3747	12.1913
00:32:05	43.6659	-15.2791	12.2269
00:32:10	43.9860	-15.1827	12.2678
00:32:15	44.3060	-15.0855	12.3083
00:32:20	44.6260	-14.9875	12.3500
00:32:25	44.9458	-14.8886	12.3929
00:32:30	45.2656	-14.7888	12.4365
00:32:35	45.5854	-14.6881	12.4811
00:32:40	45.9050	-14.5866	12.5265
00:32:45	46.2246	-14.4841	12.5725
00:32:50	46.5441	-14.3806	12.6201
00:32:55	46.8636	-14.2762	12.6606
00:33:00	47.1829	-14.1708	12.6994
00:33:05	47.5021	-14.0643	12.7400
00:33:10	47.8213	-13.9568	12.7905
00:33:15	48.1404	-13.8483	12.8428
00:33:20	48.4594	-13.7387	12.8966
00:33:25	48.7783	-13.6279	12.9511
00:33:30	49.0971	-13.5160	13.0067
00:33:35	49.4159	-13.4030	13.0628
00:33:40	49.7345	-13.2887	13.1210
00:33:45	50.0530	-13.1732	13.1798
00:33:50	50.3715	-13.0564	13.2401
00:33:55	50.6898	-12.9384	13.3000
00:34:00	51.0080	-12.8190	13.3520
00:34:05	51.3262	-12.6983	13.4053
00:34:10	51.6442	-12.5762	13.4651
00:34:15	51.9621	-12.4526	13.5318
00:34:20	52.2799	-12.3277	13.5998
00:34:25	52.5976	-12.2012	13.6701
00:34:30	52.9152	-12.0731	13.7416
00:34:35	53.2327	-11.9435	13.8148
00:34:40	53.5500	-11.8123	13.8891
00:34:45	53.8672	-11.6794	13.9657
00:34:50	54.1843	-11.5448	14.0435
00:34:55	54.5013	-11.4085	14.1232
00:35:00	54.8181	-11.2703	14.1978
00:35:05	55.1348	-11.1303	14.2697
00:35:10	55.4514	-10.9884	14.3434
00:35:15	55.7678	-10.8446	14.4288
00:35:20	56.0841	-10.6988	14.5177
00:35:25	56.4002	-10.5509	14.6084
00:35:30	56.7162	-10.4009	14.7018
00:35:35	57.0320	-10.2486	14.7973
00:35:40	57.3477	-10.0942	14.8951
00:35:45	57.6632	-9.9374	14.9947
00:35:50	57.9785	-9.7783	15.0968
00:35:55	58.2937	-9.6167	15.2021
00:36:00	58.6087	-9.4526	15.3089
00:36:05	58.9235	-9.2859	15.4068
00:36:10	59.2381	-9.1165	15.5075
00:36:15	59.5526	-8.9444	15.6135
00:36:20	59.8668	-8.7694	15.7316
00:36:25	60.1809	-8.5915	15.8526
00:36:30	60.4947	-8.4106	15.9764
00:36:35	60.8083	-8.2266	16.1032
00:36:40	61.1217	-8.0393	16.2335
00:36:45	61.4349	-7.8487	16.3673
00:36:50	61.7479	-7.6547	16.5043
00:36:55	62.0606	-7.4571	16.6443
00:37:00	62.3730	-7.2559	16.7887
00:37:05	62.6852	-7.0508	16.9313
00:37:10	62.9972	-6.8419	17.0703
00:37:15	63.3089	-6.6289	17.2141
00:37:20	63.6202	-6.4117	17.3698
00:37:25	63.9314	-6.1902	17.5343
00:37:30	64.2422	-5.9642	17.7027
00:37:35	64.5527	-5.7335	17.8764
00:37:40	64.8628	-5.4981	18.0544
00:37:45	65.1727	-5.2576	18.2379
00:37:50	65.4822	-5.0119	18.4264
00:37:55	65.7913	-4.7609	18.6200
00:38:00	66.1001	-4.5042	18.8191
00:38:05	66.4085	-4.2418	19.0242
00:38:10	66.7165	-3.9734	19.2243
00:38:15	67.0241	-3.6987	19.4288
00:38:20	67.3312	-3.4175	19.6409
00:38:25	67.6379	-3.1296	19.8716
00:38:30	67.9442	-2.8347	20.1093
00:38:35	68.2499	-2.5324	20.3539
00:38:40	68.5552	-2.2226	20.6063
00:38:45	68.8599	-1.9048	20.8667
00:38:50	69.1641	-1.5787	21.1347
00:38:55	69.4677	-1.2440	21.4123
00:39:00	69.7708	-0.9004	21.6983
00:39:05	70.0732	-0.5473	21.9943
00:39:10	70.3750	-0.1845	22.2959
00:39:15	70.6760	0.1886	22.5984
00:39:20	70.9764	0.5724	22.9110
00:39:25	71.2761	0.9673	23.2423
00:39:30	71.5749	1.3739	23.5911
00:39:35	71.8730	1.7928	23.9527
00:39:40	72.1702	2.2244	24.3264
00:39:45	72.4665	2.6696	24.7138
00:39:50	72.7618	3.1288	25.1160
00:39:55	73.0562	3.6027	25.5321
00:40:00	73.3495	4.0922	25.9638
00:40:05	73.6417	4.5980	26.4116
00:40:10	73.9328	5.1208	26.8773
00:40:15	74.2226	5.6617	27.3507
00:40:20	74.5112	6.2214	27.8394
00:40:25	74.7983	6.8010	28.3475
00:40:30	75.0841	7.4016	28.8896
00:40:35	75.3683	8.0241	29.4552
00:40:40	75.6509	8.6699	30.0427
00:40:45	75.9319	9.3402	30.6553
00:40:50	76.2110	10.0363	31.2935
00:40:55	76.4881	10.7596	31.9588
00:41:00	76.7633	11.5117	32.6532
00:41:05	77.0362	12.2941	33.3780
00:41:10	77.3068	13.1086	34.1350
00:41:15	77.5750	13.9569	34.9242
00:41:20	77.8406	14.8409	35.7364
00:41:25	78.1033	15.7626	36.5864
00:41:30	78.3631	16.7242	37.4815
00:41:35	78.6196	17.7277	38.4270
00:41:40	78.8728	18.7757	39.4173
00:41:45	79.1223	19.8705	40.4546
00:41:50	79.3679	21.0148	41.5410
00:41:55	79.6093	22.2110	42.6792
00:42:00	79.8463	23.4620	43.8721
02:02:24	35.0002	5.5106	11.4486
02:02:29	35.3219	5.5904	11.4639
02:02:34	35.6435	5.6706	11.4861
02:02:39	35.9650	5.7513	11.5117
02:02:44	36.2866	5.8325	11.5365
02:02:49	36.6080	5.9142	11.5624
02:02:54	36.9294	5.9965	11.5887
02:02:59	37.2508	6.0792	11.6156
02:03:04	37.5721	6.1624	11.6427
02:03:09	37.8933	6.2462	11.6709
02:03:14	38.2145	6.3306	11.6997
02:03:19	38.5357	6.4155	11.7285
02:03:24	38.8568	6.5009	11.7498
02:03:29	39.1778	6.5870	11.7714
02:03:34	39.4988	6.6736	11.7947
02:03:39	39.8197	6.7609	11.8270
02:03:44	40.1406	6.8487	11.8586
02:03:49	40.4614	6.9372	11.8905
02:03:54	40.7822	7.0264	11.9241
02:03:59	41.1028	7.1162	11.9576
02:04:04	41.4235	7.2067	11.9926
02:04:09	41.7440	7.2978	12.0276
02:04:14	42.0645	7.3897	12.0632
02:04:19	42.3850	7.4823	12.1001
02:04:24	42.7053	7.5756	12.1339
02:04:29	43.0256	7.6697	12.1620
02:04:34	43.3459	7.7645	12.1919
02:04:39	43.6660	7.8601	12.2269
02:04:44	43.9861	7.9565	12.2679
02:04:49	44.3062	8.0537	12.3089
02:04:54	44.6261	8.1518	12.3506
02:04:59	44.9460	8.2507	12.3934
02:05:04	45.2658	8.3504	12.4365
02:05:09	45.5856	8.4511	12.4816
02:05:14	45.9052	8.5527	12.5265
02:05:19	46.2248	8.6552	12.5733
02:05:24	46.5443	8.7586	12.6209
02:05:29	46.8637	8.8630	12.6606
02:05:34	47.1830	8.9685	12.6994
02:05:39	47.5023	9.0749	12.7400
02:05:44	47.8215	9.1824	12.7905
02:05:49	48.1406	9.2909	12.8428
02:05:54	48.4596	9.4005	12.8958
02:05:59	48.7785	9.5113	12.9505
02:06:04	49.0973	9.6232	13.0061
02:06:09	49.4160	9.7362	13.0629
02:06:14	49.7346	9.8505	13.1204
02:06:19	50.0532	9.9660	13.1798
02:06:24	50.3716	10.0828	13.2402
02:06:29	50.6899	10.2008	13.3002
02:06:34	51.0082	10.3202	13.3521
02:06:39	51.3263	10.4409	13.4052
02:06:44	51.6443	10.5630	13.4653
02:06:49	51.9622	10.6866	13.5315
02:06:54	52.2800	10.8116	13.5998
02:06:59	52.5977	10.9380	13.6704
02:07:04	52.9153	11.0661	13.7411
02:07:09	53.2328	11.1957	13.8148
02:07:14	53.5501	11.3269	13.8896
02:07:19	53.8673	11.4598	13.9651
02:07:24	54.1844	11.5944	14.0434
02:07:29	54.5014	11.7307	14.1231
02:07:34	54.8182	11.8689	14.1977
02:07:39	55.1349	12.0089	14.2697
02:07:44	55.4515	12.1508	14.3429
02:07:49	55.7679	12.2946	14.4288
02:07:54	56.0842	12.4404	14.5181
02:07:59	56.4003	12.5883	14.6085
02:08:04	56.7163	12.7384	14.7020
02:08:09	57.0321	12.8906	14.7973
02:08:14	57.3478	13.0450	14.8950
02:08:19	57.6633	13.2018	14.9953
02:08:24	57.9786	13.3609	15.0974
02:08:29	58.2938	13.5225	15.2019
02:08:34	58.6088	13.6866	15.3091
02:08:39	58.9236	13.8533	15.4070
02:08:44	59.2382	14.0227	15.5075
02:08:49	59.5527	14.1948	15.6137
02:08:54	59.8669	14.3698	15.7318
02:08:59	60.1810	14.5477	15.8526
02:09:04	60.4948	14.7286	15.9762
02:09:09	60.8084	14.9126	16.1035
02:09:14	61.1218	15.0999	16.2337
02:09:19	61.4350	15.2905	16.3671
02:09:24	61.7479	15.4845	16.5042
02:09:29	62.0607	15.6821	16.6446
02:09:34	62.3731	15.8833	16.7887
02:09:39	62.6853	16.0884	16.9315
02:09:44	62.9973	16.2973	17.0706
02:09:49	63.3089	16.5103	17.2137
02:09:54	63.6203	16.7275	17.3697
02:09:59	63.9314	16.9490	17.5345
02:10:04	64.2422	17.1750	17.7030
02:10:09	64.5527	17.4057	17.8766
02:10:14	64.8629	17.6412	18.0547
02:10:19	65.1727	17.8816	18.2375
02:10:24	65.4822	18.1273	18.4263
02:10:29	65.7914	18.3783	18.6197
02:10:34	66.1001	18.6350	18.8193
02:10:39	66.4085	18.8974	19.0245
02:10:44	66.7165	19.1658	19.2246
02:10:49	67.0241	19.4405	19.4287
02:10:54	67.3312	19.7217	19.6412
02:10:59	67.6380	20.0096	19.8715
02:11:04	67.9442	20.3045	20.1092
02:11:09	68.2500	20.6068	20.3539
02:11:14	68.5552	20.9166	20.6066
02:11:19	68.8600	21.2344	20.8666
02:11:24	69.1642	21.5605	21.1353
02:11:29	69.4678	21.8952	21.4126
02:11:34	69.7708	22.2388	21.6989
02:11:39	70.0732	22.5919	21.9943
02:11:44	70.3750	22.9547	22.2960
02:11:49	70.6761	23.3278	22.5984
02:11:54	70.9764	23.7116	22.9107
02:11:59	71.2761	24.1065	23.2426
02:12:04	71.5749	24.5131	23.5914
02:12:09	71.8730	24.9320	23.9526
13:09:52	67.6954	-29.8266	160.0633
13:09:57	67.3887	-29.5373	160.2953
13:10:02	67.0817	-29.2549	160.5202
13:10:07	66.7741	-28.9790	160.7387
13:10:12	66.4662	-28.7094	160.9510
13:10:17	66.1579	-28.4459	161.1571
13:10:22	65.8491	-28.1882	161.3576
13:10:27	65.5401	-27.9361	161.5404
13:10:32	65.2306	-27.6895	161.7168
13:10:37	64.9208	-27.4480	161.8910
13:10:42	64.6107	-27.2116	162.0703
13:10:47	64.3002	-26.9800	162.2448
13:10:52	63.9895	-26.7531	162.4141
13:10:57	63.6784	-26.5308	162.5795
13:11:02	63.3670	-26.3128	162.7402
13:11:07	63.0554	-26.0990	162.8971
13:11:12	62.7435	-25.8893	163.0494
13:11:17	62.4313	-25.6835	163.1979
13:11:22	62.1189	-25.4816	163.3428
13:11:27	61.8062	-25.2833	163.4793
13:11:32	61.4933	-25.0887	163.6049
13:11:37	61.1801	-24.8974	163.7267
13:11:42	60.8667	-24.7096	163.8526
13:11:47	60.5531	-24.5249	163.9803
13:11:52	60.2393	-24.3434	164.1050
13:11:57	59.9253	-24.1649	164.2262
13:12:02	59.6111	-23.9894	164.3452
13:12:07	59.2966	-23.8167	164.4608
13:12:12	58.9820	-23.6468	164.5737
13:12:17	58.6672	-23.4796	164.6839
13:12:22	58.3522	-23.3150	164.7921
13:12:27	58.0371	-23.1530	164.8971
13:12:32	57.7218	-22.9934	164.9904
13:12:37	57.4063	-22.8362	165.0787
13:12:42	57.0906	-22.6813	165.1657
13:12:47	56.7748	-22.5287	165.2616
13:12:52	56.4588	-22.3782	165.3552
13:12:57	56.1427	-22.2299	165.4472
13:13:02	55.8264	-22.0837	165.5361
13:13:07	55.5100	-21.9395	165.6234
13:13:12	55.1934	-21.7972	165.7090
13:13:17	54.8767	-21.6569	165.7926
13:13:22	54.5599	-21.5184	165.8746
13:13:27	54.2429	-21.3817	165.9546
13:13:32	53.9258	-21.2468	166.0307
13:13:37	53.6086	-21.1136	166.0959
13:13:42	53.2912	-20.9820	166.1597
13:13:47	52.9738	-20.8521	166.2267
13:13:52	52.6562	-20.7238	166.2988
13:13:57	52.3385	-20.5970	166.3692
13:14:02	52.0207	-20.4717	166.4378
13:14:07	51.7028	-20.3479	166.5053
13:14:12	51.3847	-20.2255	166.5705
13:14:17	51.0666	-20.1045	166.6356
13:14:22	50.7484	-19.9849	166.6985
13:14:27	50.4300	-19.8666	166.7603
13:14:32	50.1116	-19.7496	166.8212
13:14:37	49.7930	-19.6339	166.8736
13:14:42	49.4744	-19.5194	166.9212
13:14:47	49.1557	-19.4061	166.9675
13:14:52	48.8368	-19.2940	167.0222
13:14:57	48.5179	-19.1830	167.0770
13:15:02	48.1989	-19.0732	167.1298
13:15:07	47.8798	-18.9644	167.1828
13:15:12	47.5606	-18.8567	167.2341
13:15:17	47.2413	-18.7501	167.2843
13:15:22	46.9220	-18.6445	167.3341
13:15:27	46.6026	-18.5399	167.3819
13:15:32	46.2830	-18.4362	167.4298
13:15:37	45.9634	-18.3336	167.4758
13:15:42	45.6438	-18.2318	167.5110
13:15:47	45.3240	-18.1310	167.5461
13:15:52	45.0042	-18.0311	167.5826
13:15:57	44.6843	-17.9320	167.6256
13:16:02	44.3643	-17.8338	167.6676
13:16:07	44.0443	-17.7364	167.7092
13:16:12	43.7242	-17.6398	167.7499
13:16:17	43.4040	-17.5441	167.7894
13:16:22	43.0837	-17.4491	167.8282
13:16:27	42.7634	-17.3549	167.8661
13:16:32	42.4430	-17.2614	167.9039
13:16:37	42.1225	-17.1687	167.9407
13:16:42	41.8020	-17.0767	167.9726
13:16:47	41.4814	-16.9854	167.9981
13:16:52	41.1608	-16.8948	168.0243
13:16:57	40.8401	-16.8049	168.0553
13:17:02	40.5193	-16.7156	168.0888
13:17:07	40.1985	-16.6270	168.1209
13:17:12	39.8776	-16.5390	168.1533
13:17:17	39.5567	-16.4516	168.1850
13:17:22	39.2357	-16.3648	168.2159
13:17:27	38.9146	-16.2787	168.2456
13:17:32	38.5935	-16.1931	168.2758
13:17:37	38.2723	-16.1081	168.3052
13:17:42	37.9511	-16.0236	168.3332
13:17:47	37.6298	-15.9398	168.3543
13:17:52	37.3085	-15.8564	168.3727
13:17:57	36.9871	-15.7736	168.3927
13:18:02	36.6656	-15.6913	168.4192
13:18:07	36.3442	-15.6095	168.4458
13:18:12	36.0226	-15.5281	168.4705
13:18:17	35.7010	-15.4473	168.4957
13:18:22	35.3794	-15.3670	168.5201
13:18:27	35.0577	-15.2871	168.5443
14:39:08	79.0564	-29.3356	139.8207
14:39:13	78.8059	-28.2534	140.8451
14:39:18	78.5518	-27.2174	141.8234
14:39:23	78.2943	-26.2252	142.7460
14:39:28	78.0338	-25.2745	143.6250
14:39:33	77.7702	-24.3630	144.4663
14:39:38	77.5040	-23.4886	145.2829
14:39:43	77.2351	-22.6495	146.0645
14:39:48	76.9638	-21.8437	146.8123
14:39:53	76.6903	-21.0695	147.5288
14:39:58	76.4146	-20.3252	148.2153
14:40:03	76.1369	-19.6092	148.8739
14:40:08	75.8573	-18.9201	149.5052
14:40:13	75.5759	-18.2564	150.1108
14:40:18	75.2928	-17.6169	150.6929
14:40:23	75.0082	-17.0003	151.2479
14:40:28	74.7220	-16.4054	151.7718
14:40:33	74.4345	-15.8312	152.2744
14:40:38	74.1455	-15.2766	152.7649
14:40:43	73.8554	-14.7406	153.2435
14:40:48	73.5640	-14.2223	153.7039
14:40:53	73.2715	-13.7210	154.1479
14:40:58	72.9778	-13.2357	154.5754
14:41:03	72.6832	-12.7657	154.9877
14:41:08	72.3876	-12.3103	155.3853
14:41:13	72.0910	-11.8688	155.7692
14:41:18	71.7936	-11.4406	156.1400
14:41:23	71.4953	-11.0250	156.4978
14:41:28	71.1962	-10.6215	156.8346
14:41:33	70.8964	-10.2296	157.1556
14:41:38	70.5958	-9.8488	157.4660
14:41:43	70.2945	-9.4785	157.7776
14:41:48	69.9925	-9.1182	158.0804
14:41:53	69.6900	-8.7677	158.3736
14:41:58	69.3867	-8.4265	158.6574
14:42:03	69.0830	-8.0941	158.9323
14:42:08	68.7786	-7.7703	159.1991
14:42:13	68.4737	-7.4546	159.4570
14:42:18	68.1683	-7.1468	159.7072
14:42:23	67.8624	-6.8465	159.9499
14:42:28	67.5560	-6.5535	160.1845
14:42:33	67.2491	-6.2674	160.4000
14:42:38	66.9419	-5.9880	160.6091
14:42:43	66.6341	-5.7150	160.8166
14:42:48	66.3260	-5.4482	161.0262
14:42:53	66.0175	-5.1873	161.2299
14:42:58	65.7086	-4.9322	161.4277
14:43:03	65.3994	-4.6826	161.6203
14:43:08	65.0898	-4.4383	161.8068
14:43:13	64.7798	-4.1991	161.9891
14:43:18	64.4695	-3.9649	162.1657
14:43:23	64.1589	-3.7355	162.3380
14:43:28	63.8480	-3.5107	162.5059
14:43:33	63.5368	-3.2904	162.6625
14:43:38	63.2254	-3.0743	162.8082
14:43:43	62.9136	-2.8624	162.9505
14:43:48	62.6016	-2.6545	163.0988
14:43:53	62.2893	-2.4505	163.2456
14:43:58	61.9767	-2.2503	163.3884
14:44:03	61.6639	-2.0536	163.5283
14:44:08	61.3509	-1.8605	163.6643
14:44:13	61.0376	-1.6708	163.7971
14:44:18	60.7242	-1.4844	163.9264
14:44:23	60.4104	-1.3012	164.0526
14:44:28	60.0965	-1.1211	164.1761
14:44:33	59.7824	-0.9440	164.2955
14:44:38	59.4681	-0.7698	164.4019
14:44:43	59.1536	-0.5984	164.5038
14:44:48	58.8389	-0.4298	164.6060
14:44:53	58.5240	-0.2637	164.7153
14:44:58	58.2089	-0.1003	164.8222
14:45:03	57.8937	0.0606	164.9259
14:45:08	57.5783	0.2191	165.0275
14:45:13	57.2627	0.3753	165.1268
14:45:18	56.9470	0.5291	165.2241
14:45:23	56.6311	0.6808	165.3186
14:45:28	56.3150	0.8302	165.4115
14:45:33	55.9989	0.9776	165.5022
14:45:38	55.6825	1.1229	165.5866
14:45:43	55.3660	1.2662	165.6616
14:45:48	55.0494	1.4075	165.7341
14:45:53	54.7326	1.5470	165.8128
14:45:58	54.4157	1.6847	165.8946
14:46:03	54.0987	1.8206	165.9734
14:46:08	53.7816	1.9547	166.0510
14:46:13	53.4643	2.0872	166.1273
14:46:18	53.1469	2.2180	166.2012
14:46:23	52.8294	2.3472	166.2740
14:46:28	52.5117	2.4748	166.3451
14:46:33	52.1940	2.6009	166.4141
14:46:38	51.8761	2.7255	166.4824
14:46:43	51.5582	2.8486	166.5404
14:46:48	51.2401	2.9704	166.5946
14:46:53	50.9219	3.0907	166.6479
14:46:58	50.6036	3.2097	166.7108
14:47:03	50.2852	3.3275	166.7724
14:47:08	49.9667	3.4439	166.8322
14:47:13	49.6481	3.5591	166.8910
14:47:18	49.3295	3.6730	166.9481
14:47:23	49.0107	3.7858	167.0049
14:47:28	48.6918	3.8974	167.0602
14:47:33	48.3728	4.0078	167.1142
14:47:38	48.0538	4.1172	167.1672
14:47:43	47.7347	4.2254	167.2176
14:47:48	47.4154	4.3326	167.2576
14:47:53	47.0961	4.4388	167.2975
14:47:58	46.7767	4.5439	167.3407
14:48:03	46.4573	4.6481	167.3889
14:48:08	46.1377	4.7513	167.4359
14:48:13	45.8181	4.8535	167.4819
14:48:18	45.4984	4.9549	167.5270
14:48:23	45.1786	5.0553	167.5714
14:48:28	44.8587	5.1548	167.6149
14:48:33	44.5388	5.2535	167.6574
14:48:38	44.2188	5.3513	167.6990
14:48:43	43.8987	5.4483	167.7394
14:48:48	43.5786	5.5445	167.7738
14:48:53	43.2583	5.6399	167.8037
14:48:58	42.9380	5.7345	167.8327
14:49:03	42.6177	5.8284	167.8696
14:49:08	42.2973	5.9215	167.9069
14:49:13	41.9768	6.0139	167.9434
14:49:18	41.6562	6.1056	167.9786
14:49:23	41.3356	6.1966	168.0142
14:49:28	41.0150	6.2869	168.0487
14:49:33	40.6942	6.3765	168.0814
14:49:38	40.3734	6.4655	168.1150
14:49:43	40.0526	6.5538	168.1477
14:49:48	39.7317	6.6416	168.1787
14:49:53	39.4107	6.7286	168.2008
14:49:58	39.0896	6.8151	168.2227
14:50:03	38.7686	6.9010	168.2463
14:50:08	38.4474	6.9863	168.2764
14:50:13	38.1262	7.0711	168.3053
14:50:18	37.8050	7.1553	168.3337
14:50:23	37.4837	7.2389	168.3607
14:50:28	37.1623	7.3221	168.3884
14:50:33	36.8409	7.4047	168.4152
14:50:38	36.5195	7.4867	168.4414
14:50:43	36.1979	7.5683	168.4671
14:50:48	35.8764	7.6494	168.4924
14:50:53	35.5548	7.7300	168.5129
14:50:58	35.2331	7.8101	168.5293
16:11:22	80.0030	-10.9566	135.2896
16:11:27	79.7693	-9.6672	136.5208
16:11:32	79.5309	-8.4344	137.6958
16:11:37	79.2881	-7.2555	138.8169
16:11:42	79.0411	-6.1277	139.8873
16:11:47	78.7904	-5.0484	140.9089
16:11:52	78.5361	-4.0152	141.8747
16:11:57	78.2785	-3.0256	142.7923
16:12:02	78.0177	-2.0774	143.6690
16:12:07	77.7540	-1.1682	144.5200
16:12:12	77.4876	-0.2960	145.3341
16:12:17	77.2186	0.5410	146.1133
16:12:22	76.9472	1.3448	146.8596
16:12:27	76.6735	2.1171	147.5740
16:12:32	76.3977	2.8596	148.2586
16:12:37	76.1198	3.5739	148.9152
16:12:42	75.8401	4.2614	149.5450
16:12:47	75.5587	4.9236	150.1495
16:12:52	75.2755	5.5617	150.7286
16:12:57	74.9907	6.1769	151.2728
16:13:02	74.7045	6.7705	151.7947
16:13:07	74.4168	7.3435	152.3010
16:13:12	74.1279	7.8969	152.7970
16:13:17	73.8376	8.4318	153.2738
16:13:22	73.5462	8.9490	153.7336
16:13:27	73.2536	9.4493	154.1763
16:13:32	72.9599	9.9337	154.6032
16:13:37	72.6652	10.4028	155.0147
16:13:42	72.3695	10.8573	155.4115
16:13:47	72.0729	11.2980	155.7947
16:13:52	71.7754	11.7254	156.1644
16:13:57	71.4771	12.1402	156.5146
16:14:02	71.1780	12.5429	156.8463
16:14:07	70.8781	12.9341	157.1667
16:14:12	70.5774	13.3143	157.4866
16:14:17	70.2761	13.6840	157.7985
16:14:22	69.9741	14.0436	158.1012
16:14:27	69.6715	14.3936	158.3930
16:14:32	69.3683	14.7343	158.6766
16:14:37	69.0644	15.0661	158.9510
16:14:42	68.7601	15.3894	159.2168
16:14:47	68.4551	15.7046	159.4743
16:14:52	68.1497	16.0119	159.7241
16:14:57	67.8438	16.3118	159.9669
16:15:02	67.5373	16.6044	160.1898
16:15:07	67.2305	16.8900	160.4049
16:15:12	66.9232	17.1690	160.6164
16:15:17	66.6154	17.4417	160.8320
16:15:22	66.3073	17.7081	161.0410
16:15:27	65.9988	17.9686	161.2439
16:15:32	65.6899	18.2234	161.4414
16:15:37	65.3806	18.4727	161.6335
16:15:42	65.0710	18.7166	161.8202
16:15:47	64.7610	18.9555	162.0014
16:15:52	64.4507	19.1894	162.1788
16:15:57	64.1401	19.4185	162.3502
16:16:02	63.8292	19.6430	162.5132
16:16:07	63.5179	19.8631	162.6636
16:16:12	63.2064	20.0789	162.8094
16:16:17	62.8947	20.2905	162.9593
16:16:22	62.5826	20.4982	163.1100
16:16:27	62.2703	20.7020	163.2564
16:16:32	61.9578	20.9020	163.3996
16:16:37	61.6450	21.0984	163.5388
16:16:42	61.3319	21.2913	163.6745
16:16:47	61.0186	21.4808	163.8068
16:16:52	60.7051	21.6670	163.9361
16:16:57	60.3914	21.8500	164.0622
16:17:02	60.0775	22.0299	164.1850
16:17:07	59.7634	22.2069	164.2958
16:17:12	59.4491	22.3809	164.4004
16:17:17	59.1345	22.5521	164.5033
16:17:22	58.8198	22.7206	164.6151
16:17:27	58.5049	22.8865	164.7238
16:17:32	58.1899	23.0498	164.8304
16:17:37	57.8746	23.2105	164.9343
16:17:42	57.5592	23.3689	165.0355
16:17:47	57.2436	23.5249	165.1350
16:17:52	56.9279	23.6786	165.2319
16:17:57	56.6120	23.8301	165.3267
16:18:02	56.2959	23.9794	165.4186
16:18:07	55.9797	24.1266	165.5069
16:18:12	55.6634	24.2718	165.5842
16:18:17	55.3469	24.4150	165.6591
16:18:22	55.0303	24.5563	165.7376
16:18:27	54.7135	24.6957	165.8201
16:18:32	54.3966	24.8332	165.9014
16:18:37	54.0796	24.9690	165.9801
17:43:57	79.9069	12.7236	135.8179
17:44:02	79.6711	13.9892	137.0119
17:44:07	79.4309	15.1993	138.1500
17:44:12	79.1863	16.3568	139.2440
17:44:17	78.9378	17.4642	140.2931
17:44:22	78.6856	18.5241	141.2952
17:44:27	78.4299	19.5390	142.2528
17:44:32	78.1709	20.5113	143.1675
17:44:37	77.9089	21.4431	144.0413
17:44:42	77.6441	22.3367	144.8767
17:44:47	77.3765	23.1940	145.6764
17:44:52	77.1065	24.0171	146.4413
17:44:57	76.8341	24.8076	147.1743
22:16:10	74.5400	-29.7598	27.8803
22:16:15	74.8271	-29.1782	28.4043
22:16:20	75.1127	-28.5755	28.9492
22:16:25	75.3968	-27.9506	29.5168
22:16:30	75.6792	-27.3024	30.1071
22:16:35	75.9600	-26.6295	30.7218
22:16:40	76.2389	-25.9307	31.3630
22:16:45	76.5159	-25.2045	32.0313
22:16:50	76.7908	-24.4494	32.7285
22:16:55	77.0636	-23.6638	33.4564
22:17:00	77.3340	-22.8460	34.2103
22:17:05	77.6019	-21.9941	34.9902
22:17:10	77.8672	-21.1064	35.8067
22:17:15	78.1297	-20.1807	36.6705
22:17:20	78.3891	-19.2150	37.5790
22:17:25	78.6454	-18.2070	38.5286
22:17:30	78.8982	-17.1544	39.5236
22:17:35	79.1473	-16.0546	40.5656
22:17:40	79.3925	-14.9052	41.6572
22:17:45	79.6335	-13.7035	42.8008
22:17:50	79.8700	-12.4468	43.9997
23:38:47	37.1574	-29.9829	11.6011
23:38:52	37.4787	-29.8998	11.6281
23:38:57	37.8000	-29.8162	11.6559
23:39:02	38.1212	-29.7320	11.6842
23:39:07	38.4424	-29.6473	11.7130
23:39:12	38.7635	-29.5619	11.7426
23:39:17	39.0846	-29.4761	11.7725
23:39:22	39.4056	-29.3896	11.8033
23:39:27	39.7265	-29.3025	11.8343
23:39:32	40.0474	-29.2148	11.8570
23:39:37	40.3683	-29.1265	11.8807
23:39:42	40.6891	-29.0375	11.9067
23:39:47	41.0098	-28.9479	11.9399
23:39:52	41.3304	-28.8576	11.9747
23:39:57	41.6510	-28.7667	12.0101
23:40:02	41.9716	-28.6750	12.0450
23:40:07	42.2920	-28.5826	12.0815
23:40:12	42.6124	-28.4895	12.1190
23:40:17	42.9328	-28.3957	12.1569
23:40:22	43.2530	-28.3011	12.1948
23:40:27	43.5732	-28.2057	12.2344
23:40:32	43.8934	-28.1095	12.2708
23:40:37	44.2134	-28.0125	12.3020
23:40:42	44.5334	-27.9147	12.3338
23:40:47	44.8533	-27.8161	12.3726
23:40:52	45.1732	-27.7165	12.4162
23:40:57	45.4930	-27.6161	12.4602
23:41:02	45.8126	-27.5148	12.5056
23:41:07	46.1323	-27.4126	12.5515
23:41:12	46.4518	-27.3094	12.5983
23:41:17	46.7713	-27.2053	12.6463
23:41:22	47.0906	-27.1002	12.6957
23:41:27	47.4099	-26.9940	12.7450
23:41:32	47.7291	-26.8868	12.7961
23:41:37	48.0483	-26.7786	12.8393
23:41:42	48.3673	-26.6693	12.8820
23:41:47	48.6862	-26.5588	12.9268
23:41:52	49.0051	-26.4473	12.9819
23:41:57	49.3239	-26.3345	13.0380
23:42:02	49.6425	-26.2206	13.0958
23:42:07	49.9611	-26.1055	13.1542
23:42:12	50.2796	-25.9891	13.2143
23:42:17	50.5980	-25.8714	13.2753
23:42:22	50.9162	-25.7524	13.3383
23:42:27	51.2344	-25.6321	13.4020
23:42:32	51.5525	-25.5104	13.4676
23:42:37	51.8704	-25.3872	13.5312
23:42:42	52.1883	-25.2627	13.5880
23:42:47	52.5060	-25.1366	13.6464
23:42:52	52.8236	-25.0090	13.7121
23:42:57	53.1412	-24.8799	13.7847
23:43:02	53.4585	-24.7491	13.8585
23:43:07	53.7758	-24.6167	13.9345
23:43:12	54.0930	-24.4826	14.0122
23:43:17	54.4100	-24.3468	14.0914
23:43:22	54.7269	-24.2091	14.1718
23:43:27	55.0436	-24.0697	14.2544
23:43:32	55.3602	-23.9283	14.3395
23:43:37	55.6767	-23.7851	14.4262
23:43:42	55.9930	-23.6398	14.5064
23:43:47	56.3092	-23.4925	14.5856
23:43:52	56.6253	-23.3430	14.6666
23:43:57	56.9411	-23.1915	14.7605
23:44:02	57.2569	-23.0377	14.8576
23:44:07	57.5724	-22.8816	14.9564
23:44:12	57.8878	-22.7232	15.0580
23:44:17	58.2031	-22.5623	15.1620
23:44:22	58.5181	-22.3989	15.2688
23:44:27	58.8330	-22.2330	15.3774
23:44:32	59.1477	-22.0644	15.4892
23:44:37	59.4622	-21.8930	15.6041
23:44:42	59.7765	-21.7188	15.7196
23:44:47	60.0906	-21.5418	15.8275
23:44:52	60.4045	-21.3617	15.9385
23:44:57	60.7182	-21.1786	16.0568
23:45:02	61.0317	-20.9922	16.1862
23:45:07	61.3450	-20.8026	16.3187
23:45:12	61.6580	-20.6096	16.4543
23:45:17	61.9708	-20.4130	16.5938
23:45:22	62.2833	-20.2129	16.7367
23:45:27	62.5956	-20.0089	16.8838
23:45:32	62.9076	-19.8011	17.0348
23:45:37	63.2194	-19.5893	17.1892
23:45:42	63.5309	-19.3733	17.3481
23:45:47	63.8421	-19.1531	17.5045
23:45:52	64.1530	-18.9283	17.6595
23:45:57	64.4636	-18.6990	17.8188
23:46:02	64.7739	-18.4649	17.9930
23:46:07	65.0838	-18.2259	18.1746
23:46:12	65.3934	-17.9817	18.3619
23:46:17	65.7027	-17.7322	18.5536
23:46:22	66.0116	-17.4772	18.7511
23:46:27	66.3201	-17.2165	18.9546
23:46:32	66.6282	-16.9498	19.1638
23:46:37	66.9359	-16.6769	19.3796
23:46:42	67.2432	-16.3976	19.6016
23:46:47	67.5501	-16.1117	19.8302
23:46:52	67.8565	-15.8187	20.0530
23:46:57	68.1624	-15.5186	20.2829
23:47:02	68.4678	-15.2109	20.5233
23:47:07	68.7727	-14.8954	20.7809
23:47:12	69.0771	-14.5718	21.0468
23:47:17	69.3809	-14.2396	21.3216
23:47:22	69.6841	-13.8985	21.6057
23:47:27	69.9867	-13.5482	21.8982
23:47:32	70.2886	-13.1882	22.2004
23:47:37	70.5899	-12.8181	22.5133
23:47:42	70.8905	-12.4375	22.8364
23:47:47	71.1904	-12.0457	23.1708
23:47:52	71.4895	-11.6425	23.5111
23:47:57	71.7878	-11.2272	23.8556
23:48:02	72.0852	-10.7992	24.2124
23:48:07	72.3818	-10.3579	24.5912
23:48:12	72.6774	-9.9028	24.9887
23:48:17	72.9721	-9.4331	25.4009
23:48:22	73.2657	-8.9482	25.8283
23:48:27	73.5583	-8.4471	26.2713
23:48:32	73.8497	-7.9292	26.7318
23:48:37	74.1399	-7.3936	27.2095
23:48:42	74.4288	-6.8394	27.7064
23:48:47	74.7164	-6.2655	28.2223
23:48:52	75.0026	-5.6711	28.7593
23:48:57	75.2873	-5.0548	29.3067
23:49:02	75.5704	-4.4157	29.8745
23:49:07	75.8518	-3.7525	30.4673
23:49:12	76.1314	-3.0639	31.0983
23:49:17	76.4092	-2.3485	31.7557
23:49:22	76.6849	-1.6048	32.4420
23:49:27	76.9585	-0.8312	33.1573
23:49:32	77.2299	-0.0260	33.9049
23:49:37	77.4988	0.8124	34.6855
23:49:42	77.7651	1.6860	35.5015
23:49:47	78.0287	2.5968	36.3546
23:49:52	78.2893	3.5468	37.2464
23:49:57	78.5468	4.5382	38.1769
23:50:02	78.8010	5.5734	39.1403
23:50:07	79.0516	6.6547	40.1504
23:50:12	79.2983	7.7846	41.2147
23:50:17	79.5409	8.9658	42.3387
23:50:22	79.7792	10.2009	43.5152
23:50:26	80.0017	11.4296	201.6990
23:59:59	-999.00	-999.00	-999.00
