2024/11/13 EARTHCARE
GMT	SUBLAT[N+]	SUBLON[W+]	HEADING
00:30:18	35.1287	-17.4774	11.4474
00:30:23	35.4505	-17.3975	11.4717
00:30:28	35.7721	-17.3171	11.4956
00:30:33	36.0938	-17.2362	11.5208
00:30:38	36.4154	-17.1549	11.5465
00:30:43	36.7369	-17.0730	11.5727
00:30:48	37.0584	-16.9906	11.5979
00:30:53	37.3799	-16.9077	11.6168
00:30:58	37.7013	-16.8243	11.6354
00:31:03	38.0226	-16.7403	11.6593
00:31:08	38.3439	-16.6558	11.6876
00:31:13	38.6651	-16.5707	11.7167
00:31:18	38.9863	-16.4851	11.7465
00:31:23	39.3074	-16.3988	11.7770
00:31:28	39.6285	-16.3120	11.8077
00:31:33	39.9495	-16.2245	11.8390
00:31:38	40.2705	-16.1364	11.8721
00:31:43	40.5914	-16.0477	11.9048
00:31:48	40.9122	-15.9583	11.9376
00:31:53	41.2330	-15.8683	11.9656
00:31:58	41.5537	-15.7776	11.9908
00:32:03	41.8743	-15.6862	12.0171
00:32:08	42.1949	-15.5941	12.0530
00:32:13	42.5154	-15.5012	12.0895
00:32:18	42.8359	-15.4077	12.1266
00:32:23	43.1563	-15.3133	12.1656
00:32:28	43.4766	-15.2183	12.2043
00:32:33	43.7968	-15.1224	12.2444
00:32:38	44.1170	-15.0257	12.2848
00:32:43	44.4371	-14.9282	12.3263
00:32:48	44.7572	-14.8298	12.3685
00:32:53	45.0771	-14.7306	12.4105
00:32:58	45.3970	-14.6305	12.4447
00:33:03	45.7168	-14.5295	12.4792
00:33:08	46.0366	-14.4276	12.5181
00:33:13	46.3562	-14.3248	12.5655
00:33:18	46.6758	-14.2210	12.6129
00:33:23	46.9953	-14.1163	12.6615
00:33:28	47.3147	-14.0105	12.7102
00:33:33	47.6341	-13.9037	12.7614
00:33:38	47.9533	-13.7958	12.8128
00:33:43	48.2725	-13.6869	12.8653
00:33:48	48.5915	-13.5768	12.9193
00:33:53	48.9105	-13.4657	12.9741
00:33:58	49.2294	-13.3533	13.0243
00:34:03	49.5482	-13.2398	13.0706
00:34:08	49.8669	-13.1251	13.1186
00:34:13	50.1855	-13.0091	13.1756
00:34:18	50.5040	-12.8919	13.2368
00:34:23	50.8224	-12.7734	13.2991
00:34:28	51.1407	-12.6535	13.3624
00:34:33	51.4590	-12.5323	13.4271
00:34:38	51.7770	-12.4097	13.4929
00:34:43	52.0950	-12.2856	13.5608
00:34:48	52.4129	-12.1600	13.6295
00:34:53	52.7307	-12.0330	13.6999
00:34:58	53.0483	-11.9043	13.7724
00:35:03	53.3658	-11.7741	13.8345
00:35:08	53.6832	-11.6423	13.8986
00:35:13	54.0005	-11.5087	13.9675
00:35:18	54.3177	-11.3735	14.0462
00:35:23	54.6347	-11.2365	14.1261
00:35:28	54.9516	-11.0976	14.2087
00:35:33	55.2684	-10.9569	14.2922
00:35:38	55.5850	-10.8143	14.3781
00:35:43	55.9015	-10.6697	14.4658
00:35:48	56.2178	-10.5231	14.5559
00:35:53	56.5340	-10.3744	14.6484
00:35:58	56.8500	-10.2235	14.7422
00:36:03	57.1659	-10.0704	14.8327
00:36:08	57.4816	-9.9151	14.9196
00:36:13	57.7972	-9.7574	15.0088
00:36:18	58.1126	-9.5973	15.1083
00:36:23	58.4278	-9.4348	15.2146
00:36:28	58.7428	-9.2697	15.3227
00:36:33	59.0577	-9.1019	15.4333
00:36:38	59.3723	-8.9315	15.5465
00:36:43	59.6868	-8.7583	15.6628
00:36:48	60.0011	-8.5821	15.7822
00:36:53	60.3152	-8.4031	15.9042
00:36:58	60.6290	-8.2209	16.0291
00:37:03	60.9427	-8.0356	16.1576
00:37:08	61.2561	-7.8470	16.2781
00:37:13	61.5693	-7.6550	16.4008
00:37:18	61.8823	-7.4596	16.5289
00:37:23	62.1950	-7.2606	16.6704
00:37:28	62.5075	-7.0579	16.8163
00:37:33	62.8197	-6.8513	16.9656
00:37:38	63.1317	-6.6408	17.1189
00:37:43	63.4434	-6.4261	17.2762
00:37:48	63.7547	-6.2072	17.4380
00:37:53	64.0658	-5.9839	17.6047
00:37:58	64.3766	-5.7560	17.7749
00:38:03	64.6871	-5.5234	17.9502
00:38:08	64.9973	-5.2859	18.1262
00:38:13	65.3071	-5.0433	18.2987
00:38:18	65.6166	-4.7955	18.4766
00:38:23	65.9257	-4.5422	18.6677
00:38:28	66.2344	-4.2832	18.8691
00:38:33	66.5428	-4.0184	19.0767
00:38:38	66.8507	-3.7474	19.2903
00:38:43	67.1583	-3.4701	19.5103
00:38:48	67.4654	-3.1862	19.7368
00:38:53	67.7720	-2.8954	19.9701
00:38:58	68.0782	-2.5975	20.2106
00:39:03	68.3838	-2.2921	20.4588
00:39:08	68.6890	-1.9789	20.7146
00:39:13	68.9937	-1.6577	20.9677
00:39:18	69.2977	-1.3281	21.2272
00:39:23	69.6012	-0.9897	21.4953
00:39:28	69.9041	-0.6422	21.7857
02:02:51	35.1287	5.6588	11.4474
02:02:56	35.4505	5.7387	11.4708
02:03:01	35.7721	5.8191	11.4963
02:03:06	36.0938	5.9000	11.5208
02:03:11	36.4154	5.9814	11.5465
02:03:16	36.7369	6.0633	11.5727
02:03:21	37.0584	6.1456	11.5979
02:03:26	37.3799	6.2285	11.6161
02:03:31	37.7013	6.3120	11.6347
02:03:36	38.0226	6.3959	11.6593
02:03:41	38.3439	6.4805	11.6876
02:03:46	38.6651	6.5655	11.7167
02:03:51	38.9863	6.6512	11.7465
02:03:56	39.3074	6.7374	11.7770
02:04:01	39.6285	6.8243	11.8077
02:04:06	39.9495	6.9117	11.8396
02:04:11	40.2705	6.9998	11.8714
02:04:16	40.5914	7.0885	11.9041
02:04:21	40.9122	7.1779	11.9376
02:04:26	41.2330	7.2680	11.9663
02:04:31	41.5537	7.3587	11.9908
02:04:36	41.8743	7.4501	12.0178
02:04:41	42.1949	7.5422	12.0530
02:04:46	42.5154	7.6350	12.0895
02:04:51	42.8359	7.7286	12.1266
02:04:56	43.1563	7.8229	12.1656
02:05:01	43.4766	7.9180	12.2043
02:05:06	43.7968	8.0139	12.2444
02:05:11	44.1170	8.1106	12.2848
02:05:16	44.4371	8.2081	12.3263
02:05:21	44.7572	8.3064	12.3685
02:05:26	45.0771	8.4056	12.4099
02:05:31	45.3970	8.5057	12.4447
02:05:36	45.7168	8.6067	12.4792
02:05:41	46.0366	8.7086	12.5187
02:05:46	46.3562	8.8114	12.5655
02:05:51	46.6758	8.9152	12.6123
02:05:56	46.9953	9.0200	12.6615
02:06:01	47.3147	9.1258	12.7108
02:06:06	47.6341	9.2326	12.7614
02:06:11	47.9533	9.3404	12.8128
02:06:16	48.2725	9.4494	12.8653
02:06:21	48.5915	9.5594	12.9193
02:06:26	48.9105	9.6706	12.9741
02:06:31	49.2294	9.7829	13.0243
02:06:36	49.5482	9.8964	13.0706
02:06:41	49.8669	10.0112	13.1181
02:06:46	50.1855	10.1271	13.1761
02:06:51	50.5040	10.2443	13.2368
02:06:56	50.8224	10.3628	13.2991
02:07:01	51.1407	10.4827	13.3624
02:07:06	51.4590	10.6039	13.4271
02:07:11	51.7770	10.7266	13.4929
02:07:16	52.0950	10.8507	13.5608
02:07:21	52.4129	10.9762	13.6300
02:07:26	52.7307	11.1033	13.7004
02:07:31	53.0483	11.2319	13.7724
02:07:36	53.3658	11.3621	13.8351
02:07:41	53.6832	11.4940	13.8986
02:07:46	54.0005	11.6275	13.9675
02:07:51	54.3177	11.7628	14.0462
02:07:56	54.6347	11.8998	14.1261
02:08:01	54.9516	12.0386	14.2083
02:08:06	55.2684	12.1793	14.2927
02:08:11	55.5850	12.3219	14.3781
02:08:16	55.9015	12.4665	14.4663
02:08:21	56.2178	12.6132	14.5559
02:08:26	56.5340	12.7619	14.6479
02:08:31	56.8500	12.9127	14.7422
02:08:36	57.1659	13.0658	14.8332
02:08:41	57.4816	13.2212	14.9192
02:08:46	57.7972	13.3789	15.0083
02:08:51	58.1126	13.5389	15.1087
02:08:56	58.4278	13.7015	15.2142
02:09:01	58.7428	13.8666	15.3223
02:09:06	59.0577	14.0343	15.4333
02:09:11	59.3723	14.2047	15.5465
02:09:16	59.6868	14.3780	15.6628
02:09:21	60.0011	14.5541	15.7822
02:09:26	60.3152	14.7332	15.9042
02:09:31	60.6290	14.9153	16.0291
02:09:36	60.9427	15.1007	16.1576
02:09:41	61.2561	15.2892	16.2785
02:09:46	61.5693	15.4812	16.4004
02:09:51	61.8823	15.6766	16.5289
02:09:56	62.1950	15.8756	16.6708
02:10:01	62.5075	16.0784	16.8163
02:10:06	62.8197	16.2849	16.9659
02:10:11	63.1317	16.4955	17.1189
02:10:16	63.4434	16.7101	17.2766
02:10:21	63.7547	16.9290	17.4380
02:10:26	64.0658	17.1524	17.6044
02:10:31	64.3766	17.3802	17.7749
02:10:36	64.6871	17.6129	17.9505
02:10:41	64.9973	17.8504	18.1266
02:10:46	65.3071	18.0929	18.2987
02:10:51	65.6166	18.3408	18.4763
02:10:56	65.9257	18.5941	18.6681
02:11:01	66.2344	18.8530	18.8691
02:11:06	66.5428	19.1179	19.0770
02:11:11	66.8507	19.3888	19.2903
02:11:16	67.1583	19.6661	19.5107
02:11:21	67.4654	19.9501	19.7368
02:11:26	67.7720	20.2408	19.9701
02:11:31	68.0782	20.5388	20.2106
02:11:36	68.3838	20.8442	20.4591
02:11:41	68.6890	21.1573	20.7146
02:11:46	68.9937	21.4785	20.9680
02:11:51	69.2977	21.8081	21.2272
02:11:56	69.6012	22.1465	21.4953
02:12:01	69.9041	22.4941	21.7854
13:10:07	67.8667	-29.8802	159.9639
13:10:12	67.5602	-29.5872	160.1991
13:10:17	67.2532	-29.3012	160.4226
13:10:22	66.9458	-29.0219	160.6310
13:10:27	66.6380	-28.7490	160.8339
13:10:32	66.3298	-28.4823	161.0392
13:10:37	66.0212	-28.2215	161.2430
13:10:42	65.7122	-27.9665	161.4407
13:10:47	65.4028	-27.7170	161.6329
13:10:52	65.0931	-27.4728	161.8199
13:10:57	64.7830	-27.2338	162.0018
13:11:02	64.4726	-26.9997	162.1787
13:11:07	64.1619	-26.7703	162.3508
13:11:12	63.8509	-26.5456	162.5180
13:11:17	63.5396	-26.3254	162.6811
13:11:22	63.2280	-26.1094	162.8290
13:11:27	62.9162	-25.8976	162.9708
13:11:32	62.6040	-25.6899	163.1110
13:11:37	62.2916	-25.4859	163.2578
13:11:42	61.9790	-25.2858	163.4011
13:11:47	61.6661	-25.0892	163.5404
13:11:52	61.3530	-24.8962	163.6768
13:11:57	61.0396	-24.7066	163.8095
13:12:02	60.7260	-24.5203	163.9384
13:12:07	60.4122	-24.3372	164.0647
13:12:12	60.0982	-24.1572	164.1878
13:12:17	59.7840	-23.9802	164.3075
13:12:22	59.4696	-23.8060	164.4210
13:12:27	59.1550	-23.6348	164.5228
13:12:32	58.8402	-23.4662	164.6228
13:12:37	58.5252	-23.3003	164.7266
13:12:42	58.2100	-23.1369	164.8337
13:12:47	57.8947	-22.9761	164.9372
13:12:52	57.5792	-22.8177	165.0392
13:12:57	57.2635	-22.6616	165.1382
13:13:02	56.9477	-22.5079	165.2355
13:13:07	56.6317	-22.3563	165.3300
13:13:12	56.3156	-22.2069	165.4225
13:13:17	55.9993	-22.0597	165.5131
13:13:22	55.6828	-21.9145	165.6014
13:13:27	55.3662	-21.7712	165.6788
13:13:32	55.0495	-21.6300	165.7519
13:13:37	54.7327	-21.4905	165.8238
13:13:42	54.4157	-21.3530	165.9048
13:13:47	54.0986	-21.2172	165.9839
13:13:52	53.7813	-21.0831	166.0617
13:13:57	53.4640	-20.9507	166.1370
13:14:02	53.1465	-20.8200	166.2115
13:14:07	52.8289	-20.6909	166.2841
13:14:12	52.5111	-20.5634	166.3551
13:14:17	52.1933	-20.4373	166.4244
13:14:22	51.8753	-20.3128	166.4927
13:14:27	51.5573	-20.1897	166.5570
13:14:32	51.2391	-20.0681	166.6110
13:14:37	50.9208	-19.9478	166.6637
13:14:42	50.6025	-19.8289	166.7211
13:14:47	50.2840	-19.7112	166.7821
13:14:52	49.9654	-19.5949	166.8418
13:14:57	49.6467	-19.4798	166.9012
13:15:02	49.3280	-19.3659	166.9583
13:15:07	49.0091	-19.2532	167.0147
13:15:12	48.6901	-19.1417	167.0698
13:15:17	48.3711	-19.0313	167.1239
13:15:22	48.0520	-18.9220	167.1772
13:15:27	47.7327	-18.8139	167.2287
13:15:32	47.4134	-18.7067	167.2732
13:15:37	47.0940	-18.6006	167.3125
13:15:42	46.7746	-18.4956	167.3511
13:15:47	46.4550	-18.3915	167.3985
13:15:52	46.1354	-18.2883	167.4452
13:15:57	45.8157	-18.1861	167.4912
13:16:02	45.4959	-18.0849	167.5363
13:16:07	45.1760	-17.9845	167.5807
13:16:12	44.8561	-17.8850	167.6242
13:16:17	44.5360	-17.7864	167.6665
13:16:22	44.2160	-17.6887	167.7079
13:16:27	43.8958	-17.5917	167.7492
13:16:32	43.5756	-17.4956	167.7880
13:16:37	43.2553	-17.4003	167.8180
13:16:42	42.9349	-17.3057	167.8469
13:16:47	42.6145	-17.2119	167.8787
13:16:52	42.2940	-17.1188	167.9154
13:16:57	41.9734	-17.0265	167.9518
13:17:02	41.6528	-16.9349	167.9875
13:17:07	41.3321	-16.8439	168.0227
13:17:12	41.0113	-16.7537	168.0572
13:17:17	40.6905	-16.6641	168.0908
13:17:22	40.3697	-16.5752	168.1236
13:17:27	40.0487	-16.4869	168.1556
13:17:32	39.7277	-16.3993	168.1875
13:17:37	39.4067	-16.3123	168.2136
13:17:42	39.0856	-16.2258	168.2355
13:17:47	38.7644	-16.1400	168.2570
13:17:52	38.4432	-16.0547	168.2851
13:17:57	38.1219	-15.9700	168.3138
13:18:02	37.8006	-15.8859	168.3418
13:18:07	37.4792	-15.8023	168.3699
13:18:12	37.1578	-15.7192	168.3971
13:18:17	36.8363	-15.6367	168.4240
13:18:22	36.5148	-15.5547	168.4502
13:18:27	36.1932	-15.4731	168.4760
13:18:32	35.8716	-15.3921	168.5013
13:18:37	35.5499	-15.3116	168.5253
13:18:42	35.2282	-15.2315	168.5417
14:42:05	70.0000	-9.0180	158.0919
14:42:10	69.6973	-8.6674	158.3852
14:42:15	69.3940	-8.3262	158.6686
14:42:20	69.0901	-7.9938	158.9437
14:42:25	68.7856	-7.6700	159.2101
14:42:30	68.4806	-7.3543	159.4686
14:42:35	68.1751	-7.0465	159.7185
14:42:40	67.8691	-6.7463	159.9618
14:42:45	67.5626	-6.4533	160.1971
14:42:50	67.2556	-6.1672	160.4216
14:42:55	66.9483	-5.8878	160.6305
14:43:00	66.6404	-5.6149	160.8334
14:43:05	66.3322	-5.3481	161.0375
14:43:10	66.0236	-5.0873	161.2410
14:43:15	65.7146	-4.8322	161.4387
14:43:20	65.4052	-4.5827	161.6314
14:43:25	65.0955	-4.3385	161.8184
14:43:30	64.7855	-4.0994	162.0002
14:43:35	64.4751	-3.8652	162.1770
14:43:40	64.1644	-3.6359	162.3491
14:43:45	63.8534	-3.4111	162.5168
14:43:50	63.5421	-3.1909	162.6799
14:43:55	63.2305	-2.9749	162.8289
14:44:00	62.9186	-2.7630	162.9710
14:44:05	62.6065	-2.5552	163.1098
14:44:10	62.2941	-2.3513	163.2563
14:44:15	61.9815	-2.1511	163.3996
14:44:20	61.6686	-1.9545	163.5394
14:44:25	61.3554	-1.7615	163.6756
14:44:30	61.0421	-1.5719	163.8080
14:44:35	60.7285	-1.3855	163.9372
14:44:40	60.4147	-1.2024	164.0631
14:44:45	60.1007	-1.0223	164.1864
14:44:50	59.7865	-0.8453	164.3063
14:44:55	59.4720	-0.6712	164.4208
14:45:00	59.1574	-0.4998	164.5234
14:45:05	58.8426	-0.3313	164.6230
14:45:10	58.5277	-0.1653	164.7259
14:45:15	58.2125	-0.0020	164.8325
14:45:20	57.8972	0.1589	164.9363
14:45:25	57.5817	0.3173	165.0381
14:45:30	57.2660	0.4734	165.1374
14:45:35	56.9502	0.6272	165.2344
14:45:40	56.6342	0.7787	165.3286
14:45:45	56.3180	0.9281	165.4215
14:45:50	56.0018	1.0754	165.5121
14:45:55	55.6853	1.2206	165.6002
14:46:00	55.3687	1.3639	165.6794
14:46:05	55.0520	1.5052	165.7523
14:46:10	54.7352	1.6446	165.8236
14:46:15	54.4182	1.7822	165.9042
14:46:20	54.1011	1.9180	165.9832
14:46:25	53.7838	2.0521	166.0605
14:46:30	53.4665	2.1845	166.1363
14:46:35	53.1490	2.3152	166.2109
14:46:40	52.8314	2.4443	166.2833
14:46:45	52.5136	2.5719	166.3543
14:46:50	52.1958	2.6979	166.4234
14:46:55	51.8778	2.8225	166.4917
14:47:00	51.5598	2.9455	166.5574
14:47:05	51.2416	3.0672	166.6112
14:47:10	50.9233	3.1875	166.6644
14:47:15	50.6050	3.3064	166.7200
14:47:20	50.2865	3.4241	166.7813
14:47:25	49.9679	3.5405	166.8417
14:47:30	49.6492	3.6556	166.9002
14:47:35	49.3305	3.7695	166.9578
14:47:40	49.0116	3.8821	167.0143
14:47:45	48.6927	3.9937	167.0691
14:47:50	48.3736	4.1041	167.1232
14:47:55	48.0545	4.2134	167.1764
14:48:00	47.7353	4.3215	167.2281
14:48:05	47.4159	4.4287	167.2732
14:48:10	47.0966	4.5348	167.3125
14:48:15	46.7771	4.6399	167.3515
14:48:20	46.4575	4.7440	167.3979
14:48:25	46.1379	4.8471	167.4445
14:48:30	45.8182	4.9493	167.4905
14:48:35	45.4984	5.0506	167.5362
14:48:40	45.1785	5.1510	167.5799
14:48:45	44.8586	5.2504	167.6241
14:48:50	44.5386	5.3491	167.6658
14:48:55	44.2185	5.4468	167.7072
14:49:00	43.8983	5.5438	167.7485
14:49:05	43.5781	5.6399	167.7885
14:49:10	43.2578	5.7352	167.8179
14:49:15	42.9374	5.8298	167.8466
14:49:20	42.6170	5.9236	167.8781
14:49:25	42.2965	6.0167	167.9152
14:49:30	41.9759	6.1090	167.9517
14:49:35	41.6553	6.2007	167.9875
14:49:40	41.3346	6.2916	168.0227
14:49:45	41.0139	6.3818	168.0570
14:49:50	40.6931	6.4714	168.0906
14:49:55	40.3722	6.5603	168.1234
14:50:00	40.0513	6.6486	168.1560
14:50:05	39.7303	6.7363	168.1872
14:50:10	39.4092	6.8233	168.2140
14:50:15	39.0881	6.9097	168.2364
14:50:20	38.7669	6.9956	168.2567
14:50:25	38.4457	7.0808	168.2848
14:50:30	38.1245	7.1655	168.3129
14:50:35	37.8031	7.2497	168.3415
14:50:40	37.4818	7.3333	168.3689
14:50:45	37.1603	7.4164	168.3967
14:50:50	36.8389	7.4989	168.4237
14:50:55	36.5173	7.5809	168.4497
14:51:00	36.1957	7.6625	168.4755
14:51:05	35.8741	7.7435	168.5001
14:51:10	35.5524	7.8240	168.5254
14:51:15	35.2307	7.9041	168.5421
16:14:38	70.0000	14.1183	158.0919
16:14:43	69.6973	14.4688	158.3852
16:14:48	69.3940	14.8101	158.6689
16:14:53	69.0901	15.1424	158.9437
16:14:58	68.7856	15.4663	159.2104
16:15:03	68.4806	15.7819	159.4686
16:15:08	68.1751	16.0897	159.7185
16:15:13	67.8691	16.3900	159.9618
16:15:18	67.5626	16.6830	160.1971
16:15:23	67.2556	16.9690	160.4216
16:15:28	66.9483	17.2484	160.6305
16:15:33	66.6404	17.5213	160.8334
16:15:38	66.3322	17.7881	161.0375
16:15:43	66.0236	18.0489	161.2413
16:15:48	65.7146	18.3040	161.4390
16:15:53	65.4052	18.5536	161.6310
16:15:58	65.0955	18.7978	161.8184
16:16:03	64.7855	19.0369	162.0002
16:16:08	64.4751	19.2710	162.1770
16:16:13	64.1644	19.5004	162.3491
16:16:18	63.8534	19.7251	162.5168
16:16:23	63.5421	19.9454	162.6795
16:16:28	63.2305	20.1614	162.8289
16:16:33	62.9186	20.3732	162.9710
16:16:38	62.6065	20.5810	163.1094
16:16:43	62.2941	20.7850	163.2567
16:16:48	61.9815	20.9852	163.3996
16:16:53	61.6686	21.1817	163.5394
16:16:58	61.3554	21.3748	163.6756
16:17:03	61.0421	21.5644	163.8076
16:17:08	60.7285	21.7507	163.9368
16:17:13	60.4147	21.9339	164.0631
16:17:18	60.1007	22.1139	164.1864
16:17:23	59.7865	22.2910	164.3063
16:17:28	59.4720	22.4651	164.4208
16:17:33	59.1574	22.6364	164.5230
16:17:38	58.8426	22.8050	164.6225
16:17:43	58.5277	22.9709	164.7259
16:17:48	58.2125	23.1343	164.8321
16:17:53	57.8972	23.2951	164.9363
16:17:58	57.5817	23.4536	165.0381
16:18:03	57.2660	23.6097	165.1374
16:18:08	56.9502	23.7634	165.2339
16:18:13	56.6342	23.9150	165.3286
16:18:18	56.3180	24.0644	165.4215
16:18:23	56.0018	24.2117	165.5121
16:18:28	55.6853	24.3569	165.6004
16:18:33	55.3687	24.5001	165.6799
16:18:38	55.0520	24.6414	165.7523
16:18:43	54.7352	24.7809	165.8236
16:18:48	54.4182	24.9185	165.9042
23:38:54	36.8514	-30.0000	11.5680
23:38:59	37.1728	-29.9175	11.5943
23:39:04	37.4943	-29.8344	11.6219
23:39:09	37.8156	-29.7508	11.6498
23:39:14	38.1370	-29.6666	11.6772
23:39:19	38.4582	-29.5819	11.7064
23:39:24	38.7794	-29.4966	11.7360
23:39:29	39.1006	-29.4107	11.7660
23:39:34	39.4217	-29.3243	11.7966
23:39:39	39.7428	-29.2372	11.8237
23:39:44	40.0637	-29.1495	11.8459
23:39:49	40.3847	-29.0612	11.8695
23:39:54	40.7055	-28.9723	11.9004
23:39:59	41.0264	-28.8827	11.9335
23:40:04	41.3471	-28.7924	11.9676
23:40:09	41.6678	-28.7014	12.0030
23:40:14	41.9884	-28.6098	12.0388
23:40:19	42.3090	-28.5174	12.0750
23:40:24	42.6295	-28.4243	12.1117
23:40:29	42.9499	-28.3305	12.1496
23:40:34	43.2703	-28.2359	12.1887
23:40:39	43.5906	-28.1405	12.2275
23:40:44	43.9108	-28.0443	12.2593
23:40:49	44.2309	-27.9474	12.2900
23:40:54	44.5510	-27.8495	12.3241
23:40:59	44.8710	-27.7509	12.3668
23:41:04	45.1910	-27.6514	12.4095
23:41:09	45.5108	-27.5510	12.4540
23:41:14	45.8306	-27.4497	12.4990
23:41:19	46.1503	-27.3475	12.5451
23:41:24	46.4700	-27.2443	12.5917
23:41:29	46.7895	-27.1402	12.6398
23:41:34	47.1090	-27.0350	12.6883
23:41:39	47.4284	-26.9289	12.7387
23:41:44	47.7477	-26.8217	12.7861
23:41:49	48.0669	-26.7134	12.8271
23:41:54	48.3860	-26.6041	12.8695
23:41:59	48.7051	-26.4937	12.9201
23:42:04	49.0240	-26.3821	12.9756
23:42:09	49.3429	-26.2694	13.0318
23:42:14	49.6617	-26.1554	13.0887
23:42:19	49.9803	-26.0403	13.1479
23:42:24	50.2989	-25.9239	13.2080
23:42:29	50.6174	-25.8062	13.2689
23:42:34	50.9357	-25.6872	13.3320
23:42:39	51.2540	-25.5668	13.3959
23:42:44	51.5722	-25.4451	13.4613
23:42:49	51.8902	-25.3220	13.5185
23:42:54	52.2082	-25.1974	13.5757
23:42:59	52.5260	-25.0713	13.6353
23:43:04	52.8437	-24.9436	13.7061
23:43:09	53.1613	-24.8145	13.7786
23:43:14	53.4788	-24.6837	13.8527
23:43:19	53.7962	-24.5513	13.9290
23:43:24	54.1134	-24.4171	14.0063
23:43:29	54.4305	-24.2812	14.0854
23:43:34	54.7475	-24.1436	14.1664
23:43:39	55.0644	-24.0041	14.2490
23:43:44	55.3811	-23.8627	14.3344
23:43:49	55.6976	-23.7194	14.4173
23:43:54	56.0141	-23.5740	14.4944
23:43:59	56.3304	-23.4267	14.5734
23:44:04	56.6465	-23.2772	14.6605
23:44:09	56.9625	-23.1256	14.7555
23:44:14	57.2783	-22.9717	14.8524
23:44:19	57.5940	-22.8156	14.9516
23:44:24	57.9094	-22.6570	15.0535
23:44:29	58.2248	-22.4961	15.1579
23:44:34	58.5399	-22.3326	15.2641
23:44:39	58.8549	-22.1666	15.3729
23:44:44	59.1697	-21.9979	15.4850
23:44:49	59.4843	-21.8265	15.5996
23:44:54	59.7987	-21.6522	15.7080
23:44:59	60.1129	-21.4750	15.8159
23:45:04	60.4269	-21.2948	15.9270
23:45:09	60.7407	-21.1116	16.0530
23:45:14	61.0543	-20.9251	16.1829
23:45:19	61.3676	-20.7354	16.3149
23:45:24	61.6807	-20.5422	16.4512
23:45:29	61.9936	-20.3455	16.5906
23:45:34	62.3063	-20.1452	16.7341
23:45:39	62.6187	-19.9411	16.8811
23:45:44	62.9308	-19.7331	17.0319
23:45:49	63.2426	-19.5211	17.1870
23:45:54	63.5542	-19.3050	17.3435
23:45:59	63.8655	-19.0845	17.4946
23:46:04	64.1765	-18.8596	17.6496
23:46:09	64.4872	-18.6300	17.8147
23:46:14	64.7976	-18.3957	17.9918
23:46:19	65.1076	-18.1564	18.1737
23:46:24	65.4173	-17.9120	18.3607
23:46:29	65.7266	-17.6623	18.5533
23:46:34	66.0356	-17.4070	18.7510
23:46:39	66.3442	-17.1460	18.9550
23:46:44	66.6524	-16.8790	19.1647
23:46:49	66.9602	-16.6058	19.3809
23:46:54	67.2676	-16.3261	19.6027
23:46:59	67.5745	-16.0398	19.8238
23:47:04	67.8810	-15.7465	20.0463
23:47:09	68.1870	-15.4459	20.2769
23:47:14	68.4925	-15.1378	20.5260
23:47:19	68.7975	-14.8219	20.7846
23:47:24	69.1019	-14.4977	21.0511
23:47:29	69.4058	-14.1650	21.3261
23:47:34	69.7091	-13.8234	21.6103
23:47:39	70.0001	-13.4863	171.2246
23:59:59	-999.00	-999.00	-999.00
