2024/09/28 EARTHCARE
GMT	SUBLAT[N+]	SUBLON[W+]	HEADING
03:07:16	-0.7410	16.5118	10.5447
03:07:21	-0.4171	16.5721	10.5450
03:07:26	-0.0933	16.6323	10.5444
03:07:31	0.2305	16.6926	10.5441
03:07:36	0.5543	16.7529	10.5452
03:07:41	0.8781	16.8132	10.5449
03:07:46	1.2020	16.8735	10.5446
03:07:51	1.5258	16.9338	10.5456
03:07:56	1.8496	16.9941	10.5464
03:08:01	2.1735	17.0544	10.5467
03:08:06	2.4973	17.1148	10.5478
03:08:11	2.8212	17.1751	10.5483
03:08:16	3.1450	17.2355	10.5486
03:08:21	3.4689	17.2959	10.5503
03:08:26	3.7927	17.3564	10.5526
03:08:31	4.1166	17.4168	10.5535
03:08:36	4.4404	17.4773	10.5550
03:08:41	4.7642	17.5379	10.5554
03:08:46	5.0881	17.5985	10.5556
03:08:51	5.4119	17.6591	10.5578
03:08:56	5.7358	17.7197	10.5590
03:09:01	6.0596	17.7804	10.5623
03:09:06	6.3834	17.8412	10.5645
03:09:11	6.7073	17.9020	10.5672
03:09:16	7.0311	17.9628	10.5688
03:09:21	7.3549	18.0238	10.5717
03:09:26	7.6787	18.0847	10.5751
03:09:31	8.0025	18.1458	10.5790
03:09:36	8.3263	18.2068	10.5817
03:09:41	8.6501	18.2680	10.5833
03:09:46	8.9739	18.3292	10.5845
03:09:51	9.2977	18.3905	10.5870
03:09:56	9.6215	18.4519	10.5902
03:10:01	9.9452	18.5134	10.5938
03:10:06	10.2690	18.5749	10.5978
03:10:11	10.5927	18.6365	10.6024
03:10:16	10.9165	18.6982	10.6066
03:10:21	11.2402	18.7600	10.6105
03:10:26	11.5639	18.8219	10.6157
03:10:31	11.8877	18.8839	10.6197
03:10:36	12.2114	18.9459	10.6258
03:10:41	12.5350	19.0081	10.6309
03:10:46	12.8587	19.0704	10.6329
03:10:51	13.1824	19.1328	10.6346
03:10:56	13.5060	19.1953	10.6387
03:11:01	13.8297	19.2579	10.6446
03:11:06	14.1533	19.3206	10.6502
03:11:11	14.4769	19.3834	10.6562
03:11:16	14.8005	19.4464	10.6621
03:11:21	15.1241	19.5095	10.6691
03:11:26	15.4476	19.5727	10.6756
03:11:31	15.7712	19.6360	10.6826
03:11:36	16.0947	19.6995	10.6892
03:11:41	16.4183	19.7631	10.6962
03:11:46	16.7417	19.8269	10.7022
03:11:51	17.0652	19.8908	10.7061
03:11:56	17.3887	19.9549	10.7086
03:12:01	17.7121	20.0191	10.7157
03:12:06	18.0356	20.0834	10.7233
03:12:11	18.3590	20.1479	10.7319
03:12:16	18.6824	20.2126	10.7403
03:12:21	19.0057	20.2775	10.7490
03:12:26	19.3291	20.3425	10.7574
03:12:31	19.6524	20.4077	10.7666
03:12:36	19.9757	20.4730	10.7757
03:12:41	20.2990	20.5386	10.7858
03:12:46	20.6223	20.6043	10.7948
03:12:51	20.9455	20.6703	10.8009
03:12:56	21.2687	20.7364	10.8057
03:13:01	21.5919	20.8027	10.8117
03:13:06	21.9151	20.8692	10.8228
04:39:48	-0.8705	39.6284	10.5452
04:39:53	-0.5467	39.6887	10.5449
04:39:58	-0.2229	39.7489	10.5443
04:40:03	0.1010	39.8092	10.5442
04:40:08	0.4248	39.8695	10.5445
04:40:13	0.7486	39.9298	10.5446
04:40:18	1.0724	39.9901	10.5453
04:40:23	1.3963	40.0504	10.5464
04:40:28	1.7201	40.1107	10.5463
04:40:33	2.0439	40.1710	10.5468
04:40:38	2.3678	40.2313	10.5469
04:40:43	2.6916	40.2917	10.5469
04:40:48	3.0155	40.3521	10.5482
04:40:53	3.3393	40.4125	10.5490
04:40:58	3.6632	40.4729	10.5498
04:41:03	3.9870	40.5334	10.5518
04:41:08	4.3109	40.5938	10.5534
04:41:13	4.6347	40.6544	10.5556
04:41:18	4.9585	40.7149	10.5576
04:41:23	5.2824	40.7755	10.5585
04:41:28	5.6062	40.8362	10.5612
04:41:33	5.9301	40.8969	10.5630
04:41:38	6.2539	40.9576	10.5644
04:41:43	6.5777	41.0184	10.5649
04:41:48	6.9015	41.0792	10.5664
04:41:53	7.2254	41.1401	10.5686
04:41:58	7.5492	41.2010	10.5721
04:42:03	7.8730	41.2620	10.5755
04:42:08	8.1968	41.3231	10.5782
04:42:13	8.5206	41.3842	10.5808
04:42:18	8.8444	41.4454	10.5855
04:42:23	9.1682	41.5067	10.5883
04:42:28	9.4920	41.5681	10.5924
04:42:33	9.8157	41.6295	10.5961
04:42:38	10.1395	41.6910	10.6002
04:42:43	10.4632	41.7526	10.6015
04:42:48	10.7870	41.8142	10.6034
04:42:53	11.1107	41.8760	10.6058
04:42:58	11.4345	41.9378	10.6111
04:43:03	11.7582	41.9998	10.6152
04:43:08	12.0819	42.0618	10.6200
04:43:13	12.4056	42.1239	10.6259
04:43:18	12.7292	42.1862	10.6306
04:43:23	13.0529	42.2485	10.6357
04:43:28	13.3766	42.3110	10.6417
04:43:33	13.7002	42.3735	10.6469
04:43:38	14.0238	42.4362	10.6535
04:43:43	14.3475	42.4990	10.6573
04:43:48	14.6711	42.5619	10.6599
04:43:53	14.9947	42.6249	10.6627
04:43:58	15.3182	42.6881	10.6686
04:44:03	15.6418	42.7514	10.6750
04:44:08	15.9653	42.8148	10.6819
04:44:13	16.2888	42.8784	10.6892
04:44:18	16.6124	42.9421	10.6958
04:44:23	16.9358	43.0059	10.7040
04:44:28	17.2593	43.0699	10.7108
04:44:33	17.5828	43.1341	10.7191
04:44:38	17.9062	43.1984	10.7274
04:44:43	18.2296	43.2628	10.7357
04:44:48	18.5530	43.3274	10.7391
04:44:53	18.8764	43.3922	10.7431
04:44:58	19.1997	43.4572	10.7491
04:45:03	19.5231	43.5223	10.7579
04:45:08	19.8464	43.5876	10.7672
04:45:13	20.1697	43.6531	10.7758
04:45:18	20.4930	43.7187	10.7858
04:45:23	20.8162	43.7846	10.7960
04:45:28	21.1394	43.8506	10.8060
04:45:33	21.4626	43.9168	10.8160
04:45:38	21.7858	43.9833	10.8265
14:41:20	0.9992	10.0000	169.4549
14:41:25	0.6753	10.0603	169.4550
14:41:30	0.3515	10.1206	169.4551
14:41:35	0.0277	10.1808	169.4549
14:41:40	-0.2961	10.2411	169.4558
14:41:45	-0.6200	10.3014	169.4553
14:41:50	-0.9438	10.3617	169.4542
16:08:32	21.8061	29.1297	169.1790
16:08:37	21.4829	29.1961	169.1839
16:08:42	21.1597	29.2623	169.1894
16:08:47	20.8365	29.3284	169.1962
16:08:52	20.5133	29.3943	169.2059
16:08:57	20.1900	29.4599	169.2158
16:09:02	19.8667	29.5254	169.2248
16:09:07	19.5434	29.5907	169.2347
16:09:12	19.2201	29.6559	169.2438
16:09:17	18.8967	29.7208	169.2524
16:09:22	18.5733	29.7856	169.2615
16:09:27	18.2500	29.8503	169.2692
16:09:32	17.9265	29.9147	169.2774
16:09:37	17.6031	29.9790	169.2836
16:09:42	17.2797	30.0432	169.2870
16:09:47	16.9562	30.1072	169.2906
16:09:52	16.6327	30.1710	169.2964
16:09:57	16.3092	30.2347	169.3042
16:10:02	15.9857	30.2983	169.3116
16:10:07	15.6621	30.3618	169.3184
16:10:12	15.3386	30.4251	169.3258
16:10:17	15.0150	30.4882	169.3319
16:10:22	14.6914	30.5513	169.3383
16:10:27	14.3678	30.6142	169.3443
16:10:32	14.0442	30.6770	169.3507
16:10:37	13.7206	30.7397	169.3557
16:10:42	13.3969	30.8022	169.3595
16:10:47	13.0733	30.8647	169.3621
16:10:52	12.7496	30.9270	169.3648
16:10:57	12.4259	30.9893	169.3698
16:11:02	12.1022	31.0514	169.3750
16:11:07	11.7785	31.1135	169.3806
16:11:12	11.4548	31.1754	169.3848
16:11:17	11.1311	31.2373	169.3894
16:11:22	10.8074	31.2990	169.3936
16:11:27	10.4836	31.3607	169.3981
16:11:32	10.1599	31.4223	169.4021
16:11:37	9.8361	31.4838	169.4064
16:11:42	9.5123	31.5452	169.4094
16:11:47	9.1885	31.6066	169.4111
16:11:52	8.8648	31.6678	169.4122
16:11:57	8.5410	31.7290	169.4153
16:12:02	8.2172	31.7902	169.4188
16:12:07	7.8934	31.8512	169.4217
16:12:12	7.5695	31.9123	169.4251
16:12:17	7.2457	31.9732	169.4287
16:12:22	6.9219	32.0341	169.4310
16:12:27	6.5981	32.0949	169.4328
16:12:32	6.2743	32.1557	169.4368
16:12:37	5.9504	32.2164	169.4383
16:12:42	5.6266	32.2771	169.4402
16:12:47	5.3027	32.3378	169.4415
16:12:52	4.9789	32.3984	169.4423
16:12:57	4.6551	32.4589	169.4427
16:13:02	4.3312	32.5195	169.4451
16:13:07	4.0074	32.5800	169.4468
16:13:12	3.6835	32.6404	169.4481
16:13:17	3.3597	32.7009	169.4497
16:13:22	3.0358	32.7613	169.4508
16:13:27	2.7120	32.8216	169.4522
16:13:32	2.3882	32.8820	169.4531
16:13:37	2.0643	32.9423	169.4533
16:13:42	1.7405	33.0027	169.4548
16:13:47	1.4166	33.0630	169.4550
16:13:52	1.0928	33.1233	169.4543
16:13:57	0.7690	33.1836	169.4552
16:14:02	0.4451	33.2438	169.4552
16:14:07	0.1213	33.3041	169.4549
16:14:12	-0.2025	33.3644	169.4557
16:14:17	-0.5263	33.4247	169.4552
16:14:22	-0.8501	33.4850	169.4549
17:41:04	21.9354	52.2437	169.1697
17:41:09	21.6122	52.3103	169.1802
17:41:14	21.2890	52.3766	169.1905
17:41:19	20.9658	52.4427	169.2010
17:41:24	20.6426	52.5087	169.2103
17:41:29	20.3193	52.5744	169.2204
17:41:34	19.9960	52.6400	169.2266
17:41:39	19.6727	52.7053	169.2309
17:41:44	19.3494	52.7705	169.2348
17:41:49	19.0261	52.8356	169.2441
17:41:54	18.7027	52.9004	169.2529
17:41:59	18.3793	52.9651	169.2612
17:42:04	18.0559	53.0297	169.2694
17:42:09	17.7325	53.0940	169.2778
17:42:14	17.4090	53.1582	169.2859
17:42:19	17.0856	53.2223	169.2928
17:42:24	16.7621	53.2862	169.3007
17:42:29	16.4386	53.3500	169.3084
17:42:34	16.1151	53.4136	169.3149
17:42:39	15.7915	53.4771	169.3176
17:42:44	15.4680	53.5405	169.3206
17:42:49	15.1444	53.6037	169.3256
17:42:54	14.8209	53.6668	169.3327
17:42:59	14.4973	53.7297	169.3386
17:43:04	14.1736	53.7926	169.3438
17:43:09	13.8500	53.8553	169.3506
17:43:14	13.5264	53.9179	169.3558
17:43:19	13.2027	53.9804	169.3624
17:43:24	12.8791	54.0428	169.3667
17:43:29	12.5554	54.1051	169.3723
17:43:34	12.2317	54.1673	169.3782
17:43:39	11.9080	54.2294	169.3811
17:43:44	11.5843	54.2913	169.3835
17:43:49	11.2606	54.3532	169.3855
17:43:54	10.9368	54.4150	169.3887
17:43:59	10.6131	54.4767	169.3939
17:44:04	10.2894	54.5384	169.3986
17:44:09	9.9656	54.5999	169.4018
17:44:14	9.6418	54.6613	169.4064
17:44:19	9.3181	54.7227	169.4097
17:44:24	8.9943	54.7840	169.4132
17:44:29	8.6705	54.8453	169.4171
17:44:34	8.3467	54.9064	169.4205
17:44:39	8.0229	54.9675	169.4241
17:44:44	7.6991	55.0286	169.4256
17:44:49	7.3753	55.0895	169.4257
17:44:54	7.0514	55.1504	169.4279
17:44:59	6.7276	55.2113	169.4314
17:45:04	6.4038	55.2721	169.4333
17:45:09	6.0800	55.3329	169.4355
17:45:14	5.7561	55.3936	169.4381
17:45:19	5.4323	55.4542	169.4403
17:45:24	5.1084	55.5149	169.4427
17:45:29	4.7846	55.5754	169.4436
17:45:34	4.4608	55.6360	169.4460
17:45:39	4.1369	55.6965	169.4476
17:45:44	3.8131	55.7569	169.4489
17:45:49	3.4892	55.8174	169.4494
17:45:54	3.1654	55.8778	169.4502
17:45:59	2.8415	55.9382	169.4506
17:46:04	2.5177	55.9986	169.4523
17:46:09	2.1938	56.0589	169.4524
17:46:14	1.8700	56.1192	169.4530
17:46:19	1.5462	56.1796	169.4537
17:46:24	1.2223	56.2399	169.4549
17:46:29	0.8985	56.3001	169.4555
17:46:34	0.5747	56.3604	169.4555
17:46:39	0.2508	56.4207	169.4558
17:46:44	-0.0730	56.4810	169.4550
17:46:49	-0.3968	56.5413	169.4551
17:46:54	-0.7206	56.6015	169.4546
17:46:58	-1.0000	56.6536	269.7326
23:59:59	-999.00	-999.00	-999.00
