2024/10/01 EARTHCARE
GMT	SUBLAT[N+]	SUBLON[W+]	HEADING
03:35:06	-1.8678	23.3467	10.5559
03:35:11	-1.5441	23.4071	10.5549
03:35:16	-1.2203	23.4674	10.5559
03:35:21	-0.8966	23.5277	10.5550
03:35:26	-0.5729	23.5881	10.5547
03:35:31	-0.2492	23.6484	10.5539
03:35:36	0.0724	23.7083	10.5540
03:35:41	0.3961	23.7686	10.5545
03:35:46	0.7199	23.8290	10.5537
03:35:51	1.0437	23.8893	10.5541
03:35:56	1.3674	23.9496	10.5546
03:36:01	1.6912	24.0100	10.5553
03:36:06	2.0150	24.0703	10.5559
03:36:11	2.3388	24.1307	10.5569
03:36:16	2.6625	24.1911	10.5567
03:36:21	2.9863	24.2515	10.5572
03:36:26	3.3101	24.3120	10.5580
03:36:31	3.6339	24.3725	10.5597
03:36:36	3.9577	24.4330	10.5607
03:36:41	4.2815	24.4935	10.5616
03:36:46	4.6053	24.5541	10.5638
03:36:51	4.9290	24.6147	10.5658
03:36:56	5.2528	24.6753	10.5682
03:37:01	5.5766	24.7360	10.5703
03:37:06	5.9004	24.7967	10.5711
03:37:11	6.2242	24.8575	10.5744
03:37:16	6.5480	24.9183	10.5763
03:37:21	6.8717	24.9792	10.5771
03:37:26	7.1955	25.0401	10.5776
03:37:31	7.5193	25.1011	10.5804
03:37:36	7.8430	25.1621	10.5826
03:37:41	8.1668	25.2232	10.5865
03:37:46	8.4906	25.2844	10.5898
03:37:51	8.8143	25.3456	10.5929
03:37:56	9.1381	25.4069	10.5964
03:38:01	9.4618	25.4683	10.6004
03:38:06	9.7855	25.5298	10.6042
03:38:11	10.1092	25.5913	10.6085
03:38:16	10.4330	25.6530	10.6123
03:38:21	10.7567	25.7147	10.6140
03:38:26	11.0804	25.7765	10.6164
03:38:31	11.4041	25.8383	10.6192
03:38:36	11.7277	25.9003	10.6234
03:38:41	12.0514	25.9624	10.6278
03:38:46	12.3751	26.0246	10.6331
03:38:51	12.6987	26.0868	10.6386
03:38:56	13.0224	26.1492	10.6438
03:39:01	13.3460	26.2117	10.6496
03:39:06	13.6696	26.2743	10.6550
03:39:11	13.9932	26.3370	10.6615
03:39:16	14.3168	26.3998	10.6670
03:39:21	14.6404	26.4628	10.6721
03:39:26	14.9639	26.5259	10.6741
03:39:31	15.2875	26.5891	10.6774
03:39:36	15.6110	26.6524	10.6830
03:39:41	15.9345	26.7159	10.6899
03:39:46	16.2581	26.7795	10.6963
03:39:51	16.5815	26.8432	10.7039
03:39:56	16.9050	26.9071	10.7121
03:40:01	17.2285	26.9711	10.7197
03:40:06	17.5519	27.0353	10.7269
03:40:11	17.8753	27.0996	10.7356
03:40:16	18.1987	27.1641	10.7427
03:40:21	18.5221	27.2288	10.7520
03:40:26	18.8455	27.2936	10.7560
03:40:31	19.1688	27.3586	10.7596
03:40:36	19.4921	27.4238	10.7658
03:40:41	19.8155	27.4891	10.7744
03:40:46	20.1387	27.5546	10.7839
03:40:51	20.4620	27.6203	10.7929
03:40:56	20.7852	27.6862	10.8031
03:41:01	21.1085	27.7523	10.8122
03:41:06	21.4317	27.8185	10.8232
03:41:11	21.7548	27.8850	10.8337
16:36:31	21.9755	36.1120	169.1568
16:36:36	21.6521	36.1786	169.1672
16:36:41	21.3288	36.2451	169.1778
16:36:46	21.0055	36.3113	169.1876
16:36:51	20.6821	36.3774	169.1976
16:36:56	20.3587	36.4432	169.2076
16:37:01	20.0353	36.5089	169.2169
16:37:06	19.7118	36.5743	169.2258
16:37:11	19.3884	36.6396	169.2354
16:37:16	19.0649	36.7048	169.2439
16:37:21	18.7414	36.7697	169.2476
16:37:26	18.4179	36.8345	169.2519
16:37:31	18.0943	36.8991	169.2580
16:37:36	17.7708	36.9636	169.2664
16:37:41	17.4472	37.0279	169.2736
16:37:46	17.1236	37.0921	169.2811
16:37:51	16.8000	37.1561	169.2900
16:37:56	16.4764	37.2199	169.2966
16:38:01	16.1527	37.2836	169.3039
16:38:06	15.8290	37.3472	169.3113
16:38:11	15.5054	37.4106	169.3176
16:38:16	15.1817	37.4740	169.3241
16:38:21	14.8580	37.5371	169.3288
16:38:26	14.5342	37.6002	169.3311
16:38:31	14.2105	37.6631	169.3348
16:38:36	13.8867	37.7259	169.3397
16:38:41	13.5630	37.7886	169.3458
16:38:46	13.2392	37.8512	169.3513
16:38:51	12.9154	37.9137	169.3572
16:38:56	12.5916	37.9760	169.3619
16:39:01	12.2678	38.0383	169.3677
16:39:06	11.9440	38.1005	169.3731
16:39:11	11.6201	38.1625	169.3771
16:39:16	11.2963	38.2245	169.3824
16:39:21	10.9724	38.2864	169.3863
16:39:26	10.6486	38.3481	169.3890
16:39:31	10.3247	38.4098	169.3901
16:39:36	10.0008	38.4714	169.3925
16:39:41	9.6769	38.5330	169.3970
16:39:46	9.3531	38.5944	169.4001
16:39:51	9.0292	38.6558	169.4045
16:39:56	8.7052	38.7171	169.4082
16:40:01	8.3813	38.7784	169.4115
16:40:06	8.0574	38.8395	169.4151
16:40:11	7.7335	38.9006	169.4174
16:40:16	7.4096	38.9617	169.4209
16:40:21	7.0856	39.0227	169.4230
16:40:26	6.7617	39.0836	169.4255
16:40:31	6.4378	39.1445	169.4266
16:40:36	6.1138	39.2053	169.4279
16:40:41	5.7899	39.2661	169.4295
16:40:46	5.4659	39.3268	169.4316
16:40:51	5.1420	39.3875	169.4339
16:40:56	4.8180	39.4481	169.4366
16:41:01	4.4941	39.5087	169.4370
16:41:06	4.1701	39.5693	169.4388
16:41:11	3.8462	39.6298	169.4405
16:41:16	3.5222	39.6904	169.4421
16:41:21	3.1983	39.7508	169.4430
16:41:26	2.8743	39.8113	169.4450
16:41:31	2.5504	39.8717	169.4447
16:41:36	2.2264	39.9321	169.4457
16:41:41	1.9025	39.9925	169.4456
23:59:59	-999.00	-999.00	-999.00
