2024/11/05 EARTHCARE
GMT	SUBLAT[N+]	SUBLON[W+]	HEADING
01:14:54	35.2575	-6.3542	11.4737
01:14:59	35.5792	-6.2741	11.4918
01:15:04	35.9008	-6.1934	11.5084
01:15:09	36.2225	-6.1123	11.5257
01:15:14	36.5440	-6.0307	11.5511
01:15:19	36.8655	-5.9486	11.5777
01:15:24	37.1870	-5.8659	11.6046
01:15:29	37.5084	-5.7828	11.6313
01:15:34	37.8297	-5.6991	11.6598
01:15:39	38.1510	-5.6148	11.6880
01:15:44	38.4723	-5.5301	11.7171
01:15:49	38.7935	-5.4447	11.7460
01:15:54	39.1146	-5.3587	11.7764
01:15:59	39.4357	-5.2722	11.8052
01:16:04	39.7567	-5.1850	11.8267
01:16:09	40.0777	-5.0973	11.8502
01:16:14	40.3986	-5.0089	11.8784
01:16:19	40.7194	-4.9199	11.9105
01:16:24	41.0402	-4.8302	11.9444
01:16:29	41.3609	-4.7398	11.9790
01:16:34	41.6816	-4.6488	12.0135
01:16:39	42.0022	-4.5570	12.0501
01:16:44	42.3227	-4.4646	12.0860
01:16:49	42.6432	-4.3714	12.1238
01:16:54	42.9636	-4.2775	12.1609
01:16:59	43.2839	-4.1828	12.1999
01:17:04	43.6042	-4.0873	12.2325
01:17:09	43.9244	-3.9910	12.2631
01:17:14	44.2445	-3.8940	12.2949
01:17:19	44.5646	-3.7961	12.3358
01:17:24	44.8846	-3.6973	12.3782
01:17:29	45.2045	-3.5977	12.4217
01:17:34	45.5243	-3.4972	12.4659
01:17:39	45.8441	-3.3958	12.5109
01:17:44	46.1638	-3.2935	12.5570
01:17:49	46.4834	-3.1902	12.6046
01:17:54	46.8029	-3.0859	12.6523
01:17:59	47.1223	-2.9807	12.7009
01:18:04	47.4417	-2.8744	12.7502
01:18:09	47.7610	-2.7671	12.7904
01:18:14	48.0802	-2.6588	12.8322
01:18:19	48.3993	-2.5493	12.8795
01:18:24	48.7183	-2.4388	12.9333
01:18:29	49.0372	-2.3271	12.9885
01:18:34	49.3560	-2.2142	13.0452
01:18:39	49.6748	-2.1002	13.1025
01:18:44	49.9934	-1.9849	13.1612
01:18:49	50.3119	-1.8684	13.2215
01:18:54	50.6304	-1.7505	13.2833
01:18:59	50.9487	-1.6314	13.3457
01:19:04	51.2670	-1.5109	13.4094
01:19:09	51.5851	-1.3890	13.4686
01:19:14	51.9031	-1.2658	13.5244
01:19:19	52.2210	-1.1410	13.5812
01:19:24	52.5388	-1.0148	13.6494
01:19:29	52.8565	-0.8870	13.7204
01:19:34	53.1741	-0.7577	13.7929
01:19:39	53.4915	-0.6268	13.8679
01:19:44	53.8089	-0.4942	13.9435
01:19:49	54.1261	-0.3599	14.0211
01:19:54	54.4431	-0.2238	14.1010
01:19:59	54.7601	-0.0860	14.1818
01:20:04	55.0769	0.0537	14.2649
01:20:09	55.3936	0.1952	14.3493
01:20:14	55.7101	0.3387	14.4242
01:20:19	56.0265	0.4842	14.5017
01:20:24	56.3427	0.6318	14.5840
01:20:29	56.6588	0.7814	14.6768
01:20:34	56.9748	0.9332	14.7718
01:20:39	57.2906	1.0873	14.8693
01:20:44	57.6062	1.2436	14.9683
01:20:49	57.9217	1.4024	15.0702
01:20:54	58.2369	1.5635	15.1748
01:20:59	58.5521	1.7272	15.2814
01:21:04	58.8670	1.8934	15.3908
01:21:09	59.1817	2.0623	15.5032
01:21:14	59.4963	2.2340	15.6118
01:21:19	59.8107	2.4085	15.7166
01:21:24	60.1248	2.5859	15.8251
01:21:29	60.4388	2.7663	15.9456
01:21:34	60.7525	2.9498	16.0718
01:21:39	61.0661	3.1365	16.2015
01:21:44	61.3794	3.3265	16.3349
01:21:49	61.6924	3.5199	16.4711
01:21:54	62.0053	3.7169	16.6108
01:21:59	62.3179	3.9175	16.7543
01:22:04	62.6302	4.1219	16.9017
01:22:09	62.9423	4.3301	17.0525
01:22:14	63.2541	4.5424	17.2080
01:22:19	63.5656	4.7589	17.3550
01:22:24	63.8769	4.9797	17.5056
01:22:29	64.1878	5.2050	17.6641
01:22:34	64.4984	5.4348	17.8370
01:22:39	64.8087	5.6695	18.0144
01:22:44	65.1187	5.9091	18.1969
01:22:49	65.4284	6.1539	18.3838
01:22:54	65.7377	6.4040	18.5769
01:22:59	66.0466	6.6597	18.7752
01:23:04	66.3551	6.9211	18.9793
01:23:09	66.6633	7.1885	19.1895
01:23:14	66.9710	7.4621	19.4055
01:23:19	67.2783	7.7422	19.6227
01:23:24	67.5852	8.0290	19.8389
01:23:29	67.8916	8.3227	20.0623
01:23:34	68.1976	8.6237	20.3022
01:23:39	68.5030	8.9323	20.5534
01:23:44	68.8079	9.2488	20.8120
01:23:49	69.1123	9.5734	21.0791
01:23:54	69.4161	9.9066	21.3553
01:23:59	69.7193	10.2488	21.6396
01:24:03	70.0010	10.5755	171.2488
02:47:26	35.2578	16.7794	11.4735
02:47:31	35.5795	16.8596	11.4918
02:47:36	35.9011	16.9402	11.5083
02:47:41	36.2227	17.0213	11.5256
02:47:46	36.5443	17.1030	11.5510
02:47:51	36.8658	17.1851	11.5775
02:47:56	37.1873	17.2677	11.6046
02:48:01	37.5087	17.3509	11.6319
02:48:06	37.8300	17.4346	11.6597
02:48:11	38.1513	17.5188	11.6877
02:48:16	38.4726	17.6036	11.7171
02:48:21	38.7938	17.6890	11.7457
02:48:26	39.1149	17.7749	11.7763
02:48:31	39.4360	17.8615	11.8052
02:48:36	39.7570	17.9486	11.8275
02:48:41	40.0780	18.0364	11.8501
02:48:46	40.3989	18.1248	11.8775
02:48:51	40.7197	18.2138	11.9113
02:48:56	41.0405	18.3035	11.9444
02:49:01	41.3612	18.3938	11.9790
02:49:06	41.6819	18.4849	12.0141
02:49:11	42.0025	18.5766	12.0494
02:49:16	42.3230	18.6691	12.0860
02:49:21	42.6435	18.7623	12.1231
02:49:26	42.9639	18.8562	12.1608
02:49:31	43.2842	18.9509	12.2000
02:49:36	43.6045	19.0464	12.2325
02:49:41	43.9247	19.1426	12.2630
02:49:46	44.2448	19.2397	12.2942
02:49:51	44.5649	19.3376	12.3358
02:49:56	44.8849	19.4363	12.3781
02:50:01	45.2048	19.5360	12.4215
02:50:06	45.5246	19.6365	12.4657
02:50:11	45.8444	19.7379	12.5109
02:50:16	46.1641	19.8402	12.5569
02:50:21	46.4837	19.9435	12.6045
02:50:26	46.8032	20.0477	12.6525
02:50:31	47.1226	20.1530	12.7014
02:50:36	47.4420	20.2592	12.7499
02:50:41	47.7613	20.3665	12.7909
02:50:46	48.0804	20.4749	12.8324
02:50:51	48.3995	20.5843	12.8793
02:50:56	48.7186	20.6949	12.9331
02:51:01	49.0375	20.8066	12.9884
02:51:06	49.3563	20.9194	13.0451
02:51:11	49.6750	21.0335	13.1032
02:51:16	49.9937	21.1488	13.1616
02:51:21	50.3122	21.2653	13.2214
02:51:26	50.6307	21.3831	13.2832
02:51:31	50.9490	21.5023	13.3456
02:51:36	51.2672	21.6228	13.4101
02:51:41	51.5854	21.7446	13.4686
02:51:46	51.9034	21.8679	13.5244
02:51:51	52.2213	21.9927	13.5816
02:51:56	52.5391	22.1189	13.6493
02:52:01	52.8568	22.2467	13.7210
02:52:06	53.1744	22.3760	13.7935
02:52:11	53.4918	22.5069	13.8678
02:52:16	53.8091	22.6395	13.9434
02:52:21	54.1263	22.7738	14.0212
02:52:26	54.4434	22.9098	14.1009
02:52:31	54.7604	23.0477	14.1817
02:52:36	55.0772	23.1874	14.2651
02:52:41	55.3938	23.3289	14.3495
02:52:46	55.7104	23.4724	14.4241
02:52:51	56.0268	23.6179	14.5016
02:52:56	56.3430	23.7655	14.5844
02:53:01	56.6591	23.9151	14.6771
02:53:06	56.9751	24.0669	14.7717
02:53:11	57.2908	24.2210	14.8692
02:53:16	57.6065	24.3773	14.9691
02:53:21	57.9219	24.5361	15.0710
02:53:26	58.2372	24.6972	15.1747
02:53:31	58.5523	24.8609	15.2817
02:53:35	58.8093	24.9963	271.9085
12:28:13	44.7515	-29.9190	167.6293
12:28:18	44.4314	-29.8206	167.6616
12:28:23	44.1113	-29.7231	167.6960
12:28:28	43.7912	-29.6263	167.7370
12:28:33	43.4709	-29.5304	167.7767
12:28:38	43.1506	-29.4352	167.8160
12:28:43	42.8302	-29.3408	167.8546
12:28:48	42.5097	-29.2472	167.8923
12:28:53	42.1892	-29.1543	167.9291
12:28:58	41.8686	-29.0622	167.9654
12:29:03	41.5480	-28.9707	168.0004
12:29:08	41.2273	-28.8799	168.0352
12:29:13	40.9065	-28.7899	168.0641
12:29:18	40.5857	-28.7004	168.0883
12:29:23	40.2648	-28.6117	168.1130
12:29:28	39.9438	-28.5235	168.1431
12:29:33	39.6228	-28.4360	168.1745
12:29:38	39.3017	-28.3491	168.2051
12:29:43	38.9806	-28.2628	168.2359
12:29:48	38.6594	-28.1771	168.2658
12:29:53	38.3382	-28.0920	168.2949
12:29:58	38.0169	-28.0074	168.3241
12:30:03	37.6955	-27.9234	168.3517
12:30:08	37.3741	-27.8399	168.3794
12:30:13	37.0527	-27.7570	168.4063
12:30:18	36.7312	-27.6745	168.4250
12:30:23	36.4096	-27.5926	168.4426
12:30:28	36.0880	-27.5112	168.4622
12:30:33	35.7664	-27.4303	168.4870
12:30:38	35.4447	-27.3498	168.5119
12:30:43	35.1229	-27.2699	168.5364
13:54:05	69.8832	-20.9603	158.2042
13:54:10	69.5803	-20.6132	158.4934
13:54:15	69.2768	-20.2751	158.7741
13:54:20	68.9727	-19.9459	159.0456
13:54:25	68.6680	-19.6250	159.2971
13:54:30	68.3629	-19.3122	159.5393
13:54:35	68.0572	-19.0071	159.7762
13:54:40	67.7510	-18.7095	160.0163
13:54:45	67.4444	-18.4189	160.2501
13:54:50	67.1373	-18.1352	160.4757
13:54:55	66.8298	-17.8582	160.6955
13:55:00	66.5218	-17.5874	160.9090
13:55:05	66.2135	-17.3228	161.1164
13:55:10	65.9047	-17.0640	161.3182
13:55:15	65.5956	-16.8109	161.5135
13:55:20	65.2862	-16.5632	161.7037
13:55:25	64.9763	-16.3208	161.8843
13:55:30	64.6662	-16.0835	162.0515
13:55:35	64.3557	-15.8511	162.2139
13:55:40	64.0449	-15.6233	162.3805
13:55:45	63.7338	-15.4002	162.5462
13:55:50	63.4224	-15.1814	162.7080
13:55:55	63.1108	-14.9668	162.8654
13:56:00	62.7988	-14.7564	163.0182
13:56:05	62.4866	-14.5499	163.1682
13:56:10	62.1741	-14.3473	163.3132
13:56:15	61.8614	-14.1483	163.4552
13:56:20	61.5484	-13.9530	163.5934
13:56:25	61.2352	-13.7612	163.7284
13:56:30	60.9218	-13.5727	163.8494
13:56:35	60.6082	-13.3875	163.9647
13:56:40	60.2943	-13.2054	164.0794
13:56:45	59.9802	-13.0264	164.2012
13:56:50	59.6660	-12.8503	164.3205
13:56:55	59.3515	-12.6771	164.4367
13:57:00	59.0368	-12.5067	164.5505
13:57:05	58.7220	-12.3390	164.6609
13:57:10	58.4069	-12.1740	164.7688
13:57:15	58.0917	-12.0115	164.8750
13:57:20	57.7763	-11.8514	164.9782
13:57:25	57.4608	-11.6938	165.0789
13:57:30	57.1451	-11.5385	165.1735
13:57:35	56.8292	-11.3855	165.2579
13:57:40	56.5132	-11.2347	165.3404
13:57:45	56.1970	-11.0860	165.4274
13:57:50	55.8806	-10.9394	165.5173
13:57:55	55.5642	-10.7948	165.6053
13:58:00	55.2475	-10.6522	165.6912
13:58:05	54.9308	-10.5115	165.7751
13:58:10	54.6139	-10.3727	165.8564
13:58:15	54.2969	-10.2357	165.9372
13:58:20	53.9797	-10.1004	166.0159
13:58:25	53.6624	-9.9669	166.0924
13:58:30	53.3450	-9.8351	166.1678
13:58:35	53.0275	-9.7049	166.2329
13:58:40	52.7099	-9.5763	166.2934
13:58:45	52.3921	-9.4492	166.3535
13:58:50	52.0742	-9.3237	166.4228
13:58:55	51.7562	-9.1996	166.4905
13:59:00	51.4381	-9.0770	166.5561
13:59:05	51.1199	-8.9557	166.6210
13:59:10	50.8016	-8.8359	166.6847
13:59:15	50.4832	-8.7173	166.7468
13:59:20	50.1647	-8.6001	166.8070
13:59:25	49.8461	-8.4841	166.8669
13:59:30	49.5274	-8.3694	166.9249
13:59:35	49.2086	-8.2559	166.9800
13:59:40	48.8897	-8.1436	167.0252
13:59:45	48.5707	-8.0324	167.0694
13:59:50	48.2517	-7.9224	167.1184
13:59:55	47.9325	-7.8134	167.1710
14:00:00	47.6132	-7.7056	167.2225
14:00:05	47.2939	-7.5987	167.2729
14:00:10	46.9745	-7.4929	167.3223
14:00:15	46.6550	-7.3882	167.3709
14:00:20	46.3354	-7.2843	167.4184
14:00:25	46.0157	-7.1815	167.4651
14:00:30	45.6960	-7.0796	167.5107
14:00:35	45.3762	-6.9786	167.5557
14:00:40	45.0563	-6.8785	167.5935
14:00:45	44.7363	-6.7793	167.6257
14:00:50	44.4163	-6.6809	167.6580
14:00:55	44.0962	-6.5834	167.6995
14:01:00	43.7760	-6.4867	167.7397
14:01:05	43.4557	-6.3908	167.7795
14:01:10	43.1354	-6.2957	167.8195
14:01:15	42.8150	-6.2013	167.8571
14:01:20	42.4945	-6.1078	167.8953
14:01:25	42.1740	-6.0149	167.9322
14:01:30	41.8534	-5.9228	167.9679
14:01:35	41.5328	-5.8314	168.0030
14:01:40	41.2121	-5.7406	168.0366
14:01:45	40.8913	-5.6506	168.0610
14:01:50	40.5704	-5.5612	168.0859
14:01:55	40.2495	-5.4725	168.1132
14:02:00	39.9286	-5.3843	168.1453
14:02:05	39.6076	-5.2969	168.1775
14:02:10	39.2865	-5.2100	168.2081
14:02:15	38.9654	-5.1237	168.2383
14:02:20	38.6442	-5.0380	168.2683
14:02:25	38.3229	-4.9529	168.2979
14:02:30	38.0016	-4.8684	168.3259
14:02:35	37.6803	-4.7844	168.3541
14:02:40	37.3589	-4.7009	168.3814
14:02:45	37.0374	-4.6180	168.4040
14:02:50	36.7159	-4.5356	168.4216
14:02:55	36.3944	-4.4537	168.4390
14:03:00	36.0728	-4.3723	168.4643
14:03:05	35.7511	-4.2914	168.4899
14:03:10	35.4294	-4.2110	168.5141
14:03:15	35.1077	-4.1310	168.5387
15:26:37	69.8836	2.1741	158.2031
15:26:42	69.5807	2.5212	158.4933
15:26:47	69.2772	2.8593	158.7733
15:26:52	68.9731	3.1885	159.0451
15:26:57	68.6685	3.5094	159.2969
15:27:02	68.3633	3.8222	159.5390
15:27:07	68.0576	4.1273	159.7759
15:27:12	67.7515	4.4250	160.0164
15:27:17	67.4448	4.7155	160.2492
15:27:22	67.1378	4.9992	160.4757
15:27:27	66.8302	5.2763	160.6955
15:27:32	66.5223	5.5471	160.9088
15:27:37	66.2140	5.8117	161.1161
15:27:42	65.9052	6.0705	161.3173
15:27:47	65.5961	6.3236	161.5135
15:27:52	65.2866	6.5713	161.7036
15:27:57	64.9768	6.8137	161.8840
15:28:02	64.6667	7.0510	162.0514
15:28:07	64.3562	7.2835	162.2140
15:28:12	64.0454	7.5112	162.3799
15:28:17	63.7343	7.7344	162.5458
15:28:22	63.4229	7.9532	162.7077
15:28:27	63.1113	8.1678	162.8646
15:28:32	62.7993	8.3782	163.0181
15:28:37	62.4871	8.5847	163.1674
15:28:42	62.1746	8.7873	163.3131
15:28:47	61.8619	8.9862	163.4551
15:28:52	61.5489	9.1816	163.5932
15:28:57	61.2358	9.3734	163.7280
15:29:02	60.9223	9.5619	163.8493
15:29:07	60.6087	9.7471	163.9649
15:29:12	60.2948	9.9292	164.0792
15:29:17	59.9808	10.1082	164.2010
15:29:22	59.6665	10.2843	164.3199
15:29:27	59.3520	10.4575	164.4364
15:29:32	59.0373	10.6279	164.5498
15:29:37	58.7225	10.7956	164.6607
15:29:42	58.4075	10.9607	164.7686
15:29:47	58.0923	11.1232	164.8745
15:29:52	57.7769	11.2832	164.9777
15:29:57	57.4613	11.4408	165.0784
15:30:02	57.1456	11.5961	165.1737
15:30:07	56.8297	11.7492	165.2576
15:30:12	56.5137	11.9000	165.3403
15:30:17	56.1975	12.0487	165.4271
15:30:22	55.8812	12.1953	165.5168
15:30:27	55.5647	12.3399	165.6047
15:30:32	55.2481	12.4825	165.6906
15:30:37	54.9313	12.6232	165.7748
15:30:42	54.6145	12.7620	165.8566
15:30:47	54.2974	12.8990	165.9374
15:30:52	53.9803	13.0342	166.0154
15:30:57	53.6630	13.1678	166.0926
15:31:02	53.3456	13.2996	166.1673
15:31:07	53.0281	13.4298	166.2331
15:31:12	52.7104	13.5584	166.2939
15:31:17	52.3927	13.6854	166.3529
15:31:22	52.0748	13.8110	166.4223
15:31:27	51.7568	13.9351	166.4905
15:31:32	51.4387	14.0577	166.5561
15:31:37	51.1205	14.1790	166.6206
15:31:42	50.8022	14.2988	166.6842
15:31:47	50.4838	14.4174	166.7466
15:31:52	50.1653	14.5346	166.8072
15:31:57	49.8467	14.6505	166.8665
15:32:02	49.5280	14.7653	166.9251
15:32:07	49.2092	14.8788	166.9802
15:32:12	48.8903	14.9911	167.0254
15:32:17	48.5713	15.1023	167.0693
15:32:22	48.2523	15.2123	167.1178
15:32:27	47.9331	15.3213	167.1704
15:32:32	47.6138	15.4291	167.2219
15:32:37	47.2945	15.5360	167.2729
15:32:42	46.9751	15.6418	167.3225
15:32:47	46.6556	15.7465	167.3705
15:32:52	46.3360	15.8504	167.4187
15:32:57	46.0164	15.9532	167.4652
15:33:02	45.6966	16.0551	167.5113
15:33:07	45.3768	16.1561	167.5554
15:33:12	45.0569	16.2562	167.5928
15:33:17	44.7369	16.3554	167.6263
15:33:22	44.4169	16.4538	167.6588
15:33:27	44.0968	16.5513	167.6996
15:33:32	43.7766	16.6480	167.7398
15:33:37	43.4563	16.7439	167.7796
15:33:42	43.1360	16.8390	167.8196
15:33:47	42.8156	16.9334	167.8571
15:33:52	42.4952	17.0270	167.8948
15:33:57	42.1747	17.1198	167.9315
15:34:02	41.8541	17.2119	167.9681
15:34:07	41.5334	17.3034	168.0038
15:34:12	41.2127	17.3941	168.0367
15:34:17	40.8919	17.4841	168.0617
15:34:22	40.5711	17.5735	168.0860
15:34:27	40.2502	17.6623	168.1131
15:34:32	39.9292	17.7504	168.1461
15:34:37	39.6082	17.8379	168.1776
15:34:42	39.2872	17.9247	168.2080
15:34:47	38.9660	18.0110	168.2382
15:34:52	38.6448	18.0967	168.2682
15:34:57	38.3236	18.1818	168.2980
15:35:02	38.0023	18.2664	168.3260
15:35:07	37.6810	18.3503	168.3542
15:35:12	37.3596	18.4338	168.3815
15:35:17	37.0381	18.5167	168.4041
15:35:22	36.7166	18.5991	168.4222
15:35:27	36.3950	18.6810	168.4396
15:35:32	36.0734	18.7624	168.4643
15:35:37	35.7518	18.8433	168.4891
15:35:42	35.4301	18.9237	168.5142
15:35:47	35.1083	19.0037	168.5388
22:58:24	65.4926	-29.8990	18.4311
22:58:29	65.8018	-29.6478	18.6244
22:58:34	66.1106	-29.3910	18.8241
22:58:39	66.4190	-29.1284	19.0272
22:58:44	66.7270	-28.8598	19.2253
22:58:49	67.0346	-28.5849	19.4298
22:58:54	67.3418	-28.3035	19.6472
22:58:59	67.6485	-28.0154	19.8778
22:59:04	67.9548	-27.7202	20.1153
22:59:09	68.2606	-27.4177	20.3607
22:59:14	68.5658	-27.1076	20.6132
22:59:19	68.8706	-26.7895	20.8739
22:59:24	69.1748	-26.4632	21.1426
22:59:29	69.4784	-26.1282	21.4200
22:59:34	69.7815	-25.7842	21.7065
23:59:59	-999.00	-999.00	-999.00
