2024/11/05 EARTHCARE
GMT	SUBLAT[N+]	SUBLON[W+]	HEADING
01:14:42	34.9996	-6.4501	11.4488
01:14:47	35.3214	-6.3703	11.4642
01:14:52	35.6431	-6.2900	11.4863
01:14:57	35.9647	-6.2093	11.5112
01:15:02	36.2863	-6.1281	11.5366
01:15:07	36.6079	-6.0463	11.5625
01:15:12	36.9294	-5.9641	11.5888
01:15:17	37.2508	-5.8814	11.6156
01:15:22	37.5722	-5.7981	11.6436
01:15:27	37.8936	-5.7143	11.6710
01:15:32	38.2149	-5.6299	11.6996
01:15:37	38.5361	-5.5450	11.7286
01:15:42	38.8573	-5.4595	11.7505
01:15:47	39.1784	-5.3734	11.7714
01:15:52	39.4995	-5.2867	11.7947
01:15:57	39.8205	-5.1994	11.8267
01:16:02	40.1415	-5.1116	11.8578
01:16:07	40.4624	-5.0230	11.8910
01:16:12	40.7832	-4.9339	11.9243
01:16:17	41.1040	-4.8440	11.9580
01:16:22	41.4247	-4.7535	11.9928
01:16:27	41.7454	-4.6623	12.0278
01:16:32	42.0660	-4.5704	12.0632
01:16:37	42.3865	-4.4778	12.0997
01:16:42	42.7070	-4.3845	12.1340
01:16:47	43.0274	-4.2904	12.1627
01:16:52	43.3477	-4.1955	12.1913
01:16:57	43.6680	-4.0999	12.2281
01:17:02	43.9881	-4.0034	12.2683
01:17:07	44.3083	-3.9062	12.3086
01:17:12	44.6283	-3.8081	12.3510
01:17:17	44.9483	-3.7092	12.3936
01:17:22	45.2682	-3.6094	12.4374
01:17:27	45.5880	-3.5087	12.4813
01:17:32	45.9078	-3.4071	12.5272
01:17:37	46.2274	-3.3045	12.5734
01:17:42	46.5470	-3.2010	12.6207
01:17:47	46.8665	-3.0966	12.6605
01:17:52	47.1860	-2.9911	12.6997
01:17:57	47.5053	-2.8846	12.7410
01:18:02	47.8246	-2.7771	12.7914
01:18:07	48.1438	-2.6685	12.8440
01:18:12	48.4629	-2.5589	12.8971
01:18:17	48.7819	-2.4481	12.9518
01:18:22	49.1008	-2.3361	13.0071
01:18:27	49.4196	-2.2230	13.0640
01:18:32	49.7383	-2.1087	13.1217
01:18:37	50.0569	-1.9932	13.1812
01:18:42	50.3755	-1.8763	13.2413
01:18:47	50.6939	-1.7582	13.3001
01:18:52	51.0122	-1.6388	13.3517
01:18:57	51.3304	-1.5180	13.4052
01:19:02	51.6485	-1.3959	13.4662
01:19:07	51.9665	-1.2723	13.5328
01:19:12	52.2844	-1.1472	13.6016
01:19:17	52.6022	-1.0207	13.6717
01:19:22	52.9199	-0.8926	13.7426
01:19:27	53.2374	-0.7629	13.8160
01:19:32	53.5549	-0.6316	13.8908
01:19:37	53.8722	-0.4987	13.9668
01:19:42	54.1894	-0.3640	14.0449
01:19:47	54.5064	-0.2276	14.1247
01:19:52	54.8233	-0.0894	14.1980
01:19:57	55.1401	0.0507	14.2698
01:20:02	55.4568	0.1927	14.3436
01:20:07	55.7733	0.3366	14.4306
01:20:12	56.0897	0.4825	14.5195
01:20:17	56.4059	0.6304	14.6109
01:20:22	56.7220	0.7805	14.7043
01:20:27	57.0379	0.9328	14.7993
01:20:32	57.3536	1.0874	14.8976
01:20:37	57.6692	1.2442	14.9975
01:20:42	57.9846	1.4035	15.0994
01:20:47	58.2999	1.5651	15.2046
01:20:52	58.6150	1.7293	15.3098
01:20:57	58.9299	1.8962	15.4071
01:21:02	59.2446	2.0656	15.5078
01:21:07	59.5591	2.2379	15.6168
01:21:12	59.8734	2.4130	15.7347
01:21:17	60.1876	2.5910	15.8559
01:21:22	60.5015	2.7720	15.9797
01:21:27	60.8152	2.9562	16.1070
01:21:32	61.1287	3.1436	16.2371
01:21:37	61.4420	3.3343	16.3706
01:21:42	61.7550	3.5285	16.5075
01:21:47	62.0678	3.7262	16.6487
01:21:52	62.3803	3.9276	16.7930
01:21:57	62.6926	4.1327	16.9325
01:22:02	63.0046	4.3418	17.0717
01:22:07	63.3164	4.5550	17.2152
01:22:12	63.6279	4.7723	17.3749
01:22:17	63.9391	4.9940	17.5391
01:22:22	64.2499	5.2202	17.7082
01:22:27	64.5605	5.4511	17.8818
01:22:32	64.8708	5.6867	18.0596
01:22:37	65.1807	5.9274	18.2434
01:22:42	65.4903	6.1733	18.4318
01:22:47	65.7995	6.4246	18.6260
01:22:52	66.1083	6.6814	18.8255
01:22:57	66.4168	6.9441	19.0289
01:23:02	66.7249	7.2128	19.2273
01:23:07	67.0325	7.4877	19.4320
01:23:12	67.3398	7.7691	19.6484
01:23:17	67.6465	8.0573	19.8795
01:23:22	67.9529	8.3526	20.1172
01:23:27	68.2587	8.6551	20.3619
01:23:32	68.5640	8.9653	20.6150
01:23:37	68.8688	9.2834	20.8756
01:23:42	69.1731	9.6098	21.1444
01:23:47	69.4768	9.9448	21.4219
01:23:52	69.7799	10.2889	21.7086
01:23:57	70.0824	10.6423	22.0041
01:24:02	70.3842	11.0056	22.3023
01:24:07	70.6854	11.3791	22.6051
01:24:12	70.9858	11.7633	22.9180
01:24:17	71.2855	12.1587	23.2541
01:24:22	71.5844	12.5658	23.6036
01:24:27	71.8825	12.9852	23.9655
01:24:32	72.1798	13.4174	24.3403
01:24:37	72.4761	13.8631	24.7282
01:24:42	72.7715	14.3230	25.1305
01:24:47	73.0659	14.7976	25.5474
01:24:52	73.3593	15.2877	25.9800
01:24:57	73.6516	15.7942	26.4285
01:25:02	73.9427	16.3178	26.8941
01:25:07	74.2325	16.8595	27.3644
01:25:12	74.5211	17.4200	27.8539
01:25:17	74.8083	18.0005	28.3674
01:25:22	75.0941	18.6020	28.9108
01:25:27	75.3784	19.2255	29.4763
01:25:32	75.6610	19.8724	30.0658
01:25:37	75.9419	20.5438	30.6797
01:25:42	76.2210	21.2410	31.3186
01:25:47	76.4982	21.9656	31.9856
01:25:52	76.7733	22.7190	32.6813
01:25:57	77.0463	23.5028	33.4071
01:26:02	77.3169	24.3187	34.1653
02:47:14	34.9999	16.6831	11.4481
02:47:19	35.3217	16.7629	11.4641
02:47:24	35.6434	16.8431	11.4865
02:47:29	35.9650	16.9239	11.5112
02:47:34	36.2866	17.0051	11.5366
02:47:39	36.6082	17.0868	11.5624
02:47:44	36.9297	17.1691	11.5889
02:47:49	37.2511	17.2518	11.6156
02:47:54	37.5725	17.3351	11.6434
02:47:59	37.8939	17.4189	11.6710
02:48:04	38.2152	17.5033	11.6996
02:48:09	38.5364	17.5882	11.7284
02:48:14	38.8576	17.6737	11.7505
02:48:19	39.1787	17.7598	11.7719
02:48:24	39.4998	17.8465	11.7953
02:48:29	39.8208	17.9337	11.8267
02:48:34	40.1418	18.0216	11.8584
02:48:39	40.4627	18.1102	11.8910
02:48:44	40.7835	18.1993	11.9243
02:48:49	41.1043	18.2892	11.9579
02:48:54	41.4250	18.3797	11.9921
02:48:59	41.7457	18.4709	12.0277
02:49:04	42.0663	18.5628	12.0634
02:49:09	42.3868	18.6554	12.1003
02:49:14	42.7073	18.7487	12.1340
02:49:19	43.0276	18.8428	12.1626
02:49:24	43.3480	18.9377	12.1919
02:49:29	43.6682	19.0333	12.2279
02:49:34	43.9884	19.1298	12.2678
02:49:39	44.3085	19.2270	12.3091
02:49:44	44.6286	19.3251	12.3508
02:49:49	44.9486	19.4240	12.3937
02:49:54	45.2685	19.5238	12.4374
02:49:59	45.5883	19.6245	12.4818
02:50:04	45.9081	19.7261	12.5272
02:50:09	46.2277	19.8287	12.5733
02:50:14	46.5473	19.9322	12.6213
02:50:19	46.8668	20.0366	12.6611
02:50:24	47.1863	20.1421	12.6990
02:50:29	47.5056	20.2486	12.7409
02:50:34	47.8249	20.3561	12.7914
02:50:39	48.1440	20.4647	12.8433
02:50:44	48.4631	20.5743	12.8972
02:50:49	48.7821	20.6851	12.9517
02:50:54	49.1010	20.7971	13.0070
02:50:59	49.4199	20.9102	13.0639
02:51:04	49.7386	21.0245	13.1219
02:51:09	50.0572	21.1401	13.1811
02:51:14	50.3757	21.2569	13.2415
02:51:19	50.6942	21.3750	13.2995
02:51:24	51.0125	21.4944	13.3521
02:51:29	51.3307	21.6152	13.4057
02:51:34	51.6488	21.7373	13.4666
02:51:39	51.9668	21.8609	13.5332
02:51:44	52.2847	21.9860	13.6015
02:51:49	52.6025	22.1125	13.6716
02:51:54	52.9202	22.2406	13.7432
02:51:59	53.2377	22.3703	13.8159
02:52:04	53.5551	22.5016	13.8907
02:52:09	53.8725	22.6345	13.9672
02:52:14	54.1896	22.7692	14.0448
02:52:19	54.5067	22.9056	14.1251
02:52:24	54.8236	23.0438	14.1981
02:52:29	55.1404	23.1839	14.2693
02:52:34	55.4571	23.3259	14.3435
02:52:39	55.7736	23.4698	14.4312
02:52:44	56.0899	23.6157	14.5196
02:52:49	56.4062	23.7637	14.6113
02:52:54	56.7222	23.9138	14.7042
02:52:59	57.0381	24.0661	14.7999
02:53:04	57.3539	24.2206	14.8975
02:53:09	57.6695	24.3775	14.9974
02:53:14	57.9849	24.5367	15.0999
02:53:19	58.3002	24.6984	15.2049
02:53:24	58.6152	24.8626	15.3097
02:53:28	58.8714	24.9981	271.6757
12:28:06	44.6340	-29.9205	167.6366
12:28:11	44.3139	-29.8224	167.6780
12:28:16	43.9938	-29.7251	167.7194
12:28:21	43.6736	-29.6286	167.7601
12:28:26	43.3533	-29.5330	167.7994
12:28:31	43.0329	-29.4381	167.8378
12:28:36	42.7125	-29.3440	167.8763
12:28:41	42.3920	-29.2506	167.9092
12:28:46	42.0715	-29.1580	167.9364
12:28:51	41.7508	-29.0661	167.9628
12:28:56	41.4302	-28.9749	167.9956
12:29:01	41.1094	-28.8843	168.0309
12:29:06	40.7886	-28.7945	168.0640
12:29:11	40.4678	-28.7053	168.0977
12:29:16	40.1468	-28.6167	168.1298
12:29:21	39.8259	-28.5288	168.1618
12:29:26	39.5048	-28.4415	168.1937
12:29:31	39.1837	-28.3548	168.2245
12:29:36	38.8626	-28.2688	168.2546
12:29:41	38.5414	-28.1833	168.2836
12:29:46	38.2201	-28.0983	168.3047
12:29:51	37.8988	-28.0139	168.3249
12:29:56	37.5774	-27.9301	168.3459
12:30:01	37.2560	-27.8468	168.3741
12:30:06	36.9345	-27.7641	168.4004
12:30:11	36.6130	-27.6818	168.4272
12:30:16	36.2914	-27.6001	168.4533
12:30:21	35.9698	-27.5188	168.4788
12:30:26	35.6481	-27.4381	168.5033
12:30:31	35.3264	-27.3578	168.5273
12:30:36	35.0046	-27.2780	168.5596
13:52:25	75.2908	-29.6230	150.6958
13:52:30	75.0061	-29.0063	151.2522
13:52:35	74.7198	-28.4114	151.7753
13:52:40	74.4322	-27.8372	152.2782
13:52:45	74.1432	-27.2826	152.7688
13:52:50	73.8529	-26.7466	153.2466
13:52:55	73.5614	-26.2283	153.7072
13:53:00	73.2688	-25.7269	154.1511
13:53:05	72.9751	-25.2416	154.5787
13:53:10	72.6804	-24.7717	154.9909
13:53:15	72.3847	-24.3162	155.3891
13:53:20	72.0880	-23.8748	155.7731
13:53:25	71.7905	-23.4465	156.1431
13:53:30	71.4921	-23.0310	156.5015
13:53:35	71.1929	-22.6275	156.8382
13:53:40	70.8930	-22.2356	157.1589
13:53:45	70.5923	-21.8548	157.4688
13:53:50	70.2909	-21.4845	157.7813
13:53:55	69.9889	-21.1243	158.0840
13:54:00	69.6862	-20.7738	158.3772
13:54:05	69.3829	-20.4325	158.6606
13:54:10	69.0790	-20.1002	158.9355
13:54:15	68.7746	-19.7764	159.2021
13:54:20	68.4696	-19.4607	159.4603
13:54:25	68.1641	-19.1529	159.7105
13:54:30	67.8581	-18.8526	159.9531
13:54:35	67.5516	-18.5596	160.1868
13:54:40	67.2447	-18.2735	160.4023
13:54:45	66.9373	-17.9942	160.6113
13:54:50	66.6295	-17.7212	160.8198
13:54:55	66.3213	-17.4544	161.0293
13:55:00	66.0127	-17.1935	161.2327
13:55:05	65.7037	-16.9384	161.4308
13:55:10	65.3943	-16.6888	161.6230
13:55:15	65.0846	-16.4445	161.8102
13:55:20	64.7746	-16.2054	161.9918
13:55:25	64.4642	-15.9712	162.1687
13:55:30	64.1536	-15.7418	162.3410
13:55:35	63.8426	-15.5171	162.5085
13:55:40	63.5313	-15.2967	162.6640
13:55:45	63.2197	-15.0807	162.8094
13:55:50	62.9078	-14.8688	162.9518
13:55:55	62.5957	-14.6609	163.1018
13:56:00	62.2833	-14.4569	163.2484
13:56:05	61.9707	-14.2567	163.3916
13:56:10	61.6578	-14.0601	163.5313
13:56:15	61.3447	-13.8670	163.6669
13:56:20	61.0313	-13.6773	163.7998
13:56:25	60.7178	-13.4909	163.9294
13:56:30	60.4040	-13.3077	164.0549
13:56:35	60.0900	-13.1276	164.1785
13:56:40	59.7757	-12.9505	164.2979
13:56:45	59.4613	-12.7763	164.4025
13:56:50	59.1467	-12.6049	164.5047
13:56:55	58.8319	-12.4363	164.6090
13:57:00	58.5170	-12.2703	164.7181
13:57:05	58.2018	-12.1068	164.8244
13:57:10	57.8865	-11.9459	164.9287
13:57:15	57.5710	-11.7874	165.0305
13:57:20	57.2553	-11.6313	165.1296
13:57:25	56.9395	-11.4774	165.2267
13:57:30	56.6235	-11.3258	165.3214
13:57:35	56.3074	-11.1764	165.4143
13:57:40	55.9911	-11.0290	165.5047
13:57:45	55.6747	-10.8838	165.5868
13:57:50	55.3581	-10.7405	165.6615
13:57:55	55.0414	-10.5991	165.7343
13:58:00	54.7245	-10.4596	165.8154
13:58:05	54.4075	-10.3219	165.8967
13:58:10	54.0904	-10.1861	165.9755
13:58:15	53.7732	-10.0519	166.0531
13:58:20	53.4558	-9.9195	166.1294
13:58:25	53.1383	-9.7887	166.2033
13:58:30	52.8207	-9.6595	166.2760
13:58:35	52.5030	-9.5319	166.3472
13:58:40	52.1852	-9.4058	166.4168
13:58:45	51.8672	-9.2812	166.4846
13:58:50	51.5491	-9.1581	166.5399
13:58:55	51.2310	-9.0364	166.5941
13:59:00	50.9127	-8.9160	166.6507
13:59:05	50.5943	-8.7970	166.7129
13:59:10	50.2758	-8.6793	166.7741
13:59:15	49.9573	-8.5629	166.8342
13:59:20	49.6386	-8.4477	166.8930
13:59:25	49.3198	-8.3337	166.9503
13:59:30	49.0009	-8.2210	167.0073
13:59:35	48.6820	-8.1094	167.0622
13:59:40	48.3629	-7.9989	167.1163
13:59:45	48.0438	-7.8896	167.1695
13:59:50	47.7246	-7.7814	167.2164
13:59:55	47.4053	-7.6742	167.2562
14:00:00	47.0859	-7.5680	167.2960
14:00:05	46.7664	-7.4629	167.3430
14:00:10	46.4468	-7.3587	167.3911
14:00:15	46.1272	-7.2555	167.4378
14:00:20	45.8075	-7.1532	167.4836
14:00:25	45.4877	-7.0519	167.5293
14:00:30	45.1678	-6.9515	167.5738
14:00:35	44.8478	-6.8519	167.6166
14:00:40	44.5278	-6.7533	167.6591
14:00:45	44.2077	-6.6555	167.7011
14:00:50	43.8876	-6.5585	167.7416
14:00:55	43.5673	-6.4623	167.7723
14:01:00	43.2470	-6.3669	167.8023
14:01:05	42.9266	-6.2723	167.8336
14:01:10	42.6062	-6.1784	167.8714
14:01:15	42.2857	-6.0853	167.9085
14:01:20	41.9651	-5.9929	167.9450
14:01:25	41.6445	-5.9012	167.9802
14:01:30	41.3238	-5.8102	168.0160
14:01:35	41.0030	-5.7199	168.0503
14:01:40	40.6822	-5.6303	168.0832
14:01:45	40.3613	-5.5413	168.1168
14:01:50	40.0404	-5.4530	168.1495
14:01:55	39.7194	-5.3653	168.1765
14:02:00	39.3983	-5.2782	168.1987
14:02:05	39.0772	-5.1917	168.2206
14:02:10	38.7560	-5.1058	168.2488
14:02:15	38.4348	-5.0205	168.2781
14:02:20	38.1135	-4.9357	168.3070
14:02:25	37.7922	-4.8515	168.3348
14:02:30	37.4708	-4.7679	168.3624
14:02:35	37.1493	-4.6847	168.3903
14:02:40	36.8278	-4.6021	168.4176
14:02:45	36.5063	-4.5201	168.4433
14:02:50	36.1847	-4.4385	168.4689
14:02:55	35.8630	-4.3574	168.4942
14:03:00	35.5413	-4.2768	168.5114
14:03:05	35.2196	-4.1967	168.5285
15:23:27	80.0046	-22.9824	135.2797
15:23:32	79.7709	-21.6922	136.5118
15:23:37	79.5324	-20.4587	137.6874
15:23:42	79.2895	-19.2790	138.8093
15:23:47	79.0426	-18.1506	139.8797
15:23:52	78.7918	-17.0707	140.9016
15:23:57	78.5374	-16.0370	141.8714
15:24:02	78.2797	-15.0469	142.7894
15:24:07	78.0189	-14.0981	143.6662
15:24:12	77.7552	-13.1885	144.5150
15:24:17	77.4887	-12.3160	145.3298
15:24:22	77.2196	-11.4785	146.1092
15:24:27	76.9481	-10.6744	146.8562
15:24:32	76.6744	-9.9017	147.5707
15:24:37	76.3985	-9.1589	148.2560
15:24:42	76.1206	-8.4443	148.9125
15:24:47	75.8408	-7.7565	149.5428
15:24:52	75.5592	-7.0941	150.1471
15:24:57	75.2760	-6.4558	150.7277
15:25:02	74.9912	-5.8403	151.2727
15:25:07	74.7049	-5.2465	151.7951
15:25:12	74.4171	-4.6733	152.3000
15:25:17	74.1281	-4.1197	152.7958
15:25:22	73.8377	-3.5846	153.2732
15:25:27	73.5462	-3.0673	153.7329
15:25:32	73.2535	-2.5668	154.1758
15:25:37	72.9598	-2.0823	154.6026
15:25:42	72.6650	-1.6131	155.0140
15:25:47	72.3692	-1.1584	155.4113
15:25:52	72.0725	-0.7177	155.7941
15:25:57	71.7749	-0.2901	156.1640
15:26:02	71.4765	0.1248	156.5162
15:26:07	71.1773	0.5276	156.8479
15:26:12	70.8773	0.9189	157.1681
15:26:17	70.5766	1.2992	157.4872
15:26:22	70.2752	1.6690	157.7992
15:26:27	69.9731	2.0287	158.1013
15:26:32	69.6704	2.3787	158.3939
15:26:37	69.3671	2.7194	158.6773
15:26:42	69.0632	3.0513	158.9514
15:26:47	68.7587	3.3747	159.2173
15:26:52	68.4537	3.6899	159.4753
15:26:57	68.1482	3.9973	159.7250
15:27:02	67.8421	4.2972	159.9676
15:27:07	67.5356	4.5899	160.1916
15:27:12	67.2287	4.8756	160.4066
15:27:17	66.9213	5.1546	160.6173
15:27:22	66.6134	5.4273	160.8325
15:27:27	66.3052	5.6938	161.0417
15:27:32	65.9966	5.9543	161.2451
15:27:37	65.6876	6.2092	161.4428
15:27:42	65.3782	6.4585	161.6343
15:27:47	65.0685	6.7025	161.8215
15:27:52	64.7585	6.9413	162.0029
15:27:57	64.4481	7.1752	162.1792
15:28:02	64.1374	7.4044	162.3516
15:28:07	63.8264	7.6289	162.5148
15:28:12	63.5151	7.8490	162.6651
15:28:17	63.2035	8.0648	162.8109
15:28:22	62.8916	8.2765	162.9604
15:28:27	62.5795	8.4842	163.1107
15:28:32	62.2671	8.6880	163.2577
15:28:37	61.9544	8.8881	163.4007
15:28:42	61.6415	9.0845	163.5401
15:28:47	61.3284	9.2774	163.6760
15:28:52	61.0150	9.4669	163.8087
15:28:57	60.7015	9.6531	163.9377
15:29:02	60.3877	9.8362	164.0636
15:29:07	60.0736	10.0161	164.1865
15:29:12	59.7594	10.1931	164.2968
15:29:17	59.4450	10.3671	164.4016
15:29:22	59.1304	10.5383	164.5048
15:29:27	58.8156	10.7068	164.6162
15:29:32	58.5006	10.8727	164.7255
15:29:37	58.1854	11.0360	164.8314
15:29:42	57.8701	11.1968	164.9357
15:29:47	57.5546	11.3552	165.0373
15:29:52	57.2389	11.5112	165.1364
15:29:57	56.9231	11.6649	165.2332
15:30:02	56.6071	11.8164	165.3277
15:30:07	56.2910	11.9657	165.4203
15:30:12	55.9747	12.1130	165.5079
15:30:17	55.6582	12.2581	165.5844
15:30:22	55.3417	12.4013	165.6594
15:30:27	55.0249	12.5426	165.7387
15:30:32	54.7081	12.6820	165.8216
15:30:37	54.3911	12.8196	165.9022
15:30:42	54.0740	12.9554	165.9814
15:30:47	53.7567	13.0894	166.0594
15:30:52	53.4394	13.2218	166.1346
15:30:57	53.1219	13.3525	166.2087
15:31:02	52.8043	13.4816	166.2817
15:31:07	52.4865	13.6091	166.3524
15:31:12	52.1687	13.7351	166.4216
15:31:17	51.8507	13.8596	166.4814
15:31:22	51.5327	13.9827	166.5373
15:31:27	51.2145	14.1043	166.5911
15:31:32	50.8962	14.2246	166.6555
15:31:37	50.5778	14.3436	166.7179
15:31:42	50.2593	14.4612	166.7786
15:31:47	49.9408	14.5776	166.8388
15:31:52	49.6221	14.6927	166.8974
15:31:57	49.3033	14.8065	166.9550
15:32:02	48.9844	14.9192	167.0117
15:32:07	48.6655	15.0308	167.0662
15:32:12	48.3464	15.1412	167.1204
15:32:17	48.0273	15.2504	167.1720
15:32:22	47.7081	15.3586	167.2130
15:32:27	47.3887	15.4658	167.2535
15:32:32	47.0693	15.5719	167.2977
15:32:37	46.7499	15.6770	167.3471
15:32:42	46.4303	15.7811	167.3945
15:32:47	46.1106	15.8842	167.4419
15:32:52	45.7909	15.9864	167.4878
15:32:57	45.4711	16.0877	167.5333
15:33:02	45.1513	16.1881	167.5771
15:33:07	44.8313	16.2876	167.6206
15:33:12	44.5113	16.3862	167.6630
15:33:17	44.1912	16.4840	167.7047
15:33:22	43.8710	16.5810	167.7391
15:33:27	43.5508	16.6771	167.7697
15:33:32	43.2305	16.7724	167.7991
15:33:37	42.9101	16.8670	167.8369
15:33:42	42.5896	16.9609	167.8746
15:33:47	42.2691	17.0539	167.9119
15:33:52	41.9486	17.1463	167.9483
15:33:57	41.6279	17.2380	167.9836
15:34:02	41.3072	17.3289	168.0188
15:34:07	40.9865	17.4192	168.0525
15:34:12	40.6656	17.5088	168.0864
15:34:17	40.3447	17.5977	168.1192
15:34:22	40.0238	17.6860	168.1506
15:34:27	39.7028	17.7737	168.1731
15:34:32	39.3817	17.8607	168.1958
15:34:37	39.0606	17.9472	168.2212
15:34:42	38.7394	18.0331	168.2510
15:34:47	38.4182	18.1183	168.2803
15:34:52	38.0969	18.2031	168.3098
15:34:57	37.7756	18.2872	168.3378
15:35:02	37.4542	18.3709	168.3655
15:35:07	37.1328	18.4540	168.3926
15:35:12	36.8113	18.5365	168.4193
15:35:17	36.4897	18.6186	168.4455
15:35:22	36.1681	18.7001	168.4715
15:35:27	35.8465	18.7812	168.4919
15:35:32	35.5248	18.8617	168.5089
15:35:37	35.2030	18.9418	168.5248
16:55:59	80.0038	0.1562	135.2843
16:56:04	79.7700	1.4462	136.5162
16:56:09	79.5315	2.6795	137.6918
16:56:14	79.2887	3.8590	138.8130
16:56:19	79.0417	4.9872	139.8840
16:56:24	78.7909	6.0669	140.9052
16:56:29	78.5365	7.1005	141.8740
16:56:34	78.2788	8.0905	142.7923
16:56:39	78.0180	9.0391	143.6690
16:56:44	77.7542	9.9485	144.5178
16:56:49	77.4877	10.8210	145.3330
16:56:54	77.2187	11.6583	146.1124
16:56:59	76.9472	12.4623	146.8583
16:57:04	76.6734	13.2349	147.5732
16:57:09	76.3975	13.9776	148.2580
16:57:14	76.1196	14.6921	148.9146
16:57:19	75.8398	15.3798	149.5446
16:57:24	75.5583	16.0421	150.1493
16:57:29	75.2750	16.6803	150.7299
16:57:34	74.9902	17.2957	151.2740
16:57:39	74.7039	17.8894	151.7963
16:57:44	74.4161	18.4625	152.3017
16:57:49	74.1271	19.0161	152.7980
16:57:54	73.8367	19.5511	153.2747
16:57:59	73.5452	20.0684	153.7345
16:58:04	73.2525	20.5688	154.1777
16:58:09	72.9588	21.0532	154.6042
16:58:14	72.6640	21.5224	155.0158
16:58:19	72.3682	21.9770	155.4126
16:58:24	72.0715	22.4177	155.7957
16:58:29	71.7740	22.8452	156.1655
16:58:34	71.4755	23.2601	156.5169
16:58:39	71.1763	23.6628	156.8487
16:58:44	70.8763	24.0541	157.1689
16:58:49	70.5756	24.4344	157.4881
16:58:54	70.2742	24.8041	157.8004
18:28:32	79.9557	23.5623	135.5522
18:28:37	79.7209	24.8403	136.7732
21:29:31	78.8628	-29.3362	39.3762
21:29:36	79.1125	-28.2432	40.4117
21:29:41	79.3583	-27.1008	41.4961
21:29:46	79.5999	-25.9066	42.6326
21:29:51	79.8370	-24.6577	43.8231
22:58:14	65.4162	-29.9947	18.3780
22:58:19	65.7254	-29.7448	18.5709
22:58:24	66.0343	-29.4894	18.7690
22:58:29	66.3428	-29.2282	18.9727
22:58:34	66.6509	-28.9611	19.1824
22:58:39	66.9586	-28.6877	19.3983
22:58:44	67.2658	-28.4079	19.6207
22:58:49	67.5727	-28.1214	19.8387
22:58:54	67.8790	-27.8279	20.0617
22:58:59	68.1849	-27.5272	20.2936
22:59:04	68.4903	-27.2190	20.5442
22:59:09	68.7952	-26.9029	20.8032
22:59:14	69.0995	-26.5786	21.0699
22:59:19	69.4033	-26.2458	21.3453
22:59:24	69.7065	-25.9040	21.6299
22:59:29	70.0091	-25.5530	21.9226
22:59:34	70.3110	-25.1922	22.2261
22:59:39	70.6122	-24.8213	22.5393
22:59:44	70.9128	-24.4398	22.8638
22:59:49	71.2126	-24.0473	23.1945
22:59:54	71.5117	-23.6431	23.5278
22:59:59	71.8099	-23.2268	23.8728
23:00:04	72.1073	-22.7979	24.2385
23:00:09	72.4038	-22.3556	24.6232
23:00:14	72.6994	-21.8994	25.0217
23:00:19	72.9940	-21.4286	25.4349
23:00:24	73.2876	-20.9424	25.8633
23:00:29	73.5800	-20.4402	26.3081
23:00:34	73.8714	-19.9209	26.7699
23:00:39	74.1615	-19.3839	27.2491
23:00:44	74.4503	-18.8282	27.7472
23:00:49	74.7378	-18.2529	28.2645
23:00:54	75.0239	-17.6568	28.7933
23:00:59	75.3085	-17.0388	29.3398
23:01:04	75.5915	-16.3979	29.9091
23:01:09	75.8728	-15.7329	30.5164
23:01:14	76.1523	-15.0423	31.1496
23:01:19	76.4299	-14.3248	31.8089
23:01:24	76.7055	-13.5788	32.4971
23:01:29	76.9789	-12.8029	33.2151
23:01:34	77.2501	-11.9953	33.9650
23:01:39	77.5188	-11.1542	34.7485
23:01:44	77.7849	-10.2778	35.5673
23:01:49	78.0483	-9.3641	36.4228
23:01:54	78.3087	-8.4110	37.3161
23:01:59	78.5660	-7.4163	38.2393
23:02:04	78.8199	-6.3778	39.2060
23:02:09	79.0702	-5.2929	40.2249
23:02:14	79.3167	-4.1592	41.3005
23:02:19	79.5590	-2.9740	42.4281
23:02:24	79.7969	-1.7346	43.6096
23:02:28	80.0029	-0.5941	201.7068
23:59:59	-999.00	-999.00	-999.00
