2024/10/11 EARTHCARE
GMT	SUBLAT[N+]	SUBLON[W+]	HEADING
05:39:14	-4.8057	54.0300	10.5697
05:39:19	-4.4820	54.0906	10.5682
05:39:24	-4.1582	54.1512	10.5671
05:39:29	-3.8344	54.2117	10.5638
05:39:34	-3.5106	54.2722	10.5631
05:39:39	-3.1868	54.3327	10.5619
05:39:44	-2.8630	54.3932	10.5611
05:39:49	-2.5392	54.4536	10.5594
05:39:54	-2.2154	54.5140	10.5590
05:39:59	-1.8916	54.5744	10.5573
05:40:04	-1.5677	54.6348	10.5561
05:40:09	-1.2439	54.6952	10.5563
05:40:14	-0.9200	54.7555	10.5563
05:40:19	-0.5962	54.8159	10.5560
05:40:24	-0.2723	54.8763	10.5554
05:40:29	0.0516	54.9366	10.5561
05:40:34	0.3754	54.9970	10.5550
05:40:39	0.6993	55.0573	10.5559
05:40:44	1.0232	55.1177	10.5557
05:40:49	1.3471	55.1780	10.5559
05:40:54	1.6710	55.2384	10.5569
05:40:59	1.9949	55.2988	10.5574
05:41:04	2.3188	55.3592	10.5585
05:41:09	2.6427	55.4197	10.5585
05:41:14	2.9666	55.4801	10.5598
05:41:19	3.2905	55.5406	10.5598
05:41:24	3.6144	55.6011	10.5605
05:41:29	3.9383	55.6616	10.5619
05:41:34	4.2622	55.7222	10.5643
05:41:39	4.5861	55.7828	10.5650
05:41:44	4.9099	55.8434	10.5669
05:41:49	5.2338	55.9041	10.5693
05:41:54	5.5577	55.9648	10.5707
05:41:59	5.8816	56.0255	10.5734
05:42:04	6.2055	56.0863	10.5765
05:42:09	6.5294	56.1472	10.5786
05:42:14	6.8533	56.2081	10.5794
05:42:19	7.1771	56.2690	10.5807
05:42:24	7.5010	56.3300	10.5818
05:42:29	7.8249	56.3911	10.5849
05:42:34	8.1487	56.4522	10.5880
05:42:39	8.4726	56.5134	10.5914
05:42:44	8.7964	56.5747	10.5944
05:42:49	9.1203	56.6360	10.5981
05:42:54	9.4441	56.6974	10.6012
05:42:59	9.7679	56.7589	10.6061
05:43:04	10.0917	56.8205	10.6094
05:43:09	10.4156	56.8821	10.6140
05:43:14	10.7394	56.9439	10.6177
05:43:19	11.0631	57.0057	10.6201
05:43:24	11.3869	57.0676	10.6211
05:43:29	11.7107	57.1296	10.6246
05:43:34	12.0344	57.1917	10.6301
05:43:39	12.3582	57.2539	10.6344
05:43:44	12.6819	57.3162	10.6401
05:43:49	13.0057	57.3786	10.6453
05:43:54	13.3294	57.4411	10.6501
05:43:59	13.6531	57.5037	10.6563
05:44:04	13.9767	57.5665	10.6630
05:44:09	14.3004	57.6293	10.6683
05:44:14	14.6241	57.6923	10.6751
05:44:19	14.9477	57.7554	10.6789
05:44:24	15.2713	57.8186	10.6817
05:44:29	15.5949	57.8820	10.6840
05:44:34	15.9185	57.9455	10.6908
05:44:39	16.2421	58.0091	10.6982
05:44:44	16.5657	58.0728	10.7058
05:44:49	16.8892	58.1367	10.7130
05:44:54	17.2128	58.2008	10.7208
05:44:59	17.5363	58.2650	10.7281
05:45:04	17.8597	58.3293	10.7359
05:45:09	18.1832	58.3939	10.7446
05:45:14	18.5067	58.4585	10.7533
05:45:19	18.8301	58.5234	10.7614
05:45:24	19.1535	58.5884	10.7649
05:45:29	19.4769	58.6536	10.7697
05:45:34	19.8003	58.7189	10.7757
17:09:19	20.0000	44.5975	169.2149
17:09:24	19.6766	44.6629	169.2199
17:09:29	19.3533	44.7282	169.2239
17:09:34	19.0299	44.7933	169.2313
17:09:39	18.7065	44.8583	169.2410
17:09:44	18.3830	44.9230	169.2494
17:09:49	18.0596	44.9877	169.2583
17:09:54	17.7361	45.0521	169.2659
17:09:59	17.4126	45.1164	169.2740
17:10:04	17.0891	45.1806	169.2815
17:10:09	16.7655	45.2446	169.2888
17:10:14	16.4420	45.3084	169.2963
17:10:19	16.1184	45.3721	169.3036
17:10:24	15.7948	45.4357	169.3068
17:10:29	15.4712	45.4991	169.3100
17:10:34	15.1476	45.5624	169.3134
17:10:39	14.8240	45.6256	169.3204
17:10:44	14.5003	45.6886	169.3272
17:10:49	14.1767	45.7516	169.3325
17:10:54	13.8530	45.8144	169.3382
17:10:59	13.5293	45.8771	169.3442
17:11:04	13.2056	45.9397	169.3508
17:11:09	12.8819	46.0021	169.3560
17:11:14	12.5582	46.0645	169.3607
17:11:19	12.2344	46.1267	169.3665
17:11:24	11.9107	46.1889	169.3703
17:11:29	11.5869	46.2510	169.3728
17:11:34	11.2631	46.3129	169.3738
17:11:39	10.9394	46.3748	169.3778
17:11:44	10.6156	46.4366	169.3831
17:11:49	10.2918	46.4983	169.3870
17:11:54	9.9680	46.5599	169.3910
17:11:59	9.6441	46.6214	169.3948
17:12:04	9.3203	46.6829	169.3987
17:12:09	8.9965	46.7443	169.4032
17:12:14	8.6726	46.8056	169.4061
17:12:19	8.3488	46.8668	169.4094
17:12:24	8.0249	46.9280	169.4124
17:12:29	7.7011	46.9891	169.4139
17:12:34	7.3772	47.0501	169.4148
17:12:39	7.0533	47.1111	169.4170
17:12:44	6.7295	47.1721	169.4202
17:12:49	6.4056	47.2329	169.4222
17:12:54	6.0817	47.2938	169.4245
17:12:59	5.7578	47.3546	169.4272
17:13:04	5.4339	47.4153	169.4292
17:13:09	5.1100	47.4760	169.4317
17:13:14	4.7861	47.5366	169.4326
17:13:19	4.4622	47.5973	169.4348
17:13:24	4.1383	47.6578	169.4366
17:13:29	3.8144	47.7184	169.4377
17:13:34	3.4905	47.7789	169.4383
17:13:39	3.1666	47.8394	169.4391
17:13:44	2.8427	47.8998	169.4395
17:13:49	2.5188	47.9603	169.4403
17:13:54	2.1950	48.0207	169.4412
17:13:59	1.8711	48.0811	169.4426
17:14:04	1.5472	48.1415	169.4435
17:14:09	1.2233	48.2019	169.4437
17:14:14	0.8994	48.2623	169.4444
17:14:19	0.5755	48.3226	169.4444
17:14:24	0.2516	48.3830	169.4439
17:14:29	-0.0722	48.4433	169.4447
17:14:34	-0.3961	48.5037	169.4439
17:14:39	-0.7200	48.5640	169.4443
17:14:44	-1.0438	48.6244	169.4443
17:14:49	-1.3677	48.6847	169.4437
17:14:54	-1.6915	48.7451	169.4433
17:14:59	-2.0154	48.8055	169.4415
17:15:04	-2.3392	48.8659	169.4411
17:15:09	-2.6630	48.9263	169.4400
17:15:14	-2.9868	48.9868	169.4394
17:15:19	-3.3106	49.0472	169.4380
17:15:24	-3.6344	49.1077	169.4362
17:15:29	-3.9582	49.1682	169.4347
17:15:34	-4.2820	49.2288	169.4337
17:15:39	-4.6058	49.2894	169.4329
17:15:44	-4.9295	49.3500	169.4321
23:59:59	-999.00	-999.00	-999.00
