2024/08/31 EARTHCARE
GMT	SUBLAT[N+]	SUBLON[W+]	HEADING
02:37:26	8.3943	10.0123	10.5854
02:37:31	8.7180	10.0734	10.5889
02:37:36	9.0416	10.1347	10.5917
02:37:41	9.3652	10.1960	10.5960
02:37:46	9.6888	10.2574	10.5997
02:37:51	10.0123	10.3189	10.6033
02:37:56	10.3359	10.3805	10.6082
02:38:01	10.6595	10.4421	10.6119
02:38:06	10.9831	10.5038	10.6169
02:38:11	11.3066	10.5656	10.6207
02:38:16	11.6301	10.6276	10.6258
02:38:21	11.9537	10.6896	10.6274
02:38:26	12.2772	10.7517	10.6291
02:38:31	12.6007	10.8139	10.6333
02:38:36	12.9242	10.8762	10.6378
02:38:41	13.2476	10.9386	10.6437
02:38:46	13.5711	11.0011	10.6492
02:38:51	13.8946	11.0637	10.6552
02:38:56	14.2180	11.1265	10.6607
02:39:01	14.5414	11.1894	10.6677
02:39:06	14.8648	11.2524	10.6732
02:39:11	15.1882	11.3155	10.6803
02:39:16	15.5116	11.3787	10.6868
02:39:21	15.8350	11.4421	10.6912
02:39:26	16.1583	11.5056	10.6936
02:39:31	16.4816	11.5693	10.6973
02:39:36	16.8049	11.6331	10.7040
02:39:41	17.1282	11.6970	10.7119
02:39:46	17.4515	11.7611	10.7194
02:39:51	17.7748	11.8254	10.7273
02:39:56	18.0980	11.8897	10.7355
02:40:01	18.4212	11.9543	10.7441
02:40:06	18.7444	12.0190	10.7525
02:40:11	19.0676	12.0839	10.7611
02:40:16	19.3907	12.1490	10.7701
02:40:21	19.7139	12.2142	10.7786
02:40:26	20.0370	12.2796	10.7836
02:40:31	20.3601	12.3452	10.7872
02:40:36	20.6831	12.4110	10.7944
02:40:41	21.0062	12.4770	10.8044
02:40:46	21.3292	12.5431	10.8140
02:40:51	21.6522	12.6095	10.8248
02:40:56	21.9752	12.6761	10.8345
04:07:37	-0.8137	31.4266	10.5526
04:07:42	-0.4901	31.4869	10.5523
04:07:47	-0.1665	31.5472	10.5524
04:07:52	0.1651	31.6067	10.5518
04:07:57	0.4887	31.6670	10.5523
04:08:02	0.8124	31.7273	10.5522
04:08:07	1.1361	31.7876	10.5529
04:08:12	1.4597	31.8479	10.5529
04:08:17	1.7834	31.9083	10.5529
04:08:22	2.1071	31.9686	10.5534
04:08:27	2.4308	32.0290	10.5534
04:08:32	2.7544	32.0893	10.5541
04:08:37	3.0781	32.1497	10.5554
04:08:42	3.4018	32.2101	10.5564
04:08:47	3.7255	32.2706	10.5585
04:08:52	4.0491	32.3311	10.5598
04:08:57	4.3728	32.3916	10.5614
04:09:02	4.6965	32.4521	10.5627
04:09:07	5.0202	32.5127	10.5646
04:09:12	5.3438	32.5733	10.5661
04:09:17	5.6675	32.6340	10.5674
04:09:22	5.9912	32.6947	10.5673
04:09:27	6.3148	32.7554	10.5704
04:09:32	6.6385	32.8162	10.5724
04:09:37	6.9621	32.8771	10.5749
04:09:42	7.2858	32.9380	10.5779
04:09:47	7.6094	32.9990	10.5813
04:09:52	7.9331	33.0600	10.5838
04:09:57	8.2567	33.1211	10.5874
04:10:02	8.5803	33.1822	10.5907
04:10:07	8.9039	33.2434	10.5938
04:10:12	9.2276	33.3047	10.5974
04:10:17	9.5512	33.3661	10.5996
04:10:22	9.8747	33.4276	10.6006
04:10:27	10.1983	33.4891	10.6032
04:10:32	10.5219	33.5507	10.6070
04:10:37	10.8455	33.6124	10.6122
04:10:42	11.1690	33.6742	10.6153
04:10:47	11.4926	33.7360	10.6208
04:10:52	11.8161	33.7980	10.6255
04:10:57	12.1396	33.8601	10.6300
04:11:02	12.4631	33.9222	10.6352
04:11:07	12.7866	33.9845	10.6407
04:11:12	13.1101	34.0469	10.6467
04:11:17	13.4336	34.1093	10.6500
04:11:22	13.7571	34.1719	10.6528
04:11:27	14.0805	34.2346	10.6551
04:11:32	14.4039	34.2974	10.6596
04:11:37	14.7274	34.3604	10.6671
04:11:42	15.0508	34.4235	10.6727
04:11:47	15.3742	34.4866	10.6794
04:11:52	15.6975	34.5500	10.6865
04:11:57	16.0209	34.6134	10.6932
04:12:02	16.3442	34.6770	10.7003
04:12:07	16.6675	34.7408	10.7080
04:12:12	16.9908	34.8046	10.7153
04:12:17	17.3141	34.8687	10.7229
04:12:22	17.6374	34.9329	10.7268
04:12:27	17.9606	34.9972	10.7303
04:12:32	18.2839	35.0617	10.7351
04:12:37	18.6071	35.1263	10.7435
04:12:42	18.9303	35.1911	10.7523
04:12:47	19.2534	35.2561	10.7607
04:12:52	19.5766	35.3213	10.7694
04:12:57	19.8997	35.3866	10.7786
04:13:02	20.2228	35.4521	10.7889
04:13:07	20.5459	35.5178	10.7980
04:13:12	20.8689	35.5837	10.8081
04:13:17	21.1920	35.6498	10.8178
04:13:22	21.5150	35.7161	10.8264
04:13:27	21.8380	35.7826	10.8312
05:40:07	-0.9401	54.5379	10.5531
05:40:12	-0.6165	54.5982	10.5528
05:40:17	-0.2929	54.6585	10.5522
05:40:22	0.0356	54.7187	10.5519
05:40:27	0.3592	54.7790	10.5513
05:40:32	0.6829	54.8393	10.5515
05:40:37	1.0066	54.8996	10.5523
05:40:42	1.3302	54.9599	10.5526
05:40:47	1.6539	55.0202	10.5527
05:40:52	1.9776	55.0805	10.5541
05:40:57	2.3013	55.1409	10.5544
05:41:02	2.6250	55.2012	10.5552
05:41:07	2.9486	55.2616	10.5566
05:41:12	3.2723	55.3220	10.5568
05:41:17	3.5960	55.3825	10.5575
05:41:22	3.9197	55.4429	10.5587
05:41:27	4.2434	55.5034	10.5596
05:41:32	4.5670	55.5640	10.5612
05:41:37	4.8907	55.6245	10.5631
05:41:42	5.2144	55.6851	10.5647
05:41:47	5.5381	55.7458	10.5671
05:41:52	5.8617	55.8064	10.5689
05:41:57	6.1854	55.8672	10.5722
05:42:02	6.5091	55.9280	10.5743
05:42:07	6.8327	55.9888	10.5767
05:42:12	7.1564	56.0497	10.5773
05:42:17	7.4800	56.1106	10.5792
05:42:22	7.8036	56.1716	10.5809
05:42:27	8.1273	56.2327	10.5830
05:42:32	8.4509	56.2938	10.5863
05:42:37	8.7745	56.3550	10.5904
05:42:42	9.0981	56.4163	10.5941
05:42:47	9.4218	56.4776	10.5975
05:42:52	9.7454	56.5390	10.6013
05:42:57	10.0689	56.6005	10.6055
05:43:02	10.3925	56.6621	10.6095
05:43:07	10.7161	56.7238	10.6140
05:43:12	11.0397	56.7855	10.6164
05:43:17	11.3632	56.8473	10.6185
05:43:22	11.6868	56.9093	10.6210
05:43:27	12.0103	56.9713	10.6249
05:43:32	12.3338	57.0334	10.6302
05:43:37	12.6573	57.0956	10.6350
05:43:42	12.9808	57.1580	10.6404
05:43:47	13.3043	57.2204	10.6461
05:43:52	13.6278	57.2829	10.6516
05:43:57	13.9512	57.3456	10.6581
05:44:02	14.2746	57.4084	10.6638
05:44:07	14.5981	57.4713	10.6698
05:44:12	14.9215	57.5343	10.6762
05:44:17	15.2449	57.5974	10.6789
05:44:22	15.5683	57.6607	10.6821
05:44:27	15.8916	57.7241	10.6865
05:44:32	16.2150	57.7877	10.6931
05:44:37	16.5383	57.8513	10.7000
05:44:42	16.8616	57.9152	10.7073
05:44:47	17.1849	57.9791	10.7151
05:44:52	17.5082	58.0432	10.7225
05:44:57	17.8314	58.1075	10.7310
05:45:02	18.1547	58.1719	10.7384
05:45:07	18.4779	58.2365	10.7471
05:45:12	18.8011	58.3013	10.7553
05:45:17	19.1243	58.3662	10.7630
05:45:22	19.4474	58.4313	10.7662
05:45:27	19.7706	58.4966	10.7708
05:45:32	20.0937	58.5620	10.7796
05:45:37	20.4168	58.6276	10.7889
05:45:42	20.7398	58.6934	10.7984
05:45:47	21.0629	58.7595	10.8084
05:45:52	21.3859	58.8257	10.8187
05:45:57	21.7089	58.8921	10.8292
05:46:02	22.0025	58.9526	277.3961
15:36:12	21.7560	20.8872	169.1687
15:36:17	21.4325	20.9537	169.1793
15:36:22	21.1091	21.0200	169.1897
15:36:27	20.7856	21.0861	169.1997
15:36:32	20.4621	21.1520	169.2094
15:36:37	20.1386	21.2177	169.2188
15:36:42	19.8150	21.2833	169.2286
15:36:47	19.4914	21.3486	169.2371
15:36:52	19.1678	21.4138	169.2462
15:36:57	18.8442	21.4788	169.2515
15:37:02	18.5205	21.5436	169.2549
15:37:07	18.1969	21.6083	169.2596
15:37:12	17.8732	21.6728	169.2687
15:37:17	17.5495	21.7372	169.2764
15:37:22	17.2257	21.8014	169.2839
15:37:27	16.9020	21.8654	169.2918
15:37:32	16.5782	21.9293	169.2993
15:37:37	16.2544	21.9931	169.3064
15:37:42	15.9306	22.0567	169.3137
15:37:47	15.6068	22.1202	169.3208
15:37:52	15.2830	22.1835	169.3273
15:37:57	14.9591	22.2467	169.3335
15:38:02	14.6352	22.3098	169.3357
15:38:07	14.3113	22.3728	169.3384
15:38:12	13.9874	22.4356	169.3432
15:38:17	13.6635	22.4984	169.3484
15:38:22	13.3396	22.5610	169.3547
15:38:27	13.0156	22.6235	169.3605
15:38:32	12.6917	22.6859	169.3661
15:38:37	12.3677	22.7482	169.3711
15:38:42	12.0437	22.8104	169.3764
15:38:47	11.7197	22.8725	169.3811
15:38:52	11.3957	22.9345	169.3864
15:38:57	11.0717	22.9964	169.3911
15:39:02	10.7477	23.0582	169.3934
15:39:07	10.4236	23.1199	169.3948
15:39:12	10.0996	23.1815	169.3970
15:39:17	9.7755	23.2431	169.4014
15:39:22	9.4514	23.3046	169.4054
15:39:27	9.1274	23.3660	169.4088
15:39:32	8.8033	23.4273	169.4125
15:39:37	8.4792	23.4886	169.4158
15:39:42	8.1551	23.5498	169.4185
15:39:47	7.8310	23.6109	169.4225
15:39:52	7.5069	23.6720	169.4250
15:39:57	7.1827	23.7330	169.4278
15:40:02	6.8586	23.7939	169.4310
15:40:07	6.5345	23.8548	169.4312
15:40:12	6.2103	23.9157	169.4325
15:40:17	5.8862	23.9765	169.4342
15:40:22	5.5620	24.0372	169.4369
15:40:27	5.2379	24.0979	169.4393
15:40:32	4.9137	24.1586	169.4403
15:40:37	4.5896	24.2192	169.4432
15:40:42	4.2654	24.2798	169.4447
15:40:47	3.9413	24.3403	169.4467
15:40:52	3.6171	24.4009	169.4471
15:40:57	3.2930	24.4614	169.4488
15:41:02	2.9688	24.5218	169.4501
15:41:07	2.6446	24.5823	169.4506
15:41:12	2.3205	24.6427	169.4507
15:41:17	1.9963	24.7031	169.4509
15:41:22	1.6722	24.7635	169.4517
15:41:27	1.3480	24.8239	169.4528
15:41:32	1.0239	24.8842	169.4534
15:41:37	0.6997	24.9446	169.4531
15:41:42	0.3756	25.0050	169.4535
15:41:47	0.0514	25.0653	169.4531
15:41:52	-0.2727	25.1257	169.4533
15:41:57	-0.5969	25.1860	169.4537
15:42:02	-0.9210	25.2464	169.4525
17:08:43	21.8234	44.0084	169.1695
17:08:48	21.5000	44.0749	169.1745
17:08:53	21.1765	44.1413	169.1848
17:08:58	20.8530	44.2074	169.1947
17:09:03	20.5295	44.2733	169.2049
17:09:08	20.2060	44.3391	169.2143
17:09:13	19.8825	44.4047	169.2239
17:09:18	19.5589	44.4700	169.2323
17:09:23	19.2353	44.5353	169.2421
17:09:28	18.9117	44.6003	169.2507
17:09:33	18.5880	44.6652	169.2589
17:09:38	18.2644	44.7299	169.2674
17:09:43	17.9407	44.7944	169.2715
17:09:48	17.6170	44.8588	169.2760
17:09:53	17.2933	44.9230	169.2810
17:09:58	16.9695	44.9871	169.2886
17:10:03	16.6458	45.0510	169.2960
17:10:08	16.3220	45.1148	169.3031
17:10:13	15.9982	45.1785	169.3105
17:10:18	15.6744	45.2420	169.3165
17:10:23	15.3505	45.3054	169.3237
17:10:28	15.0267	45.3686	169.3307
17:10:33	14.7028	45.4317	169.3371
17:10:38	14.3789	45.4947	169.3431
17:10:43	14.0550	45.5576	169.3478
17:10:48	13.7311	45.6203	169.3495
17:10:53	13.4072	45.6830	169.3525
17:10:58	13.0833	45.7455	169.3575
17:11:03	12.7593	45.8079	169.3637
17:11:08	12.4353	45.8702	169.3685
17:11:13	12.1114	45.9325	169.3738
17:11:18	11.7874	45.9946	169.3785
17:11:23	11.4634	46.0566	169.3835
17:11:28	11.1393	46.1185	169.3883
17:11:33	10.8153	46.1803	169.3924
17:11:38	10.4913	46.2421	169.3969
17:11:43	10.1672	46.3037	169.4009
17:11:48	9.8432	46.3653	169.4025
17:11:53	9.5191	46.4268	169.4047
17:11:58	9.1950	46.4882	169.4073
17:12:03	8.8710	46.5496	169.4100
17:12:08	8.5469	46.6108	169.4132
17:12:13	8.2228	46.6721	169.4175
17:12:18	7.8987	46.7332	169.4206
17:12:23	7.5746	46.7943	169.4239
17:12:28	7.2504	46.8553	169.4268
17:12:33	6.9263	46.9163	169.4298
17:12:38	6.6022	46.9772	169.4326
17:12:43	6.2780	47.0380	169.4346
17:12:48	5.9539	47.0988	169.4370
17:12:53	5.6298	47.1596	169.4371
17:12:58	5.3056	47.2203	169.4377
17:13:03	4.9815	47.2810	169.4395
17:13:08	4.6573	47.3416	169.4423
17:13:13	4.3332	47.4022	169.4429
17:13:18	4.0090	47.4627	169.4448
17:13:23	3.6849	47.5233	169.4471
17:13:28	3.3607	47.5838	169.4478
17:13:33	3.0365	47.6442	169.4496
17:13:38	2.7124	47.7047	169.4501
17:13:43	2.3882	47.7651	169.4510
17:13:48	2.0641	47.8255	169.4514
17:13:53	1.7399	47.8859	169.4520
17:13:58	1.4158	47.9463	169.4522
17:14:03	1.0916	48.0067	169.4526
17:14:08	0.7675	48.0670	169.4532
17:14:13	0.4433	48.1274	169.4534
17:14:18	0.1192	48.1877	169.4532
17:14:23	-0.2050	48.2481	169.4531
17:14:28	-0.5291	48.3084	169.4534
17:14:33	-0.8532	48.3688	169.4531
23:59:59	-999.00	-999.00	-999.00
