2024/08/31 EARTHCARE
GMT	SUBLAT[N+]	SUBLON[W+]	HEADING
04:07:30	-0.9997	31.3763	10.5516
04:07:35	-0.6761	31.4366	10.5516
04:07:40	-0.3525	31.4968	10.5510
04:07:45	-0.0288	31.5571	8.4286
04:07:50	0.2945	31.6149	10.5511
04:07:55	0.6182	31.6752	10.5513
04:08:00	0.9418	31.7355	10.5511
04:08:05	1.2655	31.7958	10.5517
04:08:10	1.5891	31.8561	10.5527
04:08:15	1.9128	31.9164	10.5524
04:08:20	2.2365	31.9768	10.5537
04:08:25	2.5601	32.0371	10.5547
04:08:30	2.8838	32.0975	10.5560
04:08:35	3.2074	32.1579	10.5571
04:08:40	3.5311	32.2183	10.5587
04:08:45	3.8548	32.2788	10.5592
04:08:50	4.1784	32.3393	10.5593
04:08:55	4.5021	32.3998	10.5599
04:09:00	4.8258	32.4603	10.5612
04:09:05	5.1494	32.5209	10.5639
04:09:10	5.4731	32.5815	10.5652
04:09:15	5.7967	32.6422	10.5680
04:09:20	6.1204	32.7029	10.5697
04:09:25	6.4440	32.7637	10.5727
04:09:30	6.7677	32.8245	10.5752
04:09:35	7.0913	32.8854	10.5786
04:09:40	7.4149	32.9463	10.5812
04:09:45	7.7386	33.0073	10.5829
04:09:50	8.0622	33.0683	10.5843
04:09:55	8.3858	33.1295	10.5853
04:10:00	8.7094	33.1906	10.5878
04:10:05	9.0330	33.2519	10.5914
04:10:10	9.3566	33.3132	10.5947
04:10:15	9.6802	33.3746	10.5995
04:10:20	10.0037	33.4361	10.6031
04:10:25	10.3273	33.4976	10.6071
04:10:30	10.6509	33.5592	10.6117
04:10:35	10.9744	33.6210	10.6159
04:10:40	11.2979	33.6828	10.6207
04:10:45	11.6215	33.7447	10.6256
04:10:50	11.9450	33.8067	10.6279
04:10:55	12.2685	33.8688	10.6299
04:11:00	12.5920	33.9310	10.6323
04:11:05	12.9155	33.9933	10.6378
04:11:10	13.2389	34.0557	10.6427
04:11:15	13.5624	34.1182	10.6483
04:11:20	13.8858	34.1808	10.6543
04:11:25	14.2092	34.2436	10.6606
04:11:30	14.5326	34.3064	10.6668
04:11:35	14.8560	34.3694	10.6724
04:11:40	15.1794	34.4325	10.6792
04:11:45	15.5028	34.4958	10.6859
04:11:50	15.8261	34.5592	10.6912
04:11:55	16.1495	34.6227	10.6946
04:12:00	16.4728	34.6863	10.6975
04:12:05	16.7961	34.7501	10.7040
04:12:10	17.1194	34.8140	10.7103
04:12:15	17.4426	34.8781	10.7186
04:12:20	17.7659	34.9423	10.7266
04:12:24	18.0543	34.9998	288.9305
15:36:08	21.7607	20.8695	169.1695
15:36:13	21.4373	20.9360	169.1803
15:36:18	21.1138	21.0023	169.1899
15:36:23	20.7903	21.0684	169.1999
15:36:28	20.4668	21.1343	169.2096
15:36:33	20.1432	21.2000	169.2196
15:36:38	19.8196	21.2656	169.2292
15:36:43	19.4960	21.3309	169.2387
15:36:48	19.1724	21.3961	169.2470
15:36:53	18.8488	21.4611	169.2523
15:36:58	18.5251	21.5259	169.2558
15:37:03	18.2014	21.5906	169.2612
15:37:08	17.8777	21.6551	169.2685
15:37:13	17.5540	21.7195	169.2773
15:37:18	17.2302	21.7837	169.2856
15:37:23	16.9065	21.8477	169.2927
15:37:28	16.5827	21.9116	169.3000
15:37:33	16.2589	21.9754	169.3079
15:37:38	15.9351	22.0390	169.3146
15:37:43	15.6112	22.1025	169.3215
15:37:48	15.2874	22.1658	169.3280
15:37:53	14.9635	22.2290	169.3334
15:37:58	14.6396	22.2921	169.3366
15:38:03	14.3157	22.3551	169.3393
15:38:08	13.9918	22.4180	169.3440
15:38:13	13.6678	22.4807	169.3499
15:38:18	13.3439	22.5433	169.3554
15:38:23	13.0199	22.6058	169.3615
15:38:28	12.6959	22.6682	169.3668
15:38:33	12.3720	22.7305	169.3716
15:38:38	12.0480	22.7927	169.3770
15:38:43	11.7239	22.8548	169.3818
15:38:48	11.3999	22.9168	169.3870
15:38:53	11.0759	22.9787	169.3917
15:38:58	10.7518	23.0405	169.3942
15:39:03	10.4278	23.1022	169.3954
15:39:08	10.1037	23.1638	169.3969
15:39:13	9.7796	23.2254	169.4022
15:39:18	9.4555	23.2869	169.4061
15:39:23	9.1314	23.3483	169.4094
15:39:28	8.8073	23.4096	169.4132
15:39:33	8.4832	23.4709	169.4165
15:39:38	8.1591	23.5321	169.4200
15:39:43	7.8350	23.5932	169.4231
15:39:48	7.5108	23.6543	169.4266
15:39:53	7.1867	23.7153	169.4286
15:39:58	6.8625	23.7762	169.4309
15:40:03	6.5384	23.8371	169.4319
15:40:08	6.2142	23.8980	169.4333
15:40:13	5.8901	23.9588	169.4356
15:40:18	5.5659	24.0195	169.4376
15:40:23	5.2417	24.0802	169.4391
15:40:28	4.9176	24.1409	169.4408
15:40:33	4.5934	24.2015	169.4439
15:40:38	4.2692	24.2621	169.4455
15:40:43	3.9450	24.3226	169.4463
15:40:48	3.6209	24.3832	169.4487
15:40:53	3.2967	24.4437	169.4495
15:40:58	2.9725	24.5041	169.4506
15:41:03	2.6483	24.5646	169.4512
15:41:08	2.3241	24.6250	169.4513
15:41:13	2.0000	24.6854	169.4516
15:41:18	1.6758	24.7458	169.4532
15:41:23	1.3516	24.8062	169.4534
15:41:28	1.0274	24.8665	169.4540
15:41:33	0.7033	24.9269	169.4546
15:41:38	0.3791	24.9872	169.4541
15:41:43	0.0549	25.0476	169.4546
15:41:48	-0.2692	25.1079	169.4547
15:41:53	-0.5934	25.1683	169.4543
15:41:58	-0.9175	25.2286	169.4538
23:59:59	-999.00	-999.00	-999.00
