2024/09/25 EARTHCARE
GMT	SUBLAT[N+]	SUBLON[W+]	HEADING
02:37:03	8.2445	10.0367	10.5877
02:37:08	8.5683	10.0979	10.5910
02:37:13	8.8920	10.1592	10.5948
02:37:18	9.2158	10.2205	10.5982
02:37:23	9.5396	10.2819	10.6021
02:37:28	9.8633	10.3434	10.6033
02:37:33	10.1871	10.4049	10.6048
02:37:38	10.5108	10.4666	10.6077
02:37:43	10.8346	10.5283	10.6113
02:37:48	11.1583	10.5901	10.6170
02:37:53	11.4820	10.6520	10.6212
02:37:58	11.8057	10.7140	10.6253
02:38:03	12.1294	10.7761	10.6307
02:38:08	12.4531	10.8383	10.6358
02:38:13	12.7768	10.9006	10.6411
02:38:18	13.1005	10.9630	10.6464
02:38:23	13.4241	11.0255	10.6519
02:38:28	13.7478	11.0882	10.6555
02:38:33	14.0714	11.1509	10.6578
02:38:38	14.3950	11.2138	10.6607
02:38:43	14.7186	11.2767	10.6672
02:38:48	15.0422	11.3398	10.6726
02:38:53	15.3658	11.4031	10.6803
02:38:58	15.6894	11.4664	10.6864
02:39:03	16.0129	11.5299	10.6931
02:39:08	16.3364	11.5936	10.7002
02:39:13	16.6600	11.6574	10.7078
02:39:18	16.9835	11.7213	10.7149
02:39:23	17.3069	11.7853	10.7232
02:39:28	17.6304	11.8496	10.7296
02:39:33	17.9539	11.9139	10.7332
02:39:38	18.2773	11.9785	10.7378
02:39:43	18.6007	12.0432	10.7430
02:39:48	18.9241	12.1080	10.7516
02:39:53	19.2475	12.1731	10.7599
02:39:58	19.5708	12.2383	10.7694
02:40:03	19.8942	12.3036	10.7786
02:40:08	20.2175	12.3692	10.7880
02:40:13	20.5408	12.4350	10.7979
02:40:18	20.8640	12.5009	10.8079
02:40:23	21.1873	12.5670	10.8177
02:40:28	21.5105	12.6333	10.8284
02:40:33	21.8337	12.6999	10.8355
04:07:14	-0.9371	31.4530	10.5535
04:07:19	-0.6134	31.5133	10.5540
04:07:24	-0.2896	31.5736	10.5533
04:07:29	0.0359	31.6380	10.5532
04:07:34	0.3596	31.6983	10.5528
04:07:39	0.6834	31.7586	10.5529
04:07:44	1.0071	31.8190	10.5535
04:07:49	1.3309	31.8793	10.5540
04:07:54	1.6546	31.9396	10.5539
04:07:59	1.9784	32.0000	10.5544
04:08:04	2.3021	32.0603	10.5556
04:08:09	2.6259	32.1207	10.5571
04:08:14	2.9496	32.1811	10.5576
04:08:19	3.2734	32.2416	10.5577
04:08:24	3.5971	32.3020	10.5575
04:08:29	3.9209	32.3625	10.5587
04:08:34	4.2447	32.4230	10.5611
04:08:39	4.5684	32.4836	10.5627
04:08:44	4.8922	32.5442	10.5638
04:08:49	5.2159	32.6048	10.5662
04:08:54	5.5397	32.6655	10.5683
04:08:59	5.8635	32.7262	10.5702
04:09:04	6.1872	32.7869	10.5725
04:09:09	6.5110	32.8477	10.5746
04:09:14	6.8347	32.9086	10.5779
04:09:19	7.1585	32.9695	10.5784
04:09:24	7.4822	33.0305	10.5795
04:09:29	7.8059	33.0915	10.5809
04:09:34	8.1297	33.1526	10.5840
04:09:39	8.4534	33.2137	10.5881
04:09:44	8.7771	33.2750	10.5913
04:09:49	9.1009	33.3363	10.5949
04:09:54	9.4246	33.3976	10.5981
04:09:59	9.7483	33.4591	10.6026
04:10:04	10.0720	33.5206	10.6061
04:10:09	10.3957	33.5822	10.6101
04:10:14	10.7193	33.6439	10.6154
04:10:19	11.0430	33.7056	10.6185
04:10:24	11.3667	33.7675	10.6197
04:10:29	11.6903	33.8295	10.6221
04:10:34	12.0140	33.8915	10.6261
04:10:39	12.3376	33.9537	10.6312
04:10:44	12.6613	34.0159	10.6360
04:10:49	12.9849	34.0783	10.6412
04:10:54	13.3085	34.1407	10.6460
04:10:59	13.6321	34.2033	10.6532
04:11:04	13.9557	34.2660	10.6591
04:11:09	14.2792	34.3288	10.6644
04:11:14	14.6028	34.3917	10.6712
04:11:19	14.9263	34.4548	10.6776
04:11:24	15.2498	34.5180	10.6803
04:11:29	15.5734	34.5813	10.6832
04:11:34	15.8968	34.6447	10.6868
04:11:39	16.2203	34.7083	10.6940
04:11:44	16.5438	34.7720	10.7009
04:11:49	16.8672	34.8358	10.7083
04:11:54	17.1907	34.8999	10.7160
04:11:59	17.5141	34.9640	10.7234
04:12:04	17.8375	35.0283	10.7318
04:12:09	18.1609	35.0928	10.7401
04:12:14	18.4842	35.1574	10.7477
04:12:19	18.8076	35.2222	10.7566
04:12:24	19.1309	35.2872	10.7643
04:12:29	19.4542	35.3523	10.7690
04:12:34	19.7775	35.4176	10.7735
04:12:39	20.1008	35.4831	10.7799
04:12:44	20.4240	35.5487	10.7898
04:12:49	20.7472	35.6146	10.7994
04:12:54	21.0704	35.6806	10.8092
04:12:59	21.3936	35.7469	10.8193
04:13:04	21.7167	35.8133	10.8299
04:13:08	22.0013	35.8720	139.1542
05:39:51	-0.7383	54.6276	10.5540
05:39:56	-0.4145	54.6879	10.5535
05:40:01	-0.0908	54.7482	10.5534
05:40:06	0.2301	54.8174	10.5529
05:40:11	0.5539	54.8777	10.5532
05:40:16	0.8776	54.9381	10.5531
05:40:21	1.2013	54.9984	10.5535
05:40:26	1.5251	55.0587	10.5536
05:40:31	1.8488	55.1191	10.5542
05:40:36	2.1726	55.1794	10.5547
05:40:41	2.4963	55.2398	10.5556
05:40:46	2.8201	55.3002	10.5561
05:40:51	3.1439	55.3606	10.5580
05:40:56	3.4676	55.4211	10.5590
05:41:01	3.7914	55.4815	10.5602
05:41:06	4.1151	55.5421	10.5620
05:41:11	4.4389	55.6026	10.5637
05:41:16	4.7627	55.6632	10.5639
05:41:21	5.0864	55.7238	10.5648
05:41:26	5.4102	55.7844	10.5653
05:41:31	5.7340	55.8451	10.5682
05:41:36	6.0577	55.9059	10.5698
05:41:41	6.3815	55.9666	10.5720
05:41:46	6.7052	56.0275	10.5746
05:41:51	7.0290	56.0884	10.5778
05:41:56	7.3527	56.1493	10.5807
05:42:01	7.6765	56.2103	10.5833
05:42:06	8.0002	56.2714	10.5863
05:42:11	8.3239	56.3325	10.5899
05:42:16	8.6477	56.3937	10.5922
05:42:21	8.9714	56.4550	10.5934
05:42:26	9.2951	56.5163	10.5942
05:42:31	9.6188	56.5777	10.5981
05:42:36	9.9425	56.6392	10.6017
05:42:41	10.2662	56.7008	10.6065
05:42:46	10.5899	56.7624	10.6103
05:42:51	10.9136	56.8242	10.6145
05:42:56	11.2373	56.8860	10.6191
05:43:01	11.5609	56.9479	10.6243
05:43:06	11.8846	57.0099	10.6292
05:43:11	12.2082	57.0720	10.6335
05:43:16	12.5319	57.1342	10.6386
05:43:21	12.8555	57.1966	10.6415
05:43:26	13.1791	57.2590	10.6431
05:43:31	13.5027	57.3215	10.6469
05:43:36	13.8263	57.3842	10.6521
05:43:41	14.1499	57.4469	10.6576
05:43:46	14.4734	57.5098	10.6646
05:43:51	14.7970	57.5728	10.6703
05:43:56	15.1205	57.6359	10.6773
05:44:01	15.4440	57.6992	10.6839
05:44:06	15.7675	57.7626	10.6909
05:44:11	16.0910	57.8261	10.6974
05:44:16	16.4145	57.8897	10.7044
05:44:21	16.7380	57.9535	10.7104
05:44:26	17.0614	58.0175	10.7140
05:44:31	17.3848	58.0816	10.7166
05:44:36	17.7082	58.1458	10.7236
05:44:41	18.0316	58.2102	10.7320
05:44:46	18.3550	58.2748	10.7399
05:44:51	18.6783	58.3395	10.7490
05:44:56	19.0017	58.4044	10.7567
05:45:01	19.3250	58.4695	10.7659
05:45:06	19.6483	58.5347	10.7745
05:45:11	19.9716	58.6001	10.7834
05:45:16	20.2948	58.6657	10.7943
05:45:21	20.6180	58.7315	10.8031
05:45:26	20.9412	58.7975	10.8092
05:45:31	21.2644	58.8636	10.8139
05:45:36	21.5876	58.9300	10.8200
05:45:41	21.9107	58.9966	10.8303
15:36:01	21.8276	20.9684	169.1681
15:36:06	21.5043	21.0349	169.1787
15:36:11	21.1810	21.1012	169.1889
15:36:16	20.8577	21.1673	169.1987
15:36:21	20.5344	21.2333	169.2051
15:36:26	20.2110	21.2990	169.2102
15:36:31	19.8876	21.3646	169.2142
15:36:36	19.5642	21.4300	169.2234
15:36:41	19.2408	21.4952	169.2324
15:36:46	18.9173	21.5602	169.2417
15:36:51	18.5938	21.6251	169.2496
15:36:56	18.2703	21.6898	169.2592
15:37:01	17.9468	21.7543	169.2672
15:37:06	17.6233	21.8187	169.2748
15:37:11	17.2997	21.8829	169.2830
15:37:16	16.9762	21.9470	169.2907
15:37:21	16.6526	22.0109	169.2973
15:37:26	16.3290	22.0747	169.3011
15:37:31	16.0054	22.1384	169.3040
15:37:36	15.6817	22.2019	169.3084
15:37:41	15.3581	22.2652	169.3150
15:37:46	15.0344	22.3285	169.3217
15:37:51	14.7107	22.3916	169.3281
15:37:56	14.3870	22.4546	169.3348
15:38:01	14.0633	22.5174	169.3412
15:38:06	13.7396	22.5802	169.3471
15:38:11	13.4159	22.6428	169.3532
15:38:16	13.0921	22.7053	169.3581
15:38:21	12.7684	22.7677	169.3635
15:38:26	12.4446	22.8300	169.3674
15:38:31	12.1208	22.8922	169.3693
15:38:36	11.7971	22.9543	169.3714
15:38:41	11.4733	23.0163	169.3756
15:38:46	11.1494	23.0783	169.3801
15:38:51	10.8256	23.1401	169.3850
15:38:56	10.5018	23.2018	169.3895
15:39:01	10.1780	23.2635	169.3942
15:39:06	9.8541	23.3250	169.3985
15:39:11	9.5303	23.3865	169.4022
15:39:16	9.2064	23.4479	169.4056
15:39:21	8.8826	23.5093	169.4094
15:39:26	8.5587	23.5705	169.4123
15:39:31	8.2348	23.6317	169.4142
15:39:36	7.9109	23.6928	169.4153
15:39:41	7.5871	23.7539	169.4168
15:39:46	7.2632	23.8149	169.4196
15:39:51	6.9393	23.8759	169.4228
15:39:56	6.6154	23.9367	169.4262
15:40:01	6.2915	23.9976	169.4282
15:40:06	5.9676	24.0584	169.4305
15:40:11	5.6437	24.1191	169.4333
15:40:16	5.3198	24.1798	169.4345
15:40:21	4.9959	24.2405	169.4372
15:40:26	4.6720	24.3011	169.4391
15:40:31	4.3481	24.3617	169.4397
15:40:36	4.0241	24.4222	169.4404
15:40:41	3.7002	24.4827	169.4408
15:40:46	3.3763	24.5432	169.4424
15:40:51	3.0524	24.6037	169.4435
15:40:56	2.7285	24.6641	169.4447
15:41:01	2.4046	24.7245	169.4456
15:41:06	2.0807	24.7849	169.4457
15:41:11	1.7568	24.8453	169.4473
15:41:16	1.4329	24.9056	169.4481
15:41:21	1.1091	24.9660	169.4476
15:41:26	0.7852	25.0263	169.4482
15:41:31	0.4613	25.0867	169.4485
15:41:36	0.1374	25.1470	169.4481
15:41:41	-0.1865	25.2073	169.4479
15:41:46	-0.5103	25.2676	169.4480
15:41:51	-0.8342	25.3280	169.4486
17:08:33	21.9594	44.0835	169.1575
17:08:38	21.6361	44.1501	169.1688
17:08:43	21.3128	44.2165	169.1787
17:08:48	20.9895	44.2827	169.1893
17:08:53	20.6662	44.3487	169.1985
17:08:58	20.3428	44.4146	169.2083
17:09:03	20.0194	44.4802	169.2186
17:09:08	19.6960	44.5457	169.2276
17:09:13	19.3726	44.6109	169.2365
17:09:18	19.0492	44.6760	169.2446
17:09:23	18.7257	44.7410	169.2485
17:09:28	18.4022	44.8057	169.2529
17:09:33	18.0787	44.8703	169.2592
17:09:38	17.7552	44.9348	169.2675
17:09:43	17.4317	44.9991	169.2747
17:09:48	17.1081	45.0632	169.2832
17:09:53	16.7845	45.1272	169.2903
17:09:58	16.4609	45.1910	169.2978
17:10:03	16.1373	45.2547	169.3049
17:10:08	15.8137	45.3183	169.3116
17:10:13	15.4901	45.3817	169.3188
17:10:18	15.1664	45.4450	169.3255
17:10:23	14.8427	45.5082	169.3301
17:10:28	14.5191	45.5712	169.3324
17:10:33	14.1954	45.6341	169.3353
17:10:38	13.8717	45.6969	169.3410
17:10:43	13.5479	45.7596	169.3462
17:10:48	13.2242	45.8221	169.3525
17:10:53	12.9004	45.8846	169.3578
17:10:58	12.5767	45.9469	169.3632
17:11:03	12.2529	46.0092	169.3682
17:11:08	11.9291	46.0713	169.3738
17:11:13	11.6053	46.1334	169.3787
17:11:18	11.2815	46.1953	169.3829
17:11:23	10.9577	46.2572	169.3879
17:11:28	10.6339	46.3189	169.3896
17:11:33	10.3101	46.3806	169.3909
17:11:38	9.9863	46.4422	169.3932
17:11:43	9.6624	46.5037	169.3968
17:11:48	9.3386	46.5652	169.4016
17:11:53	9.0147	46.6265	169.4052
17:11:58	8.6908	46.6878	169.4083
17:12:03	8.3670	46.7491	169.4122
17:12:08	8.0431	46.8102	169.4159
17:12:13	7.7192	46.8713	169.4183
17:12:18	7.3953	46.9323	169.4218
17:12:23	7.0715	46.9933	169.4238
17:12:28	6.7476	47.0542	169.4263
17:12:33	6.4237	47.1151	169.4272
17:12:38	6.0998	47.1759	169.4279
17:12:43	5.7759	47.2366	169.4304
17:12:48	5.4520	47.2974	169.4325
17:12:53	5.1281	47.3580	169.4347
17:12:58	4.8042	47.4187	169.4365
17:13:03	4.4803	47.4793	169.4388
17:13:08	4.1564	47.5398	169.4404
17:13:13	3.8325	47.6003	169.4415
17:13:18	3.5085	47.6608	169.4430
17:13:23	3.1846	47.7213	169.4447
17:13:28	2.8607	47.7817	169.4451
17:13:33	2.5368	47.8422	169.4466
17:13:38	2.2130	47.9026	169.4466
17:13:43	1.8891	47.9629	169.4461
17:13:48	1.5652	48.0233	169.4470
17:13:53	1.2413	48.0837	169.4479
17:13:58	0.9174	48.1440	169.4486
17:14:03	0.5935	48.2043	169.4477
17:14:08	0.2696	48.2647	169.4489
17:14:13	-0.0542	48.3250	169.4478
17:14:18	-0.3781	48.3853	169.4488
17:14:23	-0.7019	48.4456	169.4474
17:14:28	-1.0258	48.5060	169.4475
23:59:59	-999.00	-999.00	-999.00
