2024/09/25 EARTHCARE
GMT	SUBLAT[N+]	SUBLON[W+]	HEADING
02:36:59	8.3557	10.0364	10.5894
02:37:04	8.6794	10.0976	10.5917
02:37:09	9.0031	10.1589	10.5928
02:37:14	9.3268	10.2202	10.5963
02:37:19	9.6505	10.2817	10.6001
02:37:24	9.9742	10.3432	10.6044
02:37:29	10.2979	10.4047	10.6085
02:37:34	10.6216	10.4664	10.6129
02:37:39	10.9452	10.5281	10.6171
02:37:44	11.2689	10.5900	10.6209
02:37:49	11.5925	10.6519	10.6261
02:37:54	11.9162	10.7139	10.6308
02:37:59	12.2398	10.7761	10.6344
02:38:04	12.5634	10.8383	10.6368
02:38:09	12.8871	10.9006	10.6388
02:38:14	13.2106	10.9631	10.6438
02:38:19	13.5342	11.0256	10.6493
02:38:24	13.8578	11.0883	10.6552
02:38:29	14.1814	11.1510	10.6608
02:38:34	14.5049	11.2139	10.6667
02:38:39	14.8285	11.2770	10.6734
02:38:44	15.1520	11.3401	10.6802
02:38:49	15.4755	11.4034	10.6867
02:38:54	15.7990	11.4668	10.6937
02:38:59	16.1225	11.5303	10.7004
02:39:04	16.4459	11.5940	10.7039
02:39:09	16.7694	11.6578	10.7073
02:39:14	17.0928	11.7218	10.7119
02:39:19	17.4162	11.7859	10.7184
02:39:24	17.7396	11.8501	10.7270
02:39:29	18.0630	11.9146	10.7346
02:39:34	18.3863	11.9791	10.7433
02:39:39	18.7097	12.0439	10.7516
02:39:44	19.0330	12.1088	10.7602
02:39:49	19.3563	12.1739	10.7692
02:39:54	19.6796	12.2391	10.7785
02:39:59	20.0028	12.3046	10.7874
02:40:04	20.3261	12.3702	10.7957
02:40:09	20.6493	12.4360	10.7998
02:40:14	20.9725	12.5020	10.8050
02:40:19	21.2957	12.5682	10.8138
02:40:24	21.6188	12.6346	10.8228
02:40:29	21.9420	12.7012	10.8335
04:07:11	-0.8032	31.4599	10.5549
04:07:16	-0.4795	31.5202	10.5545
04:07:21	-0.1558	31.5805	10.5545
04:07:26	0.1654	31.6406	10.5542
04:07:31	0.4891	31.7009	10.5545
04:07:36	0.8127	31.7612	10.5545
04:07:41	1.1364	31.8215	10.5551
04:07:46	1.4601	31.8818	10.5553
04:07:51	1.7838	31.9422	10.5551
04:07:56	2.1075	32.0025	10.5555
04:08:01	2.4312	32.0629	10.5565
04:08:06	2.7549	32.1233	10.5571
04:08:11	3.0785	32.1837	10.5583
04:08:16	3.4022	32.2441	10.5592
04:08:21	3.7259	32.3046	10.5606
04:08:26	4.0496	32.3651	10.5615
04:08:31	4.3733	32.4256	10.5640
04:08:36	4.6970	32.4862	10.5653
04:08:41	5.0207	32.5468	10.5672
04:08:46	5.3444	32.6074	10.5687
04:08:51	5.6681	32.6681	10.5698
04:08:56	5.9918	32.7288	10.5706
04:09:01	6.3155	32.7896	10.5727
04:09:06	6.6392	32.8504	10.5747
04:09:11	6.9629	32.9113	10.5771
04:09:16	7.2866	32.9722	10.5793
04:09:21	7.6102	33.0332	10.5827
04:09:26	7.9339	33.0942	10.5857
04:09:31	8.2576	33.1553	10.5895
04:09:36	8.5812	33.2165	10.5919
04:09:41	8.9049	33.2777	10.5957
04:09:46	9.2286	33.3391	10.6000
04:09:51	9.5522	33.4004	10.6015
04:09:56	9.8758	33.4619	10.6034
04:10:01	10.1995	33.5235	10.6049
04:10:06	10.5231	33.5851	10.6087
04:10:11	10.8467	33.6468	10.6129
04:10:16	11.1703	33.7086	10.6177
04:10:21	11.4939	33.7705	10.6221
04:10:26	11.8175	33.8325	10.6280
04:10:31	12.1411	33.8946	10.6326
04:10:36	12.4647	33.9567	10.6376
04:10:41	12.7882	34.0190	10.6422
04:10:46	13.1118	34.0814	10.6472
04:10:51	13.4353	34.1439	10.6521
04:10:56	13.7588	34.2065	10.6556
04:11:01	14.0823	34.2693	10.6580
04:11:06	14.4058	34.3321	10.6616
04:11:11	14.7293	34.3951	10.6690
04:11:16	15.0528	34.4582	10.6745
04:11:21	15.3762	34.5214	10.6820
04:11:26	15.6997	34.5847	10.6882
04:11:31	16.0231	34.6482	10.6949
04:11:36	16.3465	34.7119	10.7020
04:11:41	16.6699	34.7756	10.7095
04:11:46	16.9933	34.8395	10.7166
04:11:51	17.3166	34.9036	10.7243
04:11:56	17.6400	34.9678	10.7297
04:12:01	17.9633	35.0322	10.7333
04:12:06	18.2866	35.0967	10.7371
04:12:11	18.6099	35.1614	10.7456
04:12:16	18.9332	35.2262	10.7534
04:12:21	19.2564	35.2912	10.7619
04:12:26	19.5797	35.3564	10.7713
04:12:31	19.9029	35.4218	10.7805
04:12:36	20.2261	35.4873	10.7899
04:12:41	20.5492	35.5531	10.7996
04:12:46	20.8724	35.6190	10.8097
04:12:51	21.1955	35.6851	10.8194
04:12:56	21.5186	35.7514	10.8294
04:13:01	21.8417	35.8179	10.8342
05:39:43	-0.9320	54.5733	10.5556
05:39:48	-0.6084	54.6336	10.5552
05:39:53	-0.2847	54.6939	10.5545
05:39:58	0.0359	54.7593	10.5541
05:40:03	0.3596	54.8196	10.5538
05:40:08	0.6833	54.8799	10.5539
05:40:13	1.0069	54.9403	10.5546
05:40:18	1.3306	55.0006	10.5550
05:40:23	1.6543	55.0609	10.5550
05:40:28	1.9780	55.1213	10.5555
05:40:33	2.3017	55.1816	10.5566
05:40:38	2.6254	55.2420	10.5573
05:40:43	2.9491	55.3024	10.5587
05:40:48	3.2728	55.3628	10.5589
05:40:53	3.5965	55.4233	10.5594
05:40:58	3.9202	55.4838	10.5606
05:41:03	4.2439	55.5443	10.5615
05:41:08	4.5676	55.6048	10.5638
05:41:13	4.8913	55.6654	10.5657
05:41:18	5.2150	55.7260	10.5673
05:41:23	5.5387	55.7867	10.5696
05:41:28	5.8624	55.8474	10.5713
05:41:33	6.1860	55.9081	10.5738
05:41:38	6.5097	55.9689	10.5767
05:41:43	6.8334	56.0298	10.5783
05:41:48	7.1571	56.0907	10.5797
05:41:53	7.4808	56.1517	10.5806
05:41:58	7.8045	56.2127	10.5822
05:42:03	8.1281	56.2738	10.5860
05:42:08	8.4518	56.3349	10.5885
05:42:13	8.7755	56.3961	10.5916
05:42:18	9.0991	56.4574	10.5962
05:42:23	9.4228	56.5188	10.5994
05:42:28	9.7464	56.5802	10.6031
05:42:33	10.0701	56.6417	10.6073
05:42:38	10.3937	56.7033	10.6112
05:42:43	10.7173	56.7650	10.6157
05:42:48	11.0409	56.8268	10.6190
05:42:53	11.3645	56.8886	10.6209
05:42:58	11.6881	56.9506	10.6234
05:43:03	12.0117	57.0126	10.6264
05:43:08	12.3353	57.0748	10.6324
05:43:13	12.6588	57.1370	10.6373
05:43:18	12.9824	57.1993	10.6417
05:43:23	13.3059	57.2618	10.6474
05:43:28	13.6295	57.3244	10.6537
05:43:33	13.9530	57.3871	10.6595
05:43:38	14.2765	57.4499	10.6650
05:43:43	14.6000	57.5128	10.6718
05:43:48	14.9235	57.5758	10.6782
05:43:53	15.2469	57.6390	10.6815
05:43:58	15.5704	57.7023	10.6846
05:44:03	15.8938	57.7657	10.6880
05:44:08	16.2172	57.8293	10.6947
05:44:13	16.5406	57.8930	10.7025
05:44:18	16.8640	57.9568	10.7088
05:44:23	17.1874	58.0208	10.7174
05:44:28	17.5107	58.0850	10.7248
05:44:33	17.8341	58.1493	10.7325
05:44:38	18.1574	58.2137	10.7405
05:44:43	18.4807	58.2784	10.7491
05:44:48	18.8040	58.3431	10.7572
05:44:53	19.1272	58.4081	10.7650
05:44:58	19.4505	58.4732	10.7691
05:45:03	19.7737	58.5385	10.7741
05:45:08	20.0969	58.6040	10.7813
05:45:13	20.4201	58.6696	10.7906
05:45:18	20.7432	58.7355	10.8000
05:45:23	21.0664	58.8015	10.8100
05:45:28	21.3895	58.8678	10.8201
05:45:33	21.7126	58.9342	10.8307
05:45:37	21.9976	58.9930	277.2981
15:35:58	21.7004	20.9728	169.1658
15:36:03	21.3771	21.0393	169.1748
15:36:08	21.0537	21.1056	169.1852
15:36:13	20.7303	21.1716	169.1953
15:36:18	20.4069	21.2375	169.2051
15:36:23	20.0835	21.3032	169.2142
15:36:28	19.7600	21.3687	169.2241
15:36:33	19.4365	21.4340	169.2327
15:36:38	19.1130	21.4992	169.2417
15:36:43	18.7895	21.5641	169.2504
15:36:48	18.4659	21.6290	169.2597
15:36:53	18.1424	21.6936	169.2634
15:36:58	17.8188	21.7581	169.2668
15:37:03	17.4952	21.8224	169.2722
15:37:08	17.1716	21.8866	169.2797
15:37:13	16.8479	21.9506	169.2877
15:37:18	16.5243	22.0145	169.2949
15:37:23	16.2006	22.0782	169.3019
15:37:28	15.8769	22.1418	169.3095
15:37:33	15.5532	22.2053	169.3165
15:37:38	15.2295	22.2686	169.3231
15:37:43	14.9058	22.3318	169.3294
15:37:48	14.5820	22.3949	169.3358
15:37:53	14.2583	22.4578	169.3403
15:37:58	13.9345	22.5206	169.3434
15:38:03	13.6107	22.5834	169.3460
15:38:08	13.2869	22.6460	169.3498
15:38:13	12.9631	22.7084	169.3558
15:38:18	12.6393	22.7708	169.3613
15:38:23	12.3154	22.8331	169.3669
15:38:28	11.9916	22.8953	169.3724
15:38:33	11.6677	22.9573	169.3772
15:38:38	11.3439	23.0193	169.3816
15:38:43	11.0200	23.0812	169.3853
15:38:48	10.6961	23.1430	169.3897
15:38:53	10.3722	23.2047	169.3942
15:38:58	10.0483	23.2663	169.3966
15:39:03	9.7244	23.3279	169.3984
15:39:08	9.4005	23.3893	169.3997
15:39:13	9.0766	23.4507	169.4041
15:39:18	8.7526	23.5120	169.4078
15:39:23	8.4287	23.5733	169.4110
15:39:28	8.1048	23.6345	169.4146
15:39:33	7.7808	23.6956	169.4177
15:39:38	7.4569	23.7566	169.4211
15:39:43	7.1329	23.8176	169.4232
15:39:48	6.8089	23.8786	169.4256
15:39:53	6.4850	23.9394	169.4282
15:39:58	6.1610	24.0003	169.4306
15:40:03	5.8370	24.0611	169.4320
15:40:08	5.5131	24.1218	169.4324
15:40:13	5.1891	24.1825	169.4346
15:40:18	4.8651	24.2431	169.4355
15:40:23	4.5411	24.3037	169.4384
15:40:28	4.2172	24.3643	169.4402
15:40:33	3.8932	24.4249	169.4419
15:40:38	3.5692	24.4854	169.4424
15:40:43	3.2452	24.5459	169.4441
15:40:48	2.9213	24.6063	169.4445
15:40:53	2.5973	24.6668	169.4467
15:40:58	2.2733	24.7272	169.4469
15:41:03	1.9493	24.7876	169.4473
15:41:08	1.6254	24.8479	169.4478
15:41:13	1.3014	24.9083	169.4479
15:41:18	0.9775	24.9687	169.4484
15:41:23	0.6535	25.0290	169.4485
15:41:28	0.3296	25.0894	169.4488
15:41:33	0.0056	25.1497	169.4485
15:41:38	-0.3183	25.2100	169.4486
15:41:43	-0.6423	25.2704	169.4490
15:41:48	-0.9662	25.3307	169.4478
17:08:29	21.8322	44.0877	169.1688
17:08:34	21.5089	44.1542	169.1784
17:08:39	21.1855	44.2205	169.1895
17:08:44	20.8622	44.2867	169.1986
17:08:49	20.5387	44.3526	169.2039
17:08:54	20.2153	44.4184	169.2091
17:08:59	19.8919	44.4840	169.2148
17:09:04	19.5684	44.5494	169.2240
17:09:09	19.2449	44.6146	169.2327
17:09:14	18.9214	44.6796	169.2421
17:09:19	18.5979	44.7445	169.2510
17:09:24	18.2743	44.8092	169.2588
17:09:29	17.9507	44.8738	169.2677
17:09:34	17.6272	44.9382	169.2762
17:09:39	17.3035	45.0024	169.2836
17:09:44	16.9799	45.0665	169.2912
17:09:49	16.6563	45.1304	169.2962
17:09:54	16.3326	45.1942	169.2997
17:09:59	16.0089	45.2579	169.3029
17:10:04	15.6852	45.3214	169.3089
17:10:09	15.3615	45.3848	169.3161
17:10:14	15.0378	45.4480	169.3231
17:10:19	14.7141	45.5111	169.3293
17:10:24	14.3903	45.5741	169.3353
17:10:29	14.0666	45.6370	169.3416
17:10:34	13.7428	45.6998	169.3474
17:10:39	13.4190	45.7624	169.3536
17:10:44	13.0952	45.8249	169.3585
17:10:49	12.7714	45.8874	169.3639
17:10:54	12.4475	45.9497	169.3670
17:10:59	12.1237	46.0119	169.3688
17:11:04	11.7998	46.0740	169.3709
17:11:09	11.4760	46.1360	169.3760
17:11:14	11.1521	46.1979	169.3814
17:11:19	10.8282	46.2598	169.3855
17:11:24	10.5044	46.3215	169.3898
17:11:29	10.1805	46.3832	169.3938
17:11:34	9.8566	46.4448	169.3981
17:11:39	9.5326	46.5063	169.4029
17:11:44	9.2087	46.5677	169.4061
17:11:49	8.8848	46.6290	169.4096
17:11:54	8.5609	46.6903	169.4119
17:11:59	8.2369	46.7515	169.4145
17:12:04	7.9130	46.8126	169.4148
17:12:09	7.5890	46.8737	169.4173
17:12:14	7.2651	46.9347	169.4209
17:12:19	6.9411	46.9957	169.4230
17:12:24	6.6172	47.0566	169.4265
17:12:29	6.2932	47.1174	169.4286
17:12:34	5.9692	47.1782	169.4310
17:12:39	5.6453	47.2390	169.4328
17:12:44	5.3213	47.2997	169.4349
17:12:49	4.9973	47.3604	169.4367
17:12:54	4.6734	47.4210	169.4395
17:12:59	4.3494	47.4816	169.4401
17:13:04	4.0254	47.5421	169.4410
17:13:09	3.7014	47.6027	169.4412
17:13:14	3.3775	47.6632	169.4419
17:13:19	3.0535	47.7236	169.4437
17:13:24	2.7295	47.7841	169.4452
17:13:29	2.4056	47.8445	169.4459
17:13:34	2.0816	47.9049	169.4471
17:13:39	1.7576	47.9653	169.4476
17:13:44	1.4337	48.0256	169.4486
17:13:49	1.1097	48.0860	169.4481
17:13:54	0.7858	48.1463	169.4488
17:13:59	0.4618	48.2067	169.4489
17:14:04	0.1379	48.2670	169.4494
17:14:09	-0.1861	48.3274	169.4484
17:14:14	-0.5100	48.3877	169.4494
17:14:19	-0.8339	48.4481	169.4481
23:59:59	-999.00	-999.00	-999.00
