2024/11/18 EARTHCARE
GMT	SUBLAT[N+]	SUBLON[W+]	HEADING
00:49:15	35.1945	-12.7165	11.4672
00:49:20	35.5161	-12.6364	11.4911
00:49:25	35.8377	-12.5559	11.5163
00:49:30	36.1593	-12.4748	11.5406
00:49:35	36.4808	-12.3933	11.5570
00:49:40	36.8023	-12.3113	11.5755
00:49:45	37.1237	-12.2287	11.5971
00:49:50	37.4451	-12.1457	11.6240
00:49:55	37.7664	-12.0621	11.6520
00:50:00	38.0876	-11.9780	11.6803
00:50:05	38.4088	-11.8933	11.7085
00:50:10	38.7300	-11.8080	11.7389
00:50:15	39.0511	-11.7222	11.7682
00:50:20	39.3721	-11.6357	11.7993
00:50:25	39.6931	-11.5487	11.8298
00:50:30	40.0140	-11.4611	11.8613
00:50:35	40.3349	-11.3728	11.8888
00:50:40	40.6557	-11.2839	11.9127
00:50:45	40.9764	-11.1943	11.9370
00:50:50	41.2971	-11.1041	11.9699
00:50:55	41.6178	-11.0132	12.0049
00:51:00	41.9383	-10.9216	12.0405
00:51:05	42.2588	-10.8293	12.0765
00:51:10	42.5792	-10.7362	12.1135
00:51:15	42.8996	-10.6424	12.1515
00:51:20	43.2199	-10.5479	12.1894
00:51:25	43.5401	-10.4526	12.2287
00:51:30	43.8603	-10.3565	12.2690
00:51:35	44.1804	-10.2595	12.3096
00:51:40	44.5004	-10.1618	12.3414
00:51:45	44.8203	-10.0632	12.3743
00:51:50	45.1402	-9.9637	12.4100
00:51:55	45.4600	-9.8634	12.4540
00:52:00	45.7797	-9.7622	12.4997
00:52:05	46.0994	-9.6600	12.5452
00:52:10	46.4190	-9.5570	12.5922
00:52:15	46.7384	-9.4529	12.6398
00:52:20	47.0579	-9.3478	12.6887
00:52:25	47.3772	-9.2418	12.7382
00:52:30	47.6964	-9.1347	12.7893
00:52:35	48.0156	-9.0266	12.8416
00:52:40	48.3346	-8.9173	12.8890
00:52:45	48.6536	-8.8070	12.9328
00:52:50	48.9725	-8.6955	12.9775
00:52:55	49.2913	-8.5829	13.0308
00:53:00	49.6100	-8.4691	13.0880
00:53:05	49.9286	-8.3540	13.1466
00:53:10	50.2471	-8.2377	13.2063
00:53:15	50.5655	-8.1202	13.2678
00:53:20	50.8838	-8.0013	13.3300
00:53:25	51.2020	-7.8811	13.3937
00:53:30	51.5201	-7.7595	13.4590
00:53:35	51.8381	-7.6365	13.5255
00:53:40	52.1560	-7.5120	13.5931
00:53:45	52.4738	-7.3861	13.6523
00:53:50	52.7914	-7.2586	13.7124
00:53:55	53.1090	-7.1296	13.7761
00:54:00	53.4264	-6.9990	13.8494
00:54:05	53.7437	-6.8667	13.9252
00:54:10	54.0609	-6.7328	14.0022
00:54:15	54.3779	-6.5971	14.0815
00:54:20	54.6948	-6.4597	14.1620
00:54:25	55.0116	-6.3204	14.2449
00:54:30	55.3283	-6.1792	14.3293
00:54:35	55.6448	-6.0361	14.4157
00:54:40	55.9611	-5.8910	14.5040
00:54:45	56.2774	-5.7438	14.5905
00:54:50	56.5934	-5.5946	14.6713
00:54:55	56.9094	-5.4432	14.7539
00:55:00	57.2251	-5.2896	14.8463
00:55:05	57.5407	-5.1337	14.9446
00:55:10	57.8562	-4.9755	15.0461
00:55:15	58.1714	-4.8148	15.1503
00:55:20	58.4865	-4.6517	15.2562
00:55:25	58.8014	-4.4860	15.3653
00:55:30	59.1162	-4.3176	15.4764
00:55:35	59.4307	-4.1465	15.5906
00:55:40	59.7451	-3.9726	15.7073
00:55:45	60.0592	-3.7958	15.8276
00:55:50	60.3732	-3.6160	15.9408
00:55:55	60.6869	-3.4331	16.0543
00:56:00	61.0004	-3.2471	16.1714
00:56:05	61.3137	-3.0577	16.3041
00:56:10	61.6268	-2.8650	16.4398
00:56:15	61.9396	-2.6688	16.5785
00:56:20	62.2522	-2.4690	16.7215
00:56:25	62.5646	-2.2654	16.8677
00:56:30	62.8766	-2.0579	17.0181
00:56:35	63.1884	-1.8465	17.1724
00:56:40	63.5000	-1.6309	17.3307
00:56:45	63.8112	-1.4110	17.4935
00:56:50	64.1222	-1.1867	17.6581
00:56:55	64.4328	-0.9578	17.8170
00:57:00	64.7431	-0.7241	17.9804
00:57:05	65.0531	-0.4855	18.1554
00:57:10	65.3628	-0.2418	18.3415
00:57:15	65.6721	0.0072	18.5334
00:57:20	65.9811	0.2617	18.7305
00:57:25	66.2896	0.5219	18.9335
00:57:30	66.5978	0.7880	19.1424
00:57:35	66.9056	1.0603	19.3569
00:57:40	67.2129	1.3390	19.5784
00:57:45	67.5198	1.6244	19.8065
00:57:50	67.8263	1.9167	20.0410
00:57:55	68.1323	2.2162	20.2750
00:58:00	68.4378	2.5231	20.5111
00:58:05	68.7427	2.8379	20.7552
00:58:10	69.0472	3.1608	21.0198
00:58:15	69.3510	3.4922	21.2936
00:58:20	69.6543	3.8325	21.5764
00:58:25	69.9570	4.1819	21.8688
00:58:30	70.2591	4.5410	22.1700
00:58:35	70.5604	4.9102	22.4817
00:58:40	70.8611	5.2899	22.8037
00:58:45	71.1611	5.6805	23.1368
00:58:50	71.4603	6.0827	23.4814
00:58:55	71.7587	6.4969	23.8371
00:59:00	72.0562	6.9237	24.1927
00:59:05	72.3529	7.3638	24.5616
00:59:10	72.6486	7.8176	24.9496
00:59:15	72.9434	8.2859	25.3599
00:59:20	73.2371	8.7695	25.7861
00:59:25	73.5298	9.2690	26.2278
00:59:30	73.8213	9.7853	26.6864
00:59:35	74.1117	10.3192	27.1626
00:59:40	74.4008	10.8717	27.6575
00:59:45	74.6885	11.4437	28.1718
00:59:50	74.9748	12.0363	28.7066
00:59:55	75.2597	12.6505	29.2631
01:00:00	75.5429	13.2874	29.8347
01:00:05	75.8245	13.9483	30.4245
01:00:10	76.1043	14.6346	31.0390
01:00:15	76.3823	15.3475	31.6921
01:00:20	76.6582	16.0886	32.3753
01:00:25	76.9320	16.8593	33.0876
01:00:30	77.2036	17.6615	33.8321
01:00:35	77.4728	18.4968	34.6099
01:00:40	77.7393	19.3671	35.4226
01:00:45	78.0032	20.2743	36.2714
01:00:50	78.2641	21.2206	37.1600
01:00:55	78.5220	22.2081	38.0895
01:01:00	78.7764	23.2392	39.0631
01:01:05	79.0274	24.3161	40.0686
02:21:44	35.0017	10.3720	11.4491
02:21:49	35.3234	10.4519	11.4646
02:21:54	35.6450	10.5321	11.4881
02:21:59	35.9666	10.6128	11.5124
02:22:04	36.2882	10.6941	11.5378
02:22:09	36.6097	10.7758	11.5636
02:22:14	36.9311	10.8580	11.5906
02:22:19	37.2525	10.9408	11.6168
02:22:24	37.5739	11.0240	11.6448
02:22:29	37.8951	11.1079	11.6729
02:22:34	38.2164	11.1922	11.7009
02:22:39	38.5376	11.2771	11.7305
02:22:44	38.8587	11.3626	11.7509
02:22:49	39.1798	11.4487	11.7725
02:22:54	39.5008	11.5354	11.7964
02:22:59	39.8217	11.6226	11.8280
02:23:04	40.1426	11.7105	11.8598
02:23:09	40.4635	11.7990	11.8923
02:23:14	40.7842	11.8882	11.9257
02:23:19	41.1050	11.9780	11.9598
02:23:24	41.4256	12.0685	11.9935
02:23:29	41.7462	12.1597	12.0292
02:23:34	42.0668	12.2516	12.0655
02:23:39	42.3872	12.3442	12.1011
02:23:44	42.7076	12.4376	12.1348
02:23:49	43.0280	12.5317	12.1635
02:23:54	43.3482	12.6265	12.1922
02:23:59	43.6684	12.7222	12.2288
02:24:04	43.9886	12.8186	12.2694
02:24:09	44.3086	12.9158	12.3107
02:24:14	44.6286	13.0139	12.3524
02:24:19	44.9485	13.1128	12.3954
02:24:24	45.2684	13.2126	12.4390
02:24:29	45.5881	13.3133	12.4835
02:24:34	45.9078	13.4149	12.5289
02:24:39	46.2274	13.5174	12.5751
02:24:44	46.5470	13.6209	12.6225
02:24:49	46.8664	13.7254	12.6617
02:24:54	47.1858	13.8308	12.7005
02:24:59	47.5051	13.9373	12.7420
02:25:04	47.8243	14.0448	12.7932
02:25:09	48.1434	14.1534	12.8455
02:25:14	48.4624	14.2630	12.8984
02:25:19	48.7814	14.3738	12.9531
02:25:24	49.1002	14.4858	13.0086
02:25:29	49.4190	14.5989	13.0652
02:25:34	49.7376	14.7132	13.1234
02:25:39	50.0562	14.8287	13.1827
02:25:44	50.3747	14.9455	13.2431
02:25:49	50.6930	15.0636	13.3006
02:25:54	51.0113	15.1830	13.3525
02:25:59	51.3295	15.3038	13.4061
02:26:04	51.6475	15.4259	13.4671
02:26:09	51.9655	15.5495	13.5345
02:26:14	52.2833	15.6745	13.6028
02:26:19	52.6010	15.8011	13.6728
02:26:24	52.9186	15.9291	13.7439
02:26:29	53.2361	16.0588	13.8174
02:26:34	53.5535	16.1900	13.8923
02:26:39	53.8708	16.3230	13.9683
02:26:44	54.1879	16.4576	14.0465
02:26:49	54.5049	16.5940	14.1258
02:26:54	54.8217	16.7322	14.1991
02:26:59	55.1385	16.8723	14.2711
02:27:04	55.4551	17.0142	14.3447
02:27:09	55.7715	17.1581	14.4319
02:27:14	56.0878	17.3040	14.5205
02:27:19	56.4040	17.4520	14.6119
02:27:24	56.7200	17.6020	14.7053
02:27:29	57.0358	17.7543	14.8007
02:27:34	57.3515	17.9088	14.8981
02:27:39	57.6671	18.0656	14.9984
02:27:44	57.9825	18.2248	15.1010
02:27:49	58.2976	18.3865	15.2056
02:27:54	58.6127	18.5507	15.3103
02:27:59	58.9275	18.7174	15.4083
02:28:04	59.2422	18.8869	15.5087
02:28:09	59.5566	19.0591	15.6174
02:28:14	59.8709	19.2341	15.7353
02:28:19	60.1850	19.4121	15.8564
02:28:24	60.4988	19.5931	15.9807
02:28:29	60.8125	19.7772	16.1077
02:28:34	61.1259	19.9646	16.2375
02:28:39	61.4391	20.1553	16.3712
02:28:44	61.7521	20.3494	16.5084
02:28:49	62.0648	20.5471	16.6491
02:28:54	62.3773	20.7484	16.7933
02:28:59	62.6895	20.9535	16.9334
02:29:04	63.0015	21.1626	17.0727
02:29:09	63.3132	21.3757	17.2158
02:29:14	63.6246	21.5930	17.3751
02:29:19	63.9358	21.8146	17.5395
02:29:24	64.2466	22.0407	17.7081
02:29:29	64.5571	22.2715	17.8815
02:29:34	64.8673	22.5071	18.0601
02:29:39	65.1772	22.7477	18.2431
02:29:44	65.4867	22.9935	18.4317
02:29:49	65.7959	23.2447	18.6257
02:29:54	66.1047	23.5015	18.8251
02:29:59	66.4131	23.7640	19.0294
02:30:04	66.7211	24.0326	19.2280
02:30:09	67.0287	24.3075	19.4322
02:30:14	67.3359	24.5888	19.6476
02:30:19	67.6426	24.8769	19.8783
13:27:59	71.9164	-29.9181	155.9703
13:28:04	71.6185	-29.4972	156.3336
13:28:09	71.3197	-29.0887	156.6844
13:28:14	71.0201	-28.6920	157.0239
13:28:19	70.7198	-28.3066	157.3515
13:28:24	70.4188	-27.9319	157.6686
13:28:29	70.1171	-27.5675	157.9753
13:28:34	69.8147	-27.2130	158.2707
13:28:39	69.5117	-26.8679	158.5453
13:28:44	69.2081	-26.5318	158.8107
13:28:49	68.9040	-26.2045	159.0727
13:28:54	68.5993	-25.8854	159.3345
13:28:59	68.2940	-25.5743	159.5883
13:29:04	67.9883	-25.2709	159.8340
13:29:09	67.6821	-24.9748	160.0726
13:29:14	67.3754	-24.6858	160.3041
13:29:19	67.0683	-24.4036	160.5290
13:29:24	66.7607	-24.1279	160.7472
13:29:29	66.4527	-23.8585	160.9593
13:29:34	66.1443	-23.5952	161.1654
13:29:39	65.8355	-23.3377	161.3585
13:29:44	65.5264	-23.0858	161.5403
13:29:49	65.2169	-22.8393	161.7165
13:29:54	64.9071	-22.5980	161.8982
13:29:59	64.5969	-22.3618	162.0772
13:30:04	64.2864	-22.1303	162.2516
13:30:09	63.9756	-21.9036	162.4211
13:30:14	63.6645	-21.6814	162.5864
13:30:19	63.3531	-21.4635	162.7470
13:30:24	63.0414	-21.2499	162.9031
13:30:29	62.7294	-21.0403	163.0555
13:30:34	62.4172	-20.8347	163.2043
13:30:39	62.1047	-20.6329	163.3485
13:30:44	61.7920	-20.4348	163.4777
13:30:49	61.4790	-20.2402	163.6026
13:30:54	61.1658	-20.0491	163.7276
13:30:59	60.8524	-19.8613	163.8582
13:31:04	60.5388	-19.6767	163.9855
13:31:09	60.2249	-19.4953	164.1102
13:31:14	59.9108	-19.3169	164.2316
13:31:19	59.5966	-19.1415	164.3504
13:31:24	59.2821	-18.9689	164.4657
13:31:29	58.9674	-18.7991	164.5787
13:31:34	58.6526	-18.6320	164.6887
13:31:39	58.3376	-18.4675	164.7962
13:31:44	58.0224	-18.3055	164.8966
13:31:49	57.7070	-18.1460	164.9873
13:31:54	57.3915	-17.9889	165.0753
13:31:59	57.0758	-17.8341	165.1701
13:32:04	56.7599	-17.6815	165.2657
13:32:09	56.4439	-17.5311	165.3592
13:32:14	56.1277	-17.3829	165.4508
13:32:19	55.8114	-17.2367	165.5404
13:32:24	55.4949	-17.0926	165.6278
13:32:29	55.1783	-16.9504	165.7130
13:32:34	54.8616	-16.8101	165.7966
13:32:39	54.5447	-16.6717	165.8784
13:32:44	54.2277	-16.5350	165.9585
13:32:49	53.9106	-16.4002	166.0265
13:32:54	53.5933	-16.2670	166.0916
13:32:59	53.2759	-16.1355	166.1571
13:33:04	52.9584	-16.0057	166.2305
13:33:09	52.6408	-15.8774	166.3021
13:33:14	52.3231	-15.7506	166.3725
13:33:19	52.0052	-15.6254	166.4414
13:33:24	51.6872	-15.5016	166.5085
13:33:29	51.3692	-15.3793	166.5742
13:33:34	51.0510	-15.2583	166.6388
13:33:39	50.7327	-15.1387	166.7018
13:33:44	50.4143	-15.0205	166.7637
13:33:49	50.0958	-14.9035	166.8208
13:33:54	49.7773	-14.7878	166.8694
13:33:59	49.4586	-14.6734	166.9165
13:34:04	49.1398	-14.5601	166.9692
13:34:09	48.8209	-14.4480	167.0249
13:34:14	48.5020	-14.3371	167.0797
13:34:19	48.1829	-14.2273	167.1332
13:34:24	47.8638	-14.1185	167.1857
13:34:29	47.5446	-14.0109	167.2371
13:34:34	47.2252	-13.9043	167.2874
13:34:39	46.9058	-13.7987	167.3368
13:34:44	46.5864	-13.6941	167.3851
13:34:49	46.2668	-13.5905	167.4317
13:34:54	45.9472	-13.4879	167.4711
13:34:59	45.6275	-13.3862	167.5066
13:35:04	45.3077	-13.2854	167.5416
13:35:09	44.9878	-13.1854	167.5851
13:35:14	44.6679	-13.0864	167.6279
13:35:19	44.3478	-12.9882	167.6707
13:35:24	44.0278	-12.8908	167.7116
13:35:29	43.7076	-12.7943	167.7518
13:35:34	43.3874	-12.6986	167.7920
13:35:39	43.0671	-12.6036	167.8302
13:35:44	42.7467	-12.5094	167.8688
13:35:49	42.4263	-12.4160	167.9062
13:35:54	42.1058	-12.3233	167.9407
13:35:59	41.7852	-12.2313	167.9678
13:36:04	41.4646	-12.1400	167.9942
13:36:09	41.1439	-12.0494	168.0232
13:36:14	40.8232	-11.9595	168.0571
13:36:19	40.5024	-11.8702	168.0906
13:36:24	40.1815	-11.7816	168.1234
13:36:29	39.8606	-11.6936	168.1553
13:36:34	39.5396	-11.6063	168.1871
13:36:39	39.2185	-11.5195	168.2178
13:36:44	38.8974	-11.4334	168.2478
13:36:49	38.5763	-11.3478	168.2778
13:36:54	38.2551	-11.2628	168.3064
13:36:59	37.9338	-11.1784	168.3299
13:37:04	37.6125	-11.0945	168.3490
13:37:09	37.2911	-11.0112	168.3688
13:37:14	36.9697	-10.9284	168.3941
13:37:19	36.6482	-10.8460	168.4215
13:37:24	36.3267	-10.7643	168.4468
13:37:29	36.0051	-10.6830	168.4724
13:37:34	35.6835	-10.6021	168.4975
13:37:39	35.3618	-10.5218	168.5219
13:37:44	35.0401	-10.4420	168.5470
14:58:07	79.8645	-28.4910	136.0070
14:58:12	79.6279	-27.2353	137.2052
14:58:17	79.3868	-26.0346	138.3473
14:58:22	79.1415	-24.8861	139.4380
14:58:27	78.8923	-23.7872	140.4797
14:58:32	78.6394	-22.7354	141.4735
14:58:37	78.3831	-21.7281	142.4231
14:58:42	78.1236	-20.7631	143.3297
14:58:47	77.8610	-19.8382	144.1974
14:58:52	77.5957	-18.9511	145.0264
14:58:57	77.3277	-18.1000	145.8166
14:59:02	77.0572	-17.2828	146.5624
14:59:07	76.7844	-16.4978	147.2761
14:59:12	76.5094	-15.7432	147.9657
14:59:17	76.2323	-15.0175	148.6331
14:59:22	75.9534	-14.3191	149.2741
14:59:27	75.6726	-13.6467	149.8884
14:59:32	75.3901	-12.9989	150.4790
14:59:37	75.1059	-12.3744	151.0458
14:59:42	74.8202	-11.7720	151.5903
14:59:47	74.5331	-11.1907	152.1139
14:59:52	74.2447	-10.6293	152.6177
14:59:57	73.9549	-10.0870	153.1023
15:00:02	73.6639	-9.5627	153.5604
15:00:07	73.3717	-9.0555	153.9963
15:00:12	73.0784	-8.5647	154.4158
15:00:17	72.7841	-8.0894	154.8324
15:00:22	72.4888	-7.6290	155.2352
15:00:27	72.1925	-7.1827	155.6236
15:00:32	71.8954	-6.7499	155.9989
15:00:37	71.5974	-6.3299	156.3615
15:00:42	71.2985	-5.9223	156.7114
15:00:47	70.9989	-5.5264	157.0497
15:00:52	70.6985	-5.1417	157.3767
15:00:57	70.3974	-4.7678	157.6934
15:01:02	70.0957	-4.4041	157.9985
15:01:07	69.7933	-4.0503	158.2816
15:01:12	69.4903	-3.7058	158.5556
15:01:17	69.1866	-3.3704	158.8246
15:01:22	68.8824	-3.0436	159.0940
15:01:27	68.5777	-2.7251	159.3550
15:01:32	68.2724	-2.4146	159.6079
15:01:37	67.9667	-2.1117	159.8533
15:01:42	67.6604	-1.8161	160.0915
15:01:47	67.3537	-1.5276	160.3229
15:01:52	67.0465	-1.2459	160.5471
15:01:57	66.7389	-0.9707	160.7648
15:02:02	66.4309	-0.7017	160.9766
15:02:07	66.1225	-0.4388	161.1755
15:02:12	65.8137	-0.1817	161.3622
15:02:17	65.5045	0.0698	161.5437
15:02:22	65.1950	0.3159	161.7301
15:02:27	64.8852	0.5568	161.9135
15:02:32	64.5750	0.7927	162.0923
15:02:37	64.2644	1.0238	162.2660
15:02:42	63.9536	1.2502	162.4357
15:02:47	63.6425	1.4721	162.6001
15:02:52	63.3311	1.6897	162.7606
15:02:57	63.0194	1.9030	162.9164
15:03:02	62.7074	2.1123	163.0690
15:03:07	62.3951	2.3177	163.2164
15:03:12	62.0826	2.5192	163.3494
15:03:17	61.7699	2.7171	163.4779
15:03:22	61.4569	2.9114	163.6055
15:03:27	61.1437	3.1023	163.7394
15:03:32	60.8303	3.2899	163.8698
15:03:37	60.5166	3.4742	163.9973
15:03:42	60.2027	3.6554	164.1216
15:03:47	59.8886	3.8336	164.2427
15:03:52	59.5744	4.0088	164.3610
15:03:57	59.2599	4.1812	164.4763
15:04:02	58.9452	4.3508	164.5888
15:04:07	58.6304	4.5177	164.6987
15:04:12	58.3153	4.6820	164.8018
15:04:17	58.0001	4.8438	164.8949
15:04:22	57.6847	5.0031	164.9848
15:04:27	57.3692	5.1601	165.0812
15:04:32	57.0535	5.3148	165.1787
15:04:37	56.7376	5.4672	165.2745
15:04:42	56.4216	5.6174	165.3681
15:04:47	56.1054	5.7655	165.4593
15:04:52	55.7891	5.9115	165.5487
15:04:57	55.4726	6.0555	165.6359
15:05:02	55.1560	6.1976	165.7214
15:05:07	54.8392	6.3377	165.8049
15:05:12	54.5223	6.4760	165.8862
15:05:17	54.2053	6.6125	165.9569
15:05:22	53.8882	6.7473	166.0233
15:05:27	53.5709	6.8803	166.0898
15:05:32	53.2535	7.0117	166.1648
15:05:37	52.9360	7.1414	166.2374
15:05:42	52.6184	7.2696	166.3095
15:05:47	52.3006	7.3963	166.3791
15:05:52	51.9828	7.5214	166.4482
15:05:57	51.6648	7.6451	166.5150
15:06:02	51.3467	7.7673	166.5810
15:06:07	51.0285	7.8881	166.6453
15:06:12	50.7102	8.0076	166.7083
15:06:17	50.3919	8.1258	166.7673
15:06:22	50.0734	8.2426	166.8172
15:06:27	49.7548	8.3582	166.8652
15:06:32	49.4361	8.4726	166.9180
15:06:37	49.1173	8.5858	166.9747
15:06:42	48.7984	8.6978	167.0307
15:06:47	48.4795	8.8087	167.0853
15:06:52	48.1604	8.9184	167.1389
15:06:57	47.8413	9.0271	167.1908
15:07:02	47.5220	9.1346	167.2423
15:07:07	47.2027	9.2412	167.2928
15:07:12	46.8833	9.3467	167.3418
15:07:17	46.5638	9.4512	167.3904
15:07:22	46.2443	9.5547	167.4305
15:07:27	45.9246	9.6573	167.4664
15:07:32	45.6049	9.7590	167.5017
15:07:37	45.2851	9.8597	167.5468
15:07:42	44.9653	9.9596	167.5902
15:07:47	44.6453	10.0586	167.6332
15:07:52	44.3253	10.1567	167.6754
15:07:57	44.0052	10.2540	167.7167
15:08:02	43.6850	10.3505	167.7568
15:08:07	43.3648	10.4462	167.7965
15:08:12	43.0445	10.5410	167.8350
15:08:17	42.7241	10.6352	167.8729
15:08:22	42.4037	10.7286	167.9096
15:08:27	42.0832	10.8212	167.9368
15:08:32	41.7626	10.9131	167.9631
15:08:37	41.4420	11.0044	167.9925
15:08:42	41.1213	11.0949	168.0278
15:08:47	40.8006	11.1848	168.0611
15:08:52	40.4798	11.2740	168.0947
15:08:57	40.1589	11.3626	168.1276
15:09:02	39.8379	11.4505	168.1596
15:09:07	39.5170	11.5378	168.1906
15:09:12	39.1959	11.6245	168.2216
15:09:17	38.8748	11.7106	168.2515
15:09:22	38.5536	11.7962	168.2811
15:09:27	38.2324	11.8811	168.3057
15:09:32	37.9112	11.9655	168.3251
15:09:37	37.5898	12.0494	168.3442
15:09:42	37.2685	12.1327	168.3715
15:09:47	36.9470	12.2154	168.3978
15:09:52	36.6256	12.2977	168.4245
15:09:57	36.3040	12.3795	168.4497
15:10:02	35.9825	12.4607	168.4756
15:10:07	35.6608	12.5415	168.5007
15:10:12	35.3391	12.6218	168.5252
15:10:17	35.0174	12.7016	168.5512
16:30:40	79.8638	-5.3498	136.0110
16:30:45	79.6272	-4.0943	137.2079
16:30:50	79.3861	-2.8937	138.3505
16:30:55	79.1408	-1.7454	139.4411
16:31:00	78.8916	-0.6466	140.4823
16:31:05	78.6387	0.4051	141.4761
16:31:10	78.3824	1.4122	142.4256
16:31:15	78.1228	2.3770	143.3326
16:31:20	77.8603	3.3019	144.1992
16:31:25	77.5949	4.1888	145.0287
16:31:30	77.3269	5.0399	145.8185
16:31:35	77.0564	5.8570	146.5644
16:31:40	76.7836	6.6419	147.2774
16:31:45	76.5086	7.3964	147.9679
16:31:50	76.2316	8.1220	148.6357
16:31:55	75.9526	8.8203	149.2760
16:32:00	75.6718	9.4926	149.8904
16:32:05	75.3893	10.1404	150.4804
16:32:10	75.1052	10.7648	151.0472
16:32:15	74.8195	11.3671	151.5920
16:32:20	74.5324	11.9484	152.1152
16:32:25	74.2439	12.5097	152.6188
16:32:30	73.9541	13.0520	153.1036
16:32:35	73.6631	13.5762	153.5614
16:32:40	73.3709	14.0833	153.9969
16:32:45	73.0777	14.5741	154.4163
16:32:50	72.7833	15.0493	154.8336
16:32:55	72.4880	15.5097	155.2365
16:33:00	72.1918	15.9560	155.6247
16:33:05	71.8946	16.3887	156.0001
16:33:10	71.5966	16.8086	156.3625
16:33:15	71.2978	17.2162	156.7124
16:33:20	70.9981	17.6121	157.0505
16:33:25	70.6978	17.9968	157.3778
16:33:30	70.3967	18.3707	157.6940
16:33:35	70.0949	18.7343	157.9988
16:33:40	69.7925	19.0881	158.2823
16:33:45	69.4895	19.4325	158.5555
16:33:50	69.1859	19.7679	158.8254
16:33:55	68.8817	20.0947	159.0949
16:34:00	68.5770	20.4132	159.3556
16:34:05	68.2717	20.7237	159.6086
16:34:10	67.9659	21.0266	159.8542
16:34:15	67.6597	21.3221	160.0922
16:34:20	67.3530	21.6106	160.3233
16:34:25	67.0458	21.8923	160.5479
16:34:30	66.7382	22.1675	160.7656
16:34:35	66.4302	22.4364	160.9769
16:34:40	66.1218	22.6993	161.1757
16:34:45	65.8130	22.9564	161.3624
16:34:50	65.5038	23.2079	161.5440
16:34:55	65.1943	23.4540	161.7307
16:35:00	64.8844	23.6949	161.9138
16:35:05	64.5743	23.9308	162.0930
16:35:10	64.2637	24.1619	162.2664
16:35:15	63.9529	24.3883	162.4355
16:35:20	63.6418	24.6102	162.6005
16:35:25	63.3304	24.8277	162.7610
16:35:29	63.0793	24.9999	355.2931
18:03:14	79.8132	18.0625	136.2816
18:03:19	79.5756	19.3059	137.4676
18:03:24	79.3336	20.4950	138.5986
18:03:29	79.0874	21.6324	139.6782
18:03:34	78.8374	22.7208	140.7084
18:03:39	78.5837	23.7627	141.6925
18:03:44	78.3267	24.7604	142.6326
22:34:32	71.5823	-29.8253	23.6043
22:34:37	71.8804	-29.4061	23.9660
22:34:42	72.1776	-28.9739	24.3405
22:34:47	72.4739	-28.5284	24.7283
22:34:52	72.7692	-28.0687	25.1302
22:34:57	73.0636	-27.5942	25.5476
22:35:02	73.3569	-27.1042	25.9800
22:35:07	73.6492	-26.5978	26.4279
22:35:12	73.9402	-26.0744	26.8930
22:35:17	74.2301	-25.5329	27.3632
22:35:22	74.5186	-24.9725	27.8525
22:35:27	74.8058	-24.3922	28.3658
22:35:32	75.0915	-23.7910	28.9100
22:35:37	75.3757	-23.1676	29.4755
22:35:42	75.6584	-22.5210	30.0642
22:35:47	75.9392	-21.8499	30.6777
22:35:52	76.2183	-21.1529	31.3166
22:35:57	76.4955	-20.4286	31.9830
22:36:02	76.7706	-19.6756	32.6779
22:36:07	77.0435	-18.8921	33.4041
22:36:12	77.3141	-18.0765	34.1622
22:36:17	77.5822	-17.2271	34.9460
22:36:22	77.8477	-16.3418	35.7599
22:36:27	78.1104	-15.4188	36.6115
22:36:32	78.3701	-14.4559	37.5136
22:36:37	78.6266	-13.4508	38.4609
22:36:42	78.8797	-12.4013	39.4524
22:36:47	79.1291	-11.3049	40.4914
22:36:52	79.3746	-10.1590	41.5788
22:36:57	79.6159	-8.9609	42.7193
22:37:02	79.8527	-7.7080	43.9146
23:57:25	35.0016	-25.7032	11.4489
23:57:30	35.3233	-25.6234	11.4649
23:57:35	35.6449	-25.5431	11.4878
23:57:40	35.9665	-25.4624	11.5126
23:57:45	36.2881	-25.3812	11.5381
23:57:50	36.6096	-25.2995	11.5640
23:57:55	36.9310	-25.2172	11.5903
23:58:00	37.2524	-25.1345	11.6172
23:58:05	37.5738	-25.0512	11.6449
23:58:10	37.8951	-24.9674	11.6726
23:58:15	38.2163	-24.8830	11.7012
23:58:20	38.5375	-24.7981	11.7301
23:58:25	38.8587	-24.7126	11.7507
23:58:30	39.1797	-24.6265	11.7722
23:58:35	39.5008	-24.5398	11.7962
23:58:40	39.8217	-24.4526	11.8276
23:58:45	40.1426	-24.3647	11.8601
23:58:50	40.4635	-24.2762	11.8926
23:58:55	40.7843	-24.1870	11.9260
23:59:00	41.1050	-24.0972	11.9594
23:59:05	41.4257	-24.0067	11.9944
23:59:10	41.7463	-23.9155	12.0294
23:59:15	42.0668	-23.8236	12.0649
23:59:20	42.3873	-23.7310	12.1018
23:59:25	42.7077	-23.6376	12.1349
23:59:30	43.0281	-23.5435	12.1631
23:59:35	43.3484	-23.4487	12.1924
23:59:40	43.6686	-23.3530	12.2291
23:59:45	43.9887	-23.2566	12.2694
23:59:50	44.3088	-23.1594	12.3107
23:59:55	44.6288	-23.0613	12.3522
23:59:59	-999.00	-999.00	-999.00
