2024/09/10 EARTHCARE
GMT	SUBLAT[N+]	SUBLON[W+]	HEADING
03:11:08	4.7336	18.0242	10.5627
03:11:13	5.0575	18.0849	10.5637
03:11:18	5.3814	18.1455	10.5643
03:11:23	5.7054	18.2062	10.5655
03:11:28	6.0293	18.2670	10.5679
03:11:33	6.3532	18.3278	10.5700
03:11:38	6.6771	18.3886	10.5729
03:11:43	7.0010	18.4495	10.5754
03:11:48	7.3249	18.5105	10.5783
03:11:53	7.6488	18.5715	10.5817
03:11:58	7.9727	18.6326	10.5839
03:12:03	8.2966	18.6937	10.5875
03:12:08	8.6204	18.7549	10.5907
03:12:13	8.9443	18.8162	10.5938
03:12:18	9.2682	18.8776	10.5946
03:12:23	9.5920	18.9390	10.5969
03:12:28	9.9159	19.0005	10.5998
03:12:33	10.2397	19.0621	10.6037
03:12:38	10.5636	19.1237	10.6074
03:12:43	10.8874	19.1855	10.6116
03:12:48	11.2112	19.2473	10.6165
03:12:53	11.5350	19.3092	10.6209
03:12:58	11.8588	19.3713	10.6257
03:13:03	12.1826	19.4334	10.6310
03:13:08	12.5063	19.4956	10.6360
03:13:13	12.8301	19.5579	10.6415
03:13:18	13.1538	19.6204	10.6449
03:13:23	13.4776	19.6829	10.6463
03:13:28	13.8013	19.7456	10.6499
03:13:33	14.1250	19.8083	10.6556
03:13:38	14.4487	19.8712	10.6617
03:13:43	14.7724	19.9342	10.6681
03:13:48	15.0960	19.9973	10.6743
03:13:53	15.4197	20.0606	10.6809
03:13:58	15.7433	20.1240	10.6879
03:14:03	16.0669	20.1875	10.6947
03:14:08	16.3905	20.2512	10.7019
03:14:13	16.7141	20.3150	10.7093
03:14:18	17.0377	20.3789	10.7155
03:14:23	17.3612	20.4430	10.7190
03:14:28	17.6847	20.5073	10.7229
03:14:33	18.0082	20.5717	10.7296
03:14:38	18.3317	20.6363	10.7368
03:14:43	18.6552	20.7010	10.7459
03:14:48	18.9786	20.7659	10.7546
03:14:53	19.3021	20.8309	10.7628
03:14:58	19.6255	20.8962	10.7716
03:15:03	19.9489	20.9616	10.7813
03:15:08	20.2722	21.0272	10.7906
03:15:13	20.5956	21.0930	10.8004
03:15:18	20.9189	21.1589	10.8096
03:15:23	21.2422	21.2251	10.8163
03:15:28	21.5655	21.2915	10.8213
03:15:33	21.8887	21.3580	10.8269
04:41:58	-1.8705	39.9273	10.5531
04:42:03	-1.5466	39.9876	10.5529
16:10:46	21.8707	29.5525	169.1671
16:10:51	21.5475	29.6190	169.1775
16:10:56	21.2242	29.6854	169.1887
16:11:01	20.9009	29.7515	169.1960
16:11:06	20.5776	29.8175	169.2006
16:11:11	20.2542	29.8832	169.2058
16:11:16	19.9309	29.9488	169.2145
16:11:21	19.6075	30.0142	169.2230
16:11:26	19.2841	30.0795	169.2318
16:11:31	18.9606	30.1445	169.2420
16:11:36	18.6372	30.2094	169.2500
16:11:41	18.3137	30.2741	169.2585
16:11:46	17.9902	30.3387	169.2665
16:11:51	17.6667	30.4031	169.2742
16:11:56	17.3432	30.4673	169.2824
16:12:01	17.0197	30.5314	169.2900
16:12:06	16.6961	30.5953	169.2941
16:12:11	16.3725	30.6591	169.2970
16:12:16	16.0489	30.7228	169.3016
16:12:21	15.7253	30.7863	169.3077
16:12:26	15.4017	30.8497	169.3150
16:12:31	15.0780	30.9130	169.3217
16:12:36	14.7544	30.9761	169.3282
16:12:41	14.4307	31.0391	169.3349
16:12:46	14.1070	31.1020	169.3402
16:12:51	13.7833	31.1647	169.3461
16:12:56	13.4596	31.2274	169.3531
16:13:01	13.1358	31.2899	169.3581
16:13:06	12.8121	31.3523	169.3625
16:13:11	12.4883	31.4146	169.3647
16:13:16	12.1645	31.4769	169.3673
16:13:21	11.8408	31.5390	169.3712
16:13:26	11.5170	31.6010	169.3762
16:13:31	11.1932	31.6629	169.3808
16:13:36	10.8694	31.7247	169.3857
16:13:41	10.5455	31.7865	169.3891
16:13:46	10.2217	31.8481	169.3932
16:13:51	9.8979	31.9097	169.3974
16:13:56	9.5740	31.9712	169.4020
16:14:01	9.2502	32.0326	169.4052
16:14:06	8.9263	32.0940	169.4089
16:14:11	8.6024	32.1553	169.4111
16:14:16	8.2785	32.2165	169.4119
16:14:21	7.9547	32.2776	169.4140
16:14:26	7.6308	32.3387	169.4164
16:14:31	7.3069	32.3997	169.4199
16:14:36	6.9830	32.4606	169.4232
16:14:41	6.6591	32.5215	169.4256
16:14:46	6.3352	32.5824	169.4285
16:14:51	6.0112	32.6432	169.4301
16:14:56	5.6873	32.7039	169.4335
16:15:01	5.3634	32.7646	169.4357
16:15:06	5.0395	32.8253	169.4365
16:15:11	4.7156	32.8859	169.4385
16:15:16	4.3916	32.9465	169.4399
16:15:21	4.0677	33.0071	169.4399
16:15:26	3.7438	33.0676	169.4411
16:15:31	3.4199	33.1281	169.4426
16:15:36	3.0959	33.1885	169.4437
16:15:41	2.7720	33.2490	169.4450
16:15:46	2.4481	33.3094	169.4467
16:15:51	2.1242	33.3698	169.4461
16:15:56	1.8002	33.4302	169.4475
16:16:01	1.4763	33.4905	169.4483
16:16:06	1.1524	33.5509	169.4487
16:16:11	0.8285	33.6112	169.4484
16:16:16	0.5046	33.6716	169.4485
16:16:21	0.1807	33.7319	169.4481
16:16:26	-0.1432	33.7922	169.4488
16:16:31	-0.4671	33.8526	169.4482
16:16:36	-0.7910	33.9129	169.4479
16:16:41	-1.1149	33.9732	169.4479
16:16:46	-1.4388	34.0336	169.4483
16:16:51	-1.7626	34.0939	169.4472
23:59:59	-999.00	-999.00	-999.00
