2024/09/10 EARTHCARE
GMT	SUBLAT[N+]	SUBLON[W+]	HEADING
03:10:52	-0.9428	17.2827	10.5548
03:10:57	-0.6192	17.3430	10.5545
03:11:02	-0.2956	17.4033	10.5546
03:11:07	0.0358	17.4621	10.5543
03:11:12	0.3595	17.5224	10.5547
03:11:17	0.6831	17.5827	10.5539
03:11:22	1.0068	17.6430	10.5547
03:11:27	1.3305	17.7033	10.5550
03:11:32	1.6542	17.7637	10.5550
03:11:37	1.9778	17.8240	10.5556
03:11:42	2.3015	17.8844	10.5568
03:11:47	2.6252	17.9447	10.5577
03:11:52	2.9489	18.0051	10.5580
03:11:57	3.2726	18.0656	10.5590
03:12:02	3.5963	18.1260	10.5587
03:12:07	3.9200	18.1865	10.5599
03:12:12	4.2437	18.2470	10.5618
03:12:17	4.5674	18.3075	10.5633
03:12:22	4.8910	18.3681	10.5652
03:12:27	5.2147	18.4287	10.5676
03:12:32	5.5384	18.4894	10.5690
03:12:37	5.8621	18.5501	10.5710
03:12:42	6.1858	18.6108	10.5742
03:12:47	6.5095	18.6716	10.5762
03:12:52	6.8331	18.7325	10.5788
03:12:57	7.1568	18.7934	10.5792
03:13:02	7.4805	18.8544	10.5813
03:13:07	7.8041	18.9154	10.5827
03:13:12	8.1278	18.9765	10.5864
03:13:17	8.4514	19.0376	10.5883
03:13:22	8.7751	19.0988	10.5923
03:13:27	9.0987	19.1601	10.5960
03:13:32	9.4223	19.2215	10.6000
03:13:37	9.7460	19.2829	10.6029
03:13:42	10.0696	19.3444	10.6081
03:13:47	10.3932	19.4060	10.6112
03:13:52	10.7168	19.4677	10.6165
03:13:57	11.0404	19.5294	10.6188
03:14:02	11.3639	19.5913	10.6209
03:14:07	11.6875	19.6532	10.6226
03:14:12	12.0111	19.7153	10.6274
03:14:17	12.3346	19.7774	10.6324
03:14:22	12.6582	19.8396	10.6373
03:14:27	12.9817	19.9020	10.6434
03:14:32	13.3052	19.9644	10.6484
03:14:37	13.6287	20.0270	10.6537
03:14:42	13.9522	20.0897	10.6596
03:14:47	14.2757	20.1525	10.6652
03:14:52	14.5991	20.2154	10.6718
03:14:57	14.9226	20.2784	10.6782
03:15:02	15.2460	20.3416	10.6810
03:15:07	15.5694	20.4049	10.6840
03:15:12	15.8928	20.4683	10.6886
03:15:17	16.2162	20.5319	10.6950
03:15:22	16.5396	20.5956	10.7027
03:15:27	16.8629	20.6594	10.7092
03:15:32	17.1863	20.7234	10.7170
03:15:37	17.5096	20.7875	10.7252
03:15:42	17.8329	20.8518	10.7337
03:15:47	18.1562	20.9163	10.7411
03:15:52	18.4794	20.9809	10.7496
03:15:57	18.8027	21.0457	10.7578
03:16:02	19.1259	21.1106	10.7638
03:16:07	19.4491	21.1757	10.7687
03:16:12	19.7723	21.2410	10.7731
03:16:17	20.0954	21.3065	10.7819
03:16:22	20.4186	21.3721	10.7904
03:16:27	20.7417	21.4380	10.8006
03:16:32	21.0648	21.5040	10.8106
03:16:37	21.3879	21.5702	10.8201
03:16:42	21.7109	21.6367	10.8306
03:16:47	21.9975	21.6958	139.1648
04:43:27	-0.7488	40.4501	10.5543
04:43:32	-0.4252	40.5104	10.5545
04:43:37	-0.1016	40.5707	10.5547
04:43:42	0.2300	40.6306	10.5540
04:43:47	0.5536	40.6909	10.5542
04:43:52	0.8773	40.7512	10.5541
04:43:57	1.2010	40.8115	10.5537
04:44:02	1.5247	40.8718	10.5538
04:44:07	1.8484	40.9322	10.5546
04:44:12	2.1721	40.9925	10.5559
04:44:17	2.4958	41.0529	10.5569
04:44:22	2.8194	41.1133	10.5582
04:44:27	3.1431	41.1737	10.5585
04:44:32	3.4668	41.2341	10.5593
04:44:37	3.7905	41.2946	10.5615
04:44:42	4.1142	41.3551	10.5626
04:44:47	4.4379	41.4156	10.5643
04:44:52	4.7616	41.4762	10.5645
04:44:57	5.0853	41.5368	10.5655
04:45:02	5.4090	41.5974	10.5669
04:45:07	5.7327	41.6581	10.5688
04:45:12	6.0564	41.7189	10.5714
04:45:17	6.3801	41.7796	10.5736
04:45:22	6.7037	41.8405	10.5762
04:45:27	7.0274	41.9014	10.5786
04:45:32	7.3511	41.9623	10.5825
04:45:37	7.6747	42.0233	10.5850
04:45:42	7.9984	42.0843	10.5879
04:45:47	8.3221	42.1455	10.5916
04:45:52	8.6457	42.2067	10.5932
04:45:57	8.9694	42.2679	10.5943
04:46:02	9.2930	42.3292	10.5960
04:46:07	9.6166	42.3906	10.6000
04:46:12	9.9403	42.4521	10.6037
04:46:17	10.2639	42.5137	10.6076
04:46:22	10.5875	42.5753	10.6122
04:46:27	10.9111	42.6370	10.6156
04:46:32	11.2347	42.6989	10.6204
04:46:37	11.5582	42.7608	10.6247
04:46:42	11.8818	42.8228	10.6304
04:46:47	12.2054	42.8849	10.6357
04:46:52	12.5289	42.9471	10.6398
04:46:57	12.8524	43.0094	10.6420
04:47:02	13.1760	43.0718	10.6445
04:47:07	13.4995	43.1343	10.6483
04:47:12	13.8230	43.1969	10.6535
04:47:17	14.1465	43.2597	10.6600
04:47:22	14.4699	43.3226	10.6660
04:47:27	14.7934	43.3855	10.6717
04:47:32	15.1168	43.4487	10.6787
04:47:37	15.4403	43.5119	10.6846
04:47:42	15.7637	43.5753	10.6915
04:47:47	16.0871	43.6388	10.6991
04:47:52	16.4104	43.7024	10.7063
04:47:57	16.7338	43.7662	10.7103
04:48:02	17.0572	43.8302	10.7140
04:48:07	17.3805	43.8942	10.7175
04:48:12	17.7038	43.9585	10.7255
04:48:17	18.0271	44.0228	10.7329
04:48:22	18.3504	44.0874	10.7418
04:48:27	18.6736	44.1521	10.7499
04:48:32	18.9969	44.2170	10.7588
04:48:37	19.3201	44.2820	10.7670
04:48:42	19.6433	44.3472	10.7756
04:48:47	19.9664	44.4126	10.7854
04:48:52	20.2896	44.4782	10.7947
04:48:57	20.6127	44.5440	10.8037
04:49:02	20.9358	44.6099	10.8089
04:49:07	21.2589	44.6761	10.8138
04:49:12	21.5820	44.7424	10.8205
04:49:17	21.9050	44.8090	10.8316
14:43:45	4.8752	10.0222	169.4394
14:43:50	4.5510	10.0828	169.4406
14:43:55	4.2267	10.1434	169.4430
14:44:00	3.9025	10.2040	169.4449
14:44:05	3.5783	10.2645	169.4464
14:44:10	3.2541	10.3250	169.4471
14:44:15	2.9298	10.3855	169.4483
14:44:20	2.6056	10.4460	169.4489
14:44:25	2.2814	10.5064	169.4499
14:44:30	1.9572	10.5668	169.4504
14:44:35	1.6329	10.6273	169.4502
14:44:40	1.3087	10.6877	169.4513
14:44:45	0.9845	10.7480	169.4516
14:44:50	0.6603	10.8084	169.4525
14:44:55	0.3361	10.8688	169.4528
14:45:00	0.0119	10.9292	169.4518
14:45:05	-0.3123	10.9895	169.4517
14:45:10	-0.6365	11.0499	169.4514
14:45:15	-0.9607	11.1103	169.4515
16:11:55	21.8283	29.8618	169.1733
16:12:00	21.5048	29.9283	169.1815
16:12:05	21.1812	29.9947	169.1868
16:12:10	20.8576	30.0609	169.1919
16:12:15	20.5340	30.1268	169.2006
16:12:20	20.2104	30.1926	169.2106
16:12:25	19.8867	30.2582	169.2203
16:12:30	19.5631	30.3237	169.2295
16:12:35	19.2394	30.3889	169.2383
16:12:40	18.9156	30.4540	169.2468
16:12:45	18.5919	30.5189	169.2558
16:12:50	18.2681	30.5836	169.2642
16:12:55	17.9444	30.6482	169.2725
16:13:00	17.6206	30.7126	169.2803
16:13:05	17.2967	30.7768	169.2843
16:13:10	16.9729	30.8409	169.2872
16:13:15	16.6491	30.9049	169.2927
16:13:20	16.3252	30.9687	169.2997
16:13:25	16.0013	31.0324	169.3071
16:13:30	15.6774	31.0959	169.3148
16:13:35	15.3535	31.1593	169.3212
16:13:40	15.0295	31.2226	169.3271
16:13:45	14.7056	31.2858	169.3343
16:13:50	14.3816	31.3488	169.3403
16:13:55	14.0576	31.4117	169.3458
16:14:00	13.7336	31.4745	169.3525
16:14:05	13.4096	31.5371	169.3555
16:14:10	13.0855	31.5997	169.3586
16:14:15	12.7615	31.6621	169.3605
16:14:20	12.4375	31.7245	169.3654
16:14:25	12.1134	31.7867	169.3707
16:14:30	11.7893	31.8488	169.3762
16:14:35	11.4652	31.9109	169.3805
16:14:40	11.1411	31.9728	169.3850
16:14:45	10.8170	32.0347	169.3900
16:14:50	10.4929	32.0964	169.3953
16:14:55	10.1688	32.1581	169.3993
16:15:00	9.8446	32.2197	169.4028
16:15:05	9.5205	32.2812	169.4065
16:15:10	9.1963	32.3427	169.4082
16:15:15	8.8722	32.4041	169.4092
16:15:20	8.5480	32.4654	169.4114
16:15:25	8.2238	32.5266	169.4150
16:15:30	7.8996	32.5878	169.4179
16:15:35	7.5754	32.6489	169.4212
16:15:40	7.2512	32.7099	169.4240
16:15:45	6.9270	32.7709	169.4271
16:15:50	6.6028	32.8318	169.4299
16:15:55	6.2786	32.8927	169.4319
16:16:00	5.9544	32.9535	169.4352
16:16:05	5.6302	33.0143	169.4380
16:16:10	5.3060	33.0750	169.4384
16:16:15	4.9818	33.1357	169.4392
16:16:20	4.6576	33.1964	169.4402
16:16:25	4.3333	33.2570	169.4418
16:16:30	4.0091	33.3176	169.4436
16:16:35	3.6849	33.3781	169.4447
16:16:40	3.3607	33.4386	169.4465
16:16:45	3.0364	33.4991	169.4475
16:16:50	2.7122	33.5596	169.4479
16:16:55	2.3880	33.6201	169.4496
16:17:00	2.0638	33.6805	169.4500
16:17:05	1.7395	33.7409	169.4505
16:17:10	1.4153	33.8013	169.4516
16:17:15	1.0911	33.8617	169.4512
16:17:20	0.7669	33.9221	169.4519
16:17:25	0.4427	33.9824	169.4520
16:17:30	0.1185	34.0428	169.4525
16:17:35	-0.2057	34.1032	169.4516
16:17:40	-0.5299	34.1636	169.4527
16:17:45	-0.8541	34.2239	169.4516
17:44:26	21.8930	52.9812	169.1682
17:44:31	21.5695	53.0478	169.1795
17:44:36	21.2459	53.1142	169.1896
17:44:41	20.9224	53.1804	169.2002
17:44:46	20.5988	53.2465	169.2057
17:44:51	20.2751	53.3123	169.2108
17:44:56	19.9515	53.3779	169.2155
17:45:01	19.6278	53.4434	169.2253
17:45:06	19.3041	53.5086	169.2350
17:45:11	18.9804	53.5738	169.2434
17:45:16	18.6567	53.6387	169.2514
17:45:21	18.3329	53.7035	169.2607
17:45:26	18.0091	53.7681	169.2687
17:45:31	17.6854	53.8325	169.2764
17:45:36	17.3615	53.8968	169.2847
17:45:41	17.0377	53.9609	169.2922
17:45:46	16.7139	54.0249	169.2979
17:45:51	16.3900	54.0888	169.3014
17:45:56	16.0661	54.1525	169.3054
17:46:01	15.7422	54.2160	169.3105
17:46:06	15.4183	54.2795	169.3176
17:46:11	15.0943	54.3428	169.3244
17:46:16	14.7704	54.4059	169.3307
17:46:21	14.4464	54.4690	169.3365
17:46:26	14.1224	54.5319	169.3436
17:46:31	13.7984	54.5947	169.3496
17:46:36	13.4744	54.6574	169.3548
17:46:41	13.1504	54.7200	169.3604
17:46:46	12.8264	54.7824	169.3657
17:46:51	12.5023	54.8448	169.3689
17:46:56	12.1782	54.9070	169.3706
17:47:01	11.8542	54.9692	169.3735
17:47:06	11.5301	55.0313	169.3785
17:47:11	11.2060	55.0932	169.3831
17:47:16	10.8819	55.1551	169.3878
17:47:21	10.5578	55.2169	169.3922
17:47:26	10.2336	55.2786	169.3962
17:47:31	9.9095	55.3402	169.4004
17:47:36	9.5854	55.4017	169.4041
17:47:41	9.2612	55.4632	169.4082
17:47:46	8.9370	55.5246	169.4119
17:47:51	8.6129	55.5859	169.4150
17:47:56	8.2887	55.6471	169.4159
17:48:01	7.9645	55.7083	169.4170
17:48:06	7.6403	55.7694	169.4194
17:48:11	7.3162	55.8305	169.4229
17:48:16	6.9920	55.8915	169.4252
17:48:21	6.6678	55.9524	169.4284
17:48:26	6.3435	56.0133	169.4313
17:48:31	6.0193	56.0741	169.4337
17:48:36	5.6951	56.1349	169.4364
17:48:41	5.3709	56.1957	169.4376
17:48:46	5.0467	56.2564	169.4393
17:48:51	4.7225	56.3170	169.4422
17:48:56	4.3983	56.3776	169.4426
17:49:01	4.0740	56.4382	169.4436
17:49:06	3.7498	56.4988	169.4439
17:49:11	3.4256	56.5593	169.4454
17:49:16	3.1014	56.6198	169.4473
17:49:21	2.7771	56.6803	169.4476
17:49:26	2.4529	56.7407	169.4493
17:49:31	2.1287	56.8012	169.4504
17:49:36	1.8045	56.8616	169.4510
17:49:41	1.4803	56.9220	169.4510
17:49:46	1.1561	56.9824	169.4514
17:49:51	0.8318	57.0428	169.4519
17:49:56	0.5076	57.1031	169.4512
17:50:01	0.1834	57.1635	169.4525
17:50:06	-0.1408	57.2239	169.4515
17:50:11	-0.4650	57.2842	169.4516
17:50:16	-0.7891	57.3446	169.4521
23:59:59	-999.00	-999.00	-999.00
