2024/08/27 EARTHCARE
GMT	SUBLAT[N+]	SUBLON[W+]	HEADING
02:56:12	-4.7412	13.0688	10.5647
02:56:17	-4.4177	13.1293	10.5638
02:56:22	-4.0941	13.1898	10.5620
02:56:27	-3.7706	13.2503	10.5596
02:56:32	-3.4470	13.3107	10.5586
02:56:37	-3.1235	13.3711	10.5565
02:56:42	-2.7999	13.4315	10.5558
02:56:47	-2.4763	13.4919	10.5547
02:56:52	-2.1528	13.5522	10.5534
02:56:57	-1.8292	13.6125	10.5535
02:57:02	-1.5056	13.6728	10.5533
02:57:07	-1.1820	13.7331	10.5525
02:57:12	-0.8584	13.7934	10.5525
02:57:17	-0.5348	13.8537	10.5514
02:57:22	-0.2112	13.9140	10.5516
02:57:27	0.1125	13.9718	10.5519
02:57:32	0.4361	14.0320	10.5524
02:57:37	0.7597	14.0923	10.5525
02:57:42	1.0834	14.1526	10.5523
02:57:47	1.4070	14.2129	10.5525
02:57:52	1.7306	14.2732	10.5534
02:57:57	2.0543	14.3336	10.5538
02:58:02	2.3779	14.3939	10.5541
02:58:07	2.7016	14.4543	10.5549
02:58:12	3.0252	14.5147	10.5553
02:58:17	3.3489	14.5751	10.5561
02:58:22	3.6725	14.6355	10.5577
02:58:27	3.9962	14.6960	10.5589
02:58:32	4.3198	14.7565	10.5607
02:58:37	4.6434	14.8170	10.5629
02:58:42	4.9671	14.8776	10.5647
02:58:47	5.2907	14.9382	10.5664
02:58:52	5.6143	14.9988	10.5686
02:58:57	5.9380	15.0595	10.5703
02:59:02	6.2616	15.1203	10.5709
02:59:07	6.5852	15.1811	10.5721
02:59:12	6.9088	15.2419	10.5736
02:59:17	7.2325	15.3028	10.5768
02:59:22	7.5561	15.3637	10.5805
02:59:27	7.8797	15.4247	10.5829
02:59:32	8.2033	15.4858	10.5866
02:59:37	8.5268	15.5470	10.5891
02:59:42	8.8504	15.6082	10.5922
02:59:47	9.1740	15.6694	10.5967
02:59:52	9.4976	15.7308	10.5998
02:59:57	9.8211	15.7922	10.6043
03:00:02	10.1447	15.8537	10.6060
03:00:07	10.4682	15.9153	10.6076
03:00:12	10.7917	15.9770	10.6103
03:00:17	11.1153	16.0388	10.6143
03:00:22	11.4388	16.1006	10.6188
03:00:27	11.7623	16.1625	10.6238
03:00:32	12.0857	16.2246	10.6284
03:00:37	12.4092	16.2867	10.6337
03:00:42	12.7327	16.3490	10.6385
03:00:47	13.0561	16.4113	10.6445
03:00:52	13.3796	16.4738	10.6493
03:00:57	13.7030	16.5363	10.6555
03:01:02	14.0264	16.5990	10.6615
03:01:07	14.3498	16.6618	10.6634
03:01:12	14.6732	16.7247	10.6660
03:01:17	14.9965	16.7878	10.6707
03:01:22	15.3199	16.8509	10.6766
03:01:27	15.6432	16.9142	10.6840
03:01:32	15.9665	16.9776	10.6907
03:01:37	16.2898	17.0412	10.6979
03:01:42	16.6131	17.1049	10.7041
03:01:47	16.9364	17.1688	10.7121
03:01:52	17.2596	17.2328	10.7198
03:01:57	17.5829	17.2969	10.7272
03:02:02	17.9061	17.3612	10.7357
03:02:07	18.2293	17.4257	10.7414
03:02:12	18.5524	17.4903	10.7450
03:02:17	18.8756	17.5551	10.7490
03:02:22	19.1987	17.6200	10.7574
03:02:27	19.5218	17.6851	10.7662
03:02:32	19.8449	17.7504	10.7754
03:02:37	20.1679	17.8159	10.7844
03:02:42	20.4910	17.8816	10.7943
03:02:47	20.8140	17.9474	10.8046
03:02:52	21.1370	18.0135	10.8137
03:02:57	21.4600	18.0797	10.8237
03:03:02	21.7829	18.1461	10.8352
03:03:07	22.1058	18.2128	10.8451
03:03:12	22.4287	18.2796	10.8508
03:03:17	22.7516	18.3467	10.8567
03:03:22	23.0744	18.4140	10.8645
03:03:27	23.3972	18.4815	10.8758
03:03:32	23.7200	18.5492	10.8882
03:03:37	24.0428	18.6172	10.9000
03:03:42	24.3655	18.6854	10.9114
03:03:47	24.6882	18.7538	10.9246
03:03:52	25.0000	18.8202	148.3129
04:28:45	-4.7412	36.2048	10.5647
04:28:50	-4.4177	36.2654	10.5630
04:28:55	-4.0941	36.3259	10.5609
04:29:00	-3.7706	36.3863	10.5603
04:29:05	-3.4470	36.4468	10.5586
04:29:10	-3.1235	36.5072	10.5573
04:29:15	-2.7999	36.5675	10.5558
04:29:20	-2.4763	36.6279	10.5549
04:29:25	-2.1528	36.6882	10.5543
04:29:30	-1.8292	36.7486	10.5533
04:29:35	-1.5056	36.8089	10.5531
04:29:40	-1.1820	36.8692	10.5534
04:29:45	-0.8584	36.9295	10.5516
04:29:50	-0.5348	36.9898	10.5513
04:29:55	-0.2111	37.0500	10.5514
04:30:00	0.1125	37.1087	10.5521
04:30:05	0.4361	37.1690	10.5524
04:30:10	0.7597	37.2293	10.5525
04:30:15	1.0834	37.2896	10.5530
04:30:20	1.4070	37.3499	10.5534
04:30:25	1.7307	37.4102	10.5543
04:30:30	2.0543	37.4705	10.5540
04:30:35	2.3779	37.5309	10.5541
04:30:40	2.7016	37.5913	10.5549
04:30:45	3.0252	37.6516	10.5561
04:30:50	3.3489	37.7120	10.5562
04:30:55	3.6725	37.7725	10.5577
04:31:00	3.9962	37.8329	10.5589
04:31:05	4.3198	37.8934	10.5607
04:31:10	4.6434	37.9540	10.5629
04:31:15	4.9671	38.0145	10.5649
04:31:20	5.2907	38.0751	10.5664
04:31:25	5.6144	38.1358	10.5686
04:31:30	5.9380	38.1965	10.5704
04:31:35	6.2616	38.2572	10.5718
04:31:40	6.5852	38.3180	10.5721
04:31:45	6.9088	38.3789	10.5746
04:31:50	7.2325	38.4397	10.5777
04:31:55	7.5561	38.5007	10.5795
04:32:00	7.8797	38.5617	10.5829
04:32:05	8.2033	38.6228	10.5857
04:32:10	8.5268	38.6839	10.5899
04:32:15	8.8504	38.7451	10.5931
04:32:20	9.1740	38.8064	10.5959
04:32:25	9.4976	38.8678	10.5998
04:32:30	9.8211	38.9292	10.6045
04:32:35	10.1447	38.9907	10.6062
04:32:40	10.4682	39.0523	10.6074
04:32:45	10.7917	39.1140	10.6101
04:32:50	11.1153	39.1757	10.6142
04:32:55	11.4388	39.2376	10.6187
04:33:00	11.7623	39.2995	10.6230
04:33:05	12.0857	39.3615	10.6284
04:33:10	12.4092	39.4237	10.6337
04:33:15	12.7327	39.4859	10.6385
04:33:20	13.0561	39.5483	10.6437
04:33:25	13.3796	39.6107	10.6493
04:33:30	13.7030	39.6733	10.6555
04:33:35	14.0264	39.7360	10.6605
04:33:40	14.3498	39.7988	10.6634
04:33:45	14.6732	39.8617	10.6660
04:33:50	14.9965	39.9247	10.6707
04:33:55	15.3199	39.9879	10.6766
04:34:00	15.6432	40.0512	10.6840
04:34:05	15.9665	40.1146	10.6907
04:34:10	16.2898	40.1782	10.6971
04:34:15	16.6131	40.2419	10.7049
04:34:20	16.9364	40.3057	10.7122
04:34:25	17.2596	40.3697	10.7198
04:34:30	17.5828	40.4339	10.7280
04:34:35	17.9061	40.4982	10.7357
04:34:40	18.2292	40.5626	10.7414
04:34:45	18.5524	40.6272	10.7450
04:34:50	18.8756	40.6920	10.7490
04:34:55	19.1987	40.7570	10.7574
04:35:00	19.5218	40.8221	10.7662
04:35:05	19.8449	40.8874	10.7755
04:35:10	20.1679	40.9529	10.7844
04:35:15	20.4910	41.0185	10.7943
04:35:20	20.8140	41.0844	10.8046
04:35:25	21.1370	41.1504	10.8137
04:35:30	21.4600	41.2167	10.8245
04:35:35	21.7829	41.2831	10.8350
04:35:40	22.1058	41.3497	10.8451
04:35:45	22.4287	41.4166	10.8508
04:35:50	22.7516	41.4837	10.8566
04:35:55	23.0744	41.5509	10.8637
04:36:00	23.3972	41.6184	10.8758
04:36:05	23.7200	41.6862	10.8882
04:36:10	24.0428	41.7541	10.9001
04:36:15	24.3655	41.8223	10.9122
04:36:20	24.6882	41.8908	10.9246
04:36:24	25.0000	41.9571	148.3129
06:01:17	-4.7412	59.3418	10.5655
06:01:22	-4.4177	59.4023	10.5630
06:01:27	-4.0941	59.4628	10.5618
06:01:32	-3.7706	59.5233	10.5596
06:01:37	-3.4470	59.5837	10.5586
06:01:42	-3.1235	59.6441	10.5565
06:01:47	-2.7999	59.7045	10.5558
06:01:52	-2.4763	59.7649	10.5549
06:01:57	-2.1528	59.8252	10.5543
06:02:02	-1.8292	59.8855	10.5535
06:02:07	-1.5056	59.9458	10.5533
06:02:12	-1.1820	60.0061	10.5534
06:02:17	-0.8584	60.0664	10.5525
06:02:22	-0.5348	60.1267	10.5521
06:02:27	-0.2111	60.1870	10.5514
06:02:32	0.1125	60.2465	10.5512
06:02:37	0.4361	60.3068	10.5517
06:02:42	0.7597	60.3671	10.5526
06:02:47	1.0834	60.4274	10.5533
06:02:52	1.4070	60.4877	10.5527
06:02:57	1.7306	60.5480	10.5536
06:03:02	2.0543	60.6084	10.5540
06:03:07	2.3779	60.6687	10.5542
06:03:12	2.7016	60.7291	10.5550
06:03:17	3.0252	60.7894	10.5554
06:03:22	3.3488	60.8499	10.5571
06:03:27	3.6725	60.9103	10.5579
06:03:32	3.9961	60.9708	10.5590
06:03:37	4.3198	61.0312	10.5615
06:03:42	4.6434	61.0918	10.5630
06:03:47	4.9670	61.1523	10.5650
06:03:52	5.2907	61.2129	10.5666
06:03:57	5.6143	61.2736	10.5686
06:04:02	5.9379	61.3343	10.5704
06:04:07	6.2615	61.3950	10.5711
06:04:12	6.5852	61.4558	10.5723
06:04:17	6.9088	61.5167	10.5739
06:04:22	7.2324	61.5775	10.5770
06:04:27	7.5560	61.6385	10.5797
06:04:32	7.8796	61.6995	10.5829
06:04:37	8.2032	61.7606	10.5859
06:04:42	8.5267	61.8217	10.5901
06:04:47	8.8503	61.8829	10.5932
06:04:52	9.1739	61.9442	10.5967
06:04:57	9.4975	62.0055	10.6000
06:05:02	9.8210	62.0670	10.6038
06:05:07	10.1446	62.1285	10.6064
06:05:12	10.4681	62.1901	10.6076
06:05:17	10.7916	62.2517	10.6103
06:05:22	11.1151	62.3135	10.6143
06:05:27	11.4386	62.3753	10.6180
06:05:32	11.7621	62.4373	10.6231
06:05:37	12.0856	62.4993	10.6286
06:05:42	12.4091	62.5615	10.6330
06:05:47	12.7325	62.6237	10.6385
06:05:52	13.0560	62.6860	10.6437
06:05:57	13.3794	62.7485	10.6494
06:06:02	13.7028	62.8111	10.6557
06:06:07	14.0262	62.8737	10.6607
06:06:12	14.3496	62.9365	10.6636
06:06:17	14.6730	62.9995	10.6654
06:06:22	14.9964	63.0625	10.6707
06:06:27	15.3197	63.1257	10.6768
06:06:32	15.6430	63.1889	10.6832
06:06:37	15.9663	63.2524	10.6899
06:06:42	16.2896	63.3159	10.6973
06:06:47	16.6129	63.3796	10.7049
06:06:52	16.9362	63.4435	10.7114
06:06:57	17.2594	63.5075	10.7200
06:07:02	17.5826	63.5716	10.7272
06:07:07	17.9058	63.6359	10.7357
06:07:12	18.2290	63.7004	10.7415
06:07:17	18.5522	63.7650	10.7450
06:07:22	18.8753	63.8298	10.7490
06:07:27	19.1985	63.8947	10.7576
06:07:32	19.5216	63.9599	10.7666
06:07:37	19.8446	64.0252	10.7749
06:07:42	20.1677	64.0906	10.7844
06:07:47	20.4907	64.1563	10.7944
06:07:52	20.8138	64.2221	10.8038
06:07:57	21.1367	64.2882	10.8137
06:08:02	21.4597	64.3544	10.8239
06:08:07	21.7826	64.4209	10.8344
06:08:12	22.1056	64.4875	10.8452
06:08:17	22.4285	64.5544	10.8500
06:08:22	22.7513	64.6214	10.8560
06:08:27	23.0742	64.6887	10.8645
06:08:32	23.3970	64.7562	10.8750
06:08:37	23.7197	64.8239	10.8874
06:08:42	24.0425	64.8919	10.9002
06:08:47	24.3652	64.9601	10.9124
15:57:35	24.9354	25.7486	169.0708
15:57:40	24.6123	25.8173	169.0838
15:57:45	24.2891	25.8858	169.0966
15:57:50	23.9659	25.9540	169.1083
15:57:55	23.6427	26.0219	169.1132
15:58:00	23.3194	26.0897	169.1202
15:58:05	22.9962	26.1572	169.1287
15:58:10	22.6729	26.2245	169.1408
15:58:15	22.3495	26.2915	169.1517
15:58:20	22.0262	26.3584	169.1631
15:58:25	21.7028	26.4251	169.1735
15:58:30	21.3794	26.4915	169.1835
15:58:35	21.0560	26.5578	169.1939
15:58:40	20.7325	26.6238	169.2032
15:58:45	20.4090	26.6897	169.2138
15:58:50	20.0855	26.7554	169.2232
15:58:55	19.7620	26.8209	169.2297
15:59:00	19.4384	26.8862	169.2336
15:59:05	19.1148	26.9513	169.2378
15:59:10	18.7912	27.0163	169.2465
15:59:15	18.4676	27.0811	169.2557
15:59:20	18.1440	27.1457	169.2636
15:59:25	17.8203	27.2102	169.2719
15:59:30	17.4966	27.2746	169.2799
15:59:35	17.1729	27.3387	169.2874
15:59:40	16.8492	27.4027	169.2952
15:59:45	16.5255	27.4666	169.3028
15:59:50	16.2017	27.5303	169.3101
15:59:55	15.8779	27.5939	169.3159
16:00:00	15.5541	27.6574	169.3196
16:00:05	15.2303	27.7207	169.3231
16:00:10	14.9065	27.7839	169.3267
16:00:15	14.5827	27.8470	169.3341
16:00:20	14.2588	27.9099	169.3402
16:00:25	13.9349	27.9727	169.3458
16:00:30	13.6110	28.0354	169.3519
16:00:35	13.2871	28.0980	169.3575
16:00:40	12.9632	28.1605	169.3635
16:00:45	12.6393	28.2229	169.3682
16:00:50	12.3153	28.2852	169.3739
16:00:55	11.9914	28.3473	169.3786
16:01:00	11.6674	28.4094	169.3817
16:01:05	11.3434	28.4714	169.3844
16:01:10	11.0194	28.5333	169.3858
16:01:15	10.6954	28.5951	169.3902
16:01:20	10.3714	28.6568	169.3948
16:01:25	10.0474	28.7184	169.3989
16:01:30	9.7233	28.7799	169.4024
16:01:35	9.3993	28.8414	169.4064
16:01:40	9.0752	28.9028	169.4099
16:01:45	8.7512	28.9641	169.4138
16:01:50	8.4271	29.0254	169.4170
16:01:55	8.1030	29.0865	169.4207
16:02:00	7.7789	29.1476	169.4238
16:02:05	7.4548	29.2087	169.4247
16:02:10	7.1307	29.2697	169.4267
16:02:15	6.8066	29.3306	169.4274
16:02:20	6.4825	29.3915	169.4302
16:02:25	6.1584	29.4523	169.4324
16:02:30	5.8343	29.5131	169.4350
16:02:35	5.5102	29.5739	169.4380
16:02:40	5.1860	29.6346	169.4395
16:02:45	4.8619	29.6952	169.4413
16:02:50	4.5378	29.7558	169.4435
16:02:55	4.2136	29.8164	169.4451
16:03:00	3.8895	29.8770	169.4471
16:03:05	3.5654	29.9375	169.4475
16:03:10	3.2412	29.9980	169.4477
16:03:15	2.9171	30.0584	169.4488
16:03:20	2.5930	30.1189	169.4495
16:03:25	2.2688	30.1793	169.4504
16:03:30	1.9447	30.2397	169.4508
16:03:35	1.6205	30.3001	169.4524
16:03:40	1.2964	30.3604	169.4528
16:03:45	0.9723	30.4208	169.4524
16:03:50	0.6482	30.4812	169.4532
16:03:55	0.3240	30.5415	169.4536
16:04:00	-0.0001	30.6018	169.4534
16:04:05	-0.3242	30.6622	169.4526
16:04:10	-0.6483	30.7225	169.4530
16:04:15	-0.9724	30.7829	169.4529
16:04:20	-1.2965	30.8432	169.4531
16:04:25	-1.6206	30.9036	169.4518
16:04:30	-1.9447	30.9640	169.4511
16:04:35	-2.2688	31.0244	169.4514
16:04:40	-2.5929	31.0848	169.4492
16:04:45	-2.9170	31.1452	169.4487
16:04:50	-3.2410	31.2057	169.4473
16:04:55	-3.5651	31.2662	169.4464
16:05:00	-3.8891	31.3267	169.4447
16:05:05	-4.2132	31.3872	169.4428
16:05:10	-4.5372	31.4478	169.4409
16:05:15	-4.8612	31.5084	169.4405
17:30:08	24.9354	48.8853	169.0708
17:30:13	24.6123	48.9540	169.0838
17:30:18	24.2891	49.0225	169.0964
17:30:23	23.9659	49.0907	169.1079
17:30:28	23.6427	49.1586	169.1138
17:30:33	23.3195	49.2264	169.1202
17:30:38	22.9962	49.2939	169.1287
17:30:43	22.6729	49.3612	169.1399
17:30:48	22.3496	49.4283	169.1515
17:30:53	22.0262	49.4951	169.1621
17:30:58	21.7028	49.5618	169.1725
17:31:03	21.3794	49.6282	169.1833
17:31:08	21.0560	49.6945	169.1937
17:31:13	20.7325	49.7605	169.2038
17:31:18	20.4090	49.8264	169.2138
17:31:23	20.0855	49.8921	169.2231
17:31:28	19.7620	49.9576	169.2296
17:31:33	19.4385	50.0229	169.2335
17:31:38	19.1149	50.0880	169.2385
17:31:43	18.7913	50.1530	169.2465
17:31:48	18.4677	50.2178	169.2547
17:31:53	18.1440	50.2825	169.2644
17:31:58	17.8204	50.3469	169.2718
17:32:03	17.4967	50.4113	169.2797
17:32:08	17.1730	50.4754	169.2883
17:32:13	16.8493	50.5394	169.2961
17:32:18	16.5255	50.6033	169.3020
17:32:23	16.2018	50.6670	169.3100
17:32:28	15.8780	50.7306	169.3166
17:32:33	15.5542	50.7941	169.3195
17:32:38	15.2304	50.8574	169.3229
17:32:43	14.9066	50.9206	169.3274
17:32:48	14.5827	50.9837	169.3331
17:32:53	14.2589	51.0466	169.3402
17:32:58	13.9350	51.1094	169.3459
17:33:03	13.6111	51.1721	169.3517
17:33:08	13.2872	51.2347	169.3583
17:33:13	12.9633	51.2972	169.3635
17:33:18	12.6394	51.3596	169.3689
17:33:23	12.3154	51.4219	169.3738
17:33:28	11.9915	51.4840	169.3784
17:33:33	11.6675	51.5461	169.3816
17:33:38	11.3435	51.6081	169.3834
17:33:43	11.0195	51.6700	169.3856
17:33:48	10.6955	51.7318	169.3900
17:33:53	10.3715	51.7935	169.3938
17:33:58	10.0475	51.8551	169.3987
17:34:03	9.7234	51.9166	169.4031
17:34:08	9.3994	51.9781	169.4064
17:34:13	9.0753	52.0395	169.4099
17:34:18	8.7513	52.1008	169.4136
17:34:23	8.4272	52.1620	169.4178
17:34:28	8.1031	52.2232	169.4206
17:34:33	7.7790	52.2843	169.4236
17:34:38	7.4550	52.3454	169.4247
17:34:43	7.1309	52.4064	169.4266
17:34:48	6.8068	52.4673	169.4274
17:34:53	6.4827	52.5282	169.4302
17:34:58	6.1585	52.5890	169.4331
17:35:03	5.8344	52.6498	169.4350
17:35:08	5.5103	52.7106	169.4378
17:35:13	5.1862	52.7712	169.4394
17:35:18	4.8621	52.8319	169.4413
17:35:23	4.5379	52.8925	169.4442
17:35:28	4.2138	52.9531	169.4451
17:35:33	3.8897	53.0136	169.4470
17:35:38	3.5655	53.0742	169.4475
17:35:43	3.2414	53.1346	169.4483
17:35:48	2.9173	53.1951	169.4487
17:35:53	2.5931	53.2555	169.4494
17:35:58	2.2690	53.3160	169.4504
17:36:03	1.9449	53.3764	169.4508
17:36:08	1.6207	53.4367	169.4517
17:36:13	1.2966	53.4971	169.4526
17:36:18	0.9725	53.5575	169.4533
17:36:23	0.6483	53.6178	169.4532
17:36:28	0.3242	53.6782	169.4536
17:36:33	0.0001	53.7385	169.4534
17:36:38	-0.3240	53.7989	169.4526
17:36:43	-0.6481	53.8592	169.4528
17:36:48	-0.9722	53.9196	169.4527
17:36:53	-1.2963	53.9799	169.4529
17:36:58	-1.6204	54.0403	169.4526
17:37:03	-1.9445	54.1007	169.4518
17:37:08	-2.2686	54.1611	169.4511
17:37:13	-2.5927	54.2215	169.4502
17:37:18	-2.9168	54.2819	169.4485
17:37:23	-3.2408	54.3424	169.4473
17:37:28	-3.5649	54.4028	169.4454
17:37:33	-3.8889	54.4633	169.4447
17:37:38	-4.2130	54.5239	169.4426
17:37:43	-4.5370	54.5844	169.4417
17:37:48	-4.8610	54.6450	169.4411
23:59:59	-999.00	-999.00	-999.00
