2024/11/04 EARTHCARE
GMT	SUBLAT[N+]	SUBLON[W+]	HEADING
00:34:15	35.2574	-16.5215	11.4735
00:34:20	35.5791	-16.4413	11.4923
00:34:25	35.9007	-16.3607	11.5084
00:34:30	36.2223	-16.2796	11.5255
00:34:35	36.5438	-16.1980	11.5509
00:34:40	36.8653	-16.1159	11.5774
00:34:45	37.1868	-16.0332	11.6043
00:34:50	37.5082	-15.9501	11.6318
00:34:55	37.8295	-15.8664	11.6595
00:35:00	38.1508	-15.7821	11.6877
00:35:05	38.4720	-15.6974	11.7171
00:35:10	38.7932	-15.6120	11.7464
00:35:15	39.1143	-15.5260	11.7763
00:35:20	39.4354	-15.4395	11.8056
00:35:25	39.7564	-15.3524	11.8280
00:35:30	40.0774	-15.2646	11.8508
00:35:35	40.3982	-15.1762	11.8775
00:35:40	40.7191	-15.0872	11.9105
00:35:45	41.0398	-14.9975	11.9442
00:35:50	41.3606	-14.9072	11.9786
00:35:55	41.6812	-14.8161	12.0141
00:36:00	42.0018	-14.7244	12.0499
00:36:05	42.3223	-14.6319	12.0860
00:36:10	42.6428	-14.5388	12.1232
00:36:15	42.9632	-14.4448	12.1615
00:36:20	43.2835	-14.3501	12.1993
00:36:25	43.6037	-14.2547	12.2330
00:36:30	43.9239	-14.1584	12.2631
00:36:35	44.2440	-14.0613	12.2941
00:36:40	44.5641	-13.9634	12.3357
00:36:45	44.8841	-13.8647	12.3782
00:36:50	45.2040	-13.7651	12.4216
00:36:55	45.5238	-13.6646	12.4660
00:37:00	45.8435	-13.5632	12.5104
00:37:05	46.1632	-13.4609	12.5567
00:37:10	46.4828	-13.3576	12.6041
00:37:15	46.8023	-13.2534	12.6519
00:37:20	47.1217	-13.1481	12.7016
00:37:25	47.4411	-13.0419	12.7501
00:37:30	47.7603	-12.9346	12.7909
00:37:35	48.0795	-12.8262	12.8324
00:37:40	48.3986	-12.7168	12.8789
00:37:45	48.7176	-12.6062	12.9335
00:37:50	49.0365	-12.4946	12.9885
00:37:55	49.3553	-12.3817	13.0448
00:38:00	49.6741	-12.2677	13.1027
00:38:05	49.9927	-12.1524	13.1612
00:38:10	50.3112	-12.0359	13.2217
00:38:15	50.6296	-11.9181	13.2830
00:38:20	50.9480	-11.7989	13.3454
00:38:25	51.2662	-11.6784	13.4092
00:38:30	51.5843	-11.5566	13.4684
00:38:35	51.9023	-11.4333	13.5245
00:38:40	52.2202	-11.3086	13.5818
00:38:45	52.5380	-11.1823	13.6491
00:38:50	52.8557	-11.0546	13.7202
00:38:55	53.1732	-10.9253	13.7933
00:39:00	53.4907	-10.7944	13.8672
00:39:05	53.8080	-10.6618	13.9434
00:39:10	54.1252	-10.5275	14.0205
00:39:15	54.4422	-10.3915	14.1003
00:39:20	54.7592	-10.2536	14.1818
00:39:25	55.0760	-10.1140	14.2645
00:39:30	55.3926	-9.9724	14.3494
00:39:35	55.7092	-9.8289	14.4247
00:39:40	56.0255	-9.6835	14.5018
00:39:45	56.3418	-9.5359	14.5839
00:39:50	56.6579	-9.3863	14.6767
00:39:55	56.9738	-9.2345	14.7714
00:40:00	57.2896	-9.0804	14.8690
00:40:05	57.6052	-8.9241	14.9683
00:40:10	57.9206	-8.7654	15.0697
00:40:15	58.2359	-8.6043	15.1745
00:40:20	58.5510	-8.4406	15.2810
00:40:25	58.8659	-8.2744	15.3907
00:40:30	59.1806	-8.1055	15.5027
00:40:35	59.4952	-7.9338	15.6115
00:40:40	59.8095	-7.7594	15.7166
00:40:45	60.1237	-7.5820	15.8249
00:40:50	60.4376	-7.4016	15.9450
00:40:55	60.7514	-7.2181	16.0714
00:41:00	61.0649	-7.0314	16.2008
00:41:05	61.3782	-6.8414	16.3340
00:41:10	61.6913	-6.6480	16.4706
00:41:15	62.0041	-6.4511	16.6102
00:41:20	62.3167	-6.2505	16.7538
00:41:25	62.6290	-6.0462	16.9008
00:41:30	62.9410	-5.8379	17.0521
00:41:35	63.2528	-5.6256	17.2073
00:41:40	63.5644	-5.4092	17.3551
00:41:45	63.8756	-5.1884	17.5059
00:41:50	64.1865	-4.9632	17.6632
00:41:55	64.4971	-4.7334	17.8358
00:42:00	64.8074	-4.4988	18.0132
00:42:05	65.1174	-4.2592	18.1958
00:42:10	65.4271	-4.0144	18.3828
00:42:15	65.7363	-3.7643	18.5757
00:42:20	66.0453	-3.5087	18.7740
00:42:25	66.3538	-3.2473	18.9782
00:42:30	66.6619	-2.9799	19.1878
00:42:35	66.9697	-2.7064	19.4046
00:42:40	67.2770	-2.4263	19.6227
00:42:45	67.5838	-2.1396	19.8390
00:42:50	67.8902	-1.8459	20.0618
00:42:55	68.1961	-1.5449	20.3009
00:43:00	68.5016	-1.2364	20.5519
00:43:05	68.8065	-0.9200	20.8109
00:43:10	69.1108	-0.5954	21.0778
00:43:15	69.4146	-0.2622	21.3535
00:43:20	69.7178	0.0799	21.6380
00:43:24	70.0004	0.4076	171.2462
02:06:47	35.2576	6.6132	11.4735
02:06:52	35.5793	6.6934	11.4916
02:06:57	35.9009	6.7740	11.5082
02:07:02	36.2225	6.8551	11.5255
02:07:07	36.5441	6.9367	11.5516
02:07:12	36.8655	7.0189	11.5776
02:07:17	37.1870	7.1015	11.6043
02:07:22	37.5084	7.1846	11.6318
02:07:27	37.8297	7.2683	11.6596
02:07:32	38.1510	7.3526	11.6877
02:07:37	38.4722	7.4374	11.7168
02:07:42	38.7934	7.5227	11.7457
02:07:47	39.1145	7.6087	11.7762
02:07:52	39.4356	7.6952	11.8051
02:07:57	39.7566	7.7824	11.8273
02:08:02	40.0776	7.8701	11.8501
02:08:07	40.3984	7.9585	11.8781
02:08:12	40.7193	8.0475	11.9111
02:08:17	41.0400	8.1372	11.9450
02:08:22	41.3608	8.2276	11.9794
02:08:27	41.6814	8.3186	12.0135
02:08:32	42.0020	8.4103	12.0494
02:08:37	42.3225	8.5028	12.0860
02:08:42	42.6430	8.5960	12.1231
02:08:47	42.9634	8.6899	12.1610
02:08:52	43.2837	8.7846	12.1998
02:08:57	43.6039	8.8800	12.2331
02:09:02	43.9241	8.9763	12.2637
02:09:07	44.2442	9.0734	12.2943
02:09:12	44.5643	9.1713	12.3357
02:09:17	44.8842	9.2700	12.3782
02:09:22	45.2041	9.3696	12.4212
02:09:27	45.5240	9.4701	12.4658
02:09:32	45.8437	9.5715	12.5110
02:09:37	46.1634	9.6738	12.5569
02:09:42	46.4830	9.7771	12.6041
02:09:47	46.8025	9.8814	12.6526
02:09:52	47.1219	9.9866	12.7010
02:09:57	47.4412	10.0928	12.7501
02:10:02	47.7605	10.2001	12.7903
02:10:07	48.0797	10.3085	12.8324
02:10:12	48.3988	10.4179	12.8789
02:10:17	48.7178	10.5285	12.9333
02:10:22	49.0367	10.6402	12.9881
02:10:27	49.3555	10.7530	13.0448
02:10:32	49.6742	10.8671	13.1029
02:10:37	49.9928	10.9823	13.1614
02:10:42	50.3114	11.0988	13.2217
02:10:47	50.6298	11.2167	13.2824
02:10:52	50.9481	11.3358	13.3454
02:10:57	51.2663	11.4563	13.4097
02:11:02	51.5844	11.5781	13.4689
02:11:07	51.9025	11.7014	13.5247
02:11:12	52.2204	11.8262	13.5813
02:11:17	52.5381	11.9524	13.6492
02:11:22	52.8558	12.0801	13.7202
02:11:27	53.1734	12.2094	13.7927
02:11:32	53.4908	12.3404	13.8677
02:11:37	53.8081	12.4729	13.9433
02:11:42	54.1253	12.6072	14.0212
02:11:47	54.4424	12.7433	14.1004
02:11:52	54.7593	12.8811	14.1810
02:11:57	55.0761	13.0207	14.2649
02:12:02	55.3928	13.1623	14.3493
02:12:07	55.7093	13.3058	14.4249
02:12:12	56.0257	13.4513	14.5017
02:12:17	56.3419	13.5988	14.5838
02:12:22	56.6580	13.7484	14.6766
02:12:27	56.9739	13.9002	14.7721
02:12:32	57.2897	14.0543	14.8687
02:12:37	57.6053	14.2106	14.9678
02:12:42	57.9207	14.3693	15.0701
02:12:47	58.2360	14.5305	15.1738
02:12:52	58.5511	14.6941	15.2812
02:12:57	58.8660	14.8603	15.3906
02:13:02	59.1807	15.0292	15.5027
02:13:07	59.4953	15.2009	15.6117
02:13:12	59.8096	15.3754	15.7165
02:13:17	60.1238	15.5528	15.8253
02:13:22	60.4377	15.7331	15.9456
02:13:27	60.7515	15.9166	16.0718
02:13:32	61.0650	16.1033	16.2011
02:13:37	61.3783	16.2933	16.3339
02:13:42	61.6913	16.4867	16.4706
02:13:47	62.0042	16.6836	16.6101
02:13:52	62.3167	16.8842	16.7537
02:13:57	62.6291	17.0886	16.9008
02:14:02	62.9411	17.2968	17.0520
02:14:07	63.2529	17.5091	17.2072
02:14:12	63.5644	17.7255	17.3553
02:14:17	63.8757	17.9463	17.5056
02:14:22	64.1866	18.1715	17.6638
02:14:27	64.4972	18.4013	17.8360
02:14:32	64.8075	18.6360	18.0135
02:14:37	65.1175	18.8756	18.1957
02:14:42	65.4271	19.1203	18.3834
02:14:47	65.7364	19.3704	18.5759
02:14:52	66.0453	19.6260	18.7742
02:14:57	66.3539	19.8874	18.9782
02:15:02	66.6620	20.1548	19.1881
02:15:07	66.9697	20.4283	19.4042
02:15:12	67.2770	20.7084	19.6229
02:15:17	67.5839	20.9951	19.8390
02:15:22	67.8903	21.2889	20.0621
02:15:27	68.1962	21.5898	20.3006
02:15:32	68.5016	21.8983	20.5519
02:15:37	68.8065	22.2147	20.8112
02:15:42	69.1109	22.5393	21.0781
02:15:47	69.4147	22.8725	21.3535
02:15:52	69.7179	23.2146	21.6376
02:15:57	70.0005	23.5424	292.1045
13:13:49	68.6285	-29.7436	159.3118
13:13:54	68.3233	-29.4318	159.5659
13:13:59	68.0175	-29.1277	159.8124
13:14:04	67.7113	-28.8310	160.0517
13:14:09	67.4046	-28.5414	160.2839
13:14:14	67.0975	-28.2586	160.5094
13:14:19	66.7899	-27.9823	160.7281
13:14:24	66.4819	-27.7124	160.9408
13:14:29	66.1736	-27.4485	161.1472
13:14:34	65.8648	-27.1905	161.3480
13:14:39	65.5556	-26.9382	161.5415
13:14:44	65.2461	-26.6912	161.7185
13:14:49	64.9363	-26.4495	161.8901
13:14:54	64.6261	-26.2128	162.0617
13:14:59	64.3156	-25.9810	162.2364
13:15:04	64.0048	-25.7538	162.4063
13:15:09	63.6937	-25.5312	162.5722
13:15:14	63.3823	-25.3130	162.7329
13:15:19	63.0706	-25.0990	162.8897
13:15:24	62.7586	-24.8891	163.0424
13:15:29	62.4464	-24.6832	163.1911
13:15:34	62.1339	-24.4810	163.3364
13:15:39	61.8211	-24.2826	163.4772
13:15:44	61.5081	-24.0877	163.6082
13:15:49	61.1949	-23.8963	163.7298
13:15:54	60.8815	-23.7083	163.8483
13:15:59	60.5678	-23.5235	163.9745
13:16:04	60.2540	-23.3418	164.0999
13:16:09	59.9399	-23.1631	164.2214
13:16:14	59.6256	-22.9875	164.3397
13:16:19	59.3111	-22.8146	164.4557
13:16:24	58.9964	-22.6446	164.5691
13:16:29	58.6816	-22.4773	164.6795
13:16:34	58.3665	-22.3126	164.7867
13:16:39	58.0513	-22.1504	164.8921
13:16:44	57.7359	-21.9907	164.9950
13:16:49	57.4204	-21.8334	165.0832
13:16:54	57.1046	-21.6784	165.1693
13:16:59	56.7887	-21.5256	165.2574
13:17:04	56.4727	-21.3751	165.3508
13:17:09	56.1565	-21.2267	165.4430
13:17:14	55.8402	-21.0803	165.5327
13:17:19	55.5237	-20.9360	165.6197
13:17:24	55.2071	-20.7937	165.7056
13:17:29	54.8903	-20.6532	165.7895
13:17:34	54.5734	-20.5146	165.8715
13:17:39	54.2564	-20.3779	165.9516
13:17:44	53.9392	-20.2429	166.0297
13:17:49	53.6220	-20.1096	166.1011
13:17:54	53.3045	-19.9780	166.1645
13:17:59	52.9870	-19.8480	166.2267
13:18:04	52.6694	-19.7196	166.2960
13:18:09	52.3516	-19.5927	166.3667
13:18:14	52.0337	-19.4674	166.4353
13:18:19	51.7158	-19.3435	166.5027
13:18:24	51.3977	-19.2210	166.5688
13:18:29	51.0795	-19.1000	166.6330
13:18:34	50.7612	-18.9803	166.6963
13:18:39	50.4428	-18.8619	166.7580
13:18:44	50.1242	-18.7449	166.8189
13:18:49	49.8056	-18.6291	166.8778
13:18:54	49.4869	-18.5145	166.9259
13:18:59	49.1681	-18.4012	166.9722
13:19:04	48.8492	-18.2890	167.0198
13:19:09	48.5303	-18.1780	167.0750
13:19:14	48.2112	-18.0681	167.1285
13:19:19	47.8920	-17.9593	167.1812
13:19:24	47.5728	-17.8515	167.2326
13:19:29	47.2535	-17.7449	167.2827
13:19:34	46.9340	-17.6392	167.3321
13:19:39	46.6145	-17.5345	167.3812
13:19:44	46.2950	-17.4309	167.4283
13:19:49	45.9753	-17.3281	167.4747
13:19:54	45.6556	-17.2264	167.5160
13:19:59	45.3358	-17.1255	167.5503
13:20:04	45.0159	-17.0255	167.5850
13:20:09	44.6959	-16.9264	167.6241
13:20:14	44.3759	-16.8282	167.6663
13:20:19	44.0558	-16.7307	167.7077
13:20:24	43.7356	-16.6341	167.7490
13:20:29	43.4153	-16.5383	167.7882
13:20:34	43.0950	-16.4433	167.8272
13:20:39	42.7746	-16.3491	167.8656
13:20:44	42.4542	-16.2556	167.9027
13:20:49	42.1337	-16.1628	167.9398
13:20:54	41.8131	-16.0708	167.9757
13:20:59	41.4924	-15.9795	168.0031
13:21:04	41.1717	-15.8888	168.0284
13:21:09	40.8509	-15.7989	168.0549
13:21:14	40.5301	-15.7096	168.0876
13:21:19	40.2092	-15.6209	168.1203
13:21:24	39.8883	-15.5329	168.1528
13:21:29	39.5673	-15.4455	168.1845
13:21:34	39.2462	-15.3587	168.2151
13:21:39	38.9251	-15.2725	168.2456
13:21:44	38.6039	-15.1869	168.2751
13:21:49	38.2827	-15.1019	168.3042
13:21:54	37.9614	-15.0174	168.3329
13:21:59	37.6400	-14.9335	168.3580
13:22:04	37.3186	-14.8501	168.3770
13:22:09	36.9972	-14.7673	168.3957
13:22:14	36.6757	-14.6849	168.4186
13:22:19	36.3541	-14.6031	168.4446
13:22:24	36.0325	-14.5218	168.4709
13:22:29	35.7109	-14.4409	168.4957
13:22:34	35.3892	-14.3606	168.5195
13:22:39	35.0675	-14.2807	168.5442
14:46:01	69.8835	-7.9841	158.2035
14:46:06	69.5806	-7.6369	158.4930
14:46:11	69.2771	-7.2989	158.7734
14:46:16	68.9730	-6.9697	159.0455
14:46:21	68.6684	-6.6488	159.2970
14:46:26	68.3632	-6.3360	159.5389
14:46:31	68.0575	-6.0309	159.7762
14:46:36	67.7514	-5.7333	160.0163
14:46:41	67.4448	-5.4427	160.2495
14:46:46	67.1377	-5.1590	160.4757
14:46:51	66.8302	-4.8820	160.6953
14:46:56	66.5223	-4.6112	160.9088
14:47:01	66.2139	-4.3466	161.1159
14:47:06	65.9052	-4.0878	161.3174
14:47:11	65.5961	-3.8347	161.5136
14:47:16	65.2866	-3.5871	161.7035
14:47:21	64.9768	-3.3447	161.8842
14:47:26	64.6667	-3.1073	162.0513
14:47:31	64.3562	-2.8749	162.2138
14:47:36	64.0455	-2.6472	162.3798
14:47:41	63.7344	-2.4240	162.5461
14:47:46	63.4230	-2.2052	162.7073
14:47:51	63.1113	-1.9906	162.8649
14:47:56	62.7994	-1.7802	163.0184
14:48:01	62.4872	-1.5737	163.1675
14:48:06	62.1748	-1.3711	163.3128
14:48:11	61.8621	-1.1722	163.4551
14:48:16	61.5491	-0.9769	163.5929
14:48:21	61.2359	-0.7850	163.7276
14:48:26	60.9225	-0.5965	163.8490
14:48:31	60.6089	-0.4113	163.9654
14:48:36	60.2950	-0.2292	164.0790
14:48:41	59.9810	-0.0502	164.2009
14:48:46	59.6667	0.1259	164.3201
14:48:51	59.3522	0.2990	164.4363
14:48:56	59.0376	0.4694	164.5499
14:49:01	58.7228	0.6371	164.6605
14:49:06	58.4077	0.8022	164.7687
14:49:11	58.0925	0.9647	164.8748
14:49:16	57.7772	1.1247	164.9774
14:49:21	57.4616	1.2823	165.0787
14:49:26	57.1459	1.4376	165.1738
14:49:31	56.8301	1.5907	165.2580
14:49:36	56.5141	1.7415	165.3400
14:49:41	56.1979	1.8902	165.4266
14:49:46	55.8816	2.0368	165.5170
14:49:51	55.5651	2.1814	165.6044
14:49:56	55.2485	2.3240	165.6908
14:50:01	54.9318	2.4647	165.7747
14:50:06	54.6149	2.6035	165.8561
14:50:11	54.2979	2.7405	165.9369
14:50:16	53.9807	2.8757	166.0151
14:50:21	53.6635	3.0092	166.0928
14:50:26	53.3461	3.1411	166.1675
14:50:31	53.0286	3.2712	166.2331
14:50:36	52.7109	3.3998	166.2939
14:50:41	52.3932	3.5269	166.3532
14:50:46	52.0753	3.6525	166.4225
14:50:51	51.7574	3.7765	166.4900
14:50:56	51.4393	3.8992	166.5564
14:51:01	51.1211	4.0204	166.6207
14:51:06	50.8028	4.1403	166.6843
14:51:11	50.4844	4.2588	166.7464
14:51:16	50.1659	4.3760	166.8067
14:51:21	49.8473	4.4920	166.8666
14:51:26	49.5286	4.6067	166.9248
14:51:31	49.2098	4.7202	166.9803
14:51:36	48.8910	4.8325	167.0255
14:51:41	48.5720	4.9437	167.0696
14:51:46	48.2529	5.0537	167.1175
14:51:51	47.9338	5.1627	167.1705
14:51:56	47.6146	5.2706	167.2222
14:52:01	47.2952	5.3774	167.2727
14:52:06	46.9758	5.4832	167.3220
14:52:11	46.6563	5.5880	167.3709
14:52:16	46.3368	5.6918	167.4181
14:52:21	46.0171	5.7946	167.4650
14:52:26	45.6974	5.8965	167.5109
14:52:31	45.3776	5.9975	167.5554
14:52:36	45.0577	6.0976	167.5932
14:52:41	44.7378	6.1968	167.6261
14:52:46	44.4177	6.2952	167.6592
14:52:51	44.0976	6.3927	167.6990
14:52:56	43.7775	6.4894	167.7401
14:53:01	43.4572	6.5853	167.7799
14:53:06	43.1369	6.6804	167.8184
14:53:11	42.8165	6.7748	167.8573
14:53:16	42.4961	6.8684	167.8944
14:53:21	42.1756	6.9612	167.9313
14:53:26	41.8550	7.0533	167.9677
14:53:31	41.5344	7.1448	168.0026
14:53:36	41.2137	7.2355	168.0369
14:53:41	40.8929	7.3255	168.0620
14:53:46	40.5721	7.4149	168.0863
14:53:51	40.2512	7.5037	168.1127
14:53:56	39.9303	7.5918	168.1450
14:54:01	39.6093	7.6793	168.1772
14:54:06	39.2882	7.7661	168.2078
14:54:11	38.9671	7.8524	168.2380
14:54:16	38.6459	7.9381	168.2680
14:54:21	38.3247	8.0232	168.2970
14:54:26	38.0034	8.1077	168.3257
14:54:31	37.6821	8.1917	168.3540
14:54:36	37.3607	8.2752	168.3818
14:54:41	37.0392	8.3581	168.4039
14:54:46	36.7177	8.4405	168.4227
14:54:51	36.3962	8.5224	168.4394
14:54:56	36.0746	8.6038	168.4641
14:55:01	35.7530	8.6847	168.4888
14:55:06	35.4313	8.7651	168.5140
14:55:11	35.1095	8.8451	168.5384
16:18:33	69.8828	15.1524	158.2042
16:18:38	69.5799	15.4995	158.4941
16:18:43	69.2764	15.8375	158.7742
16:18:48	68.9723	16.1667	159.0464
16:18:53	68.6677	16.4876	159.2967
16:18:58	68.3625	16.8003	159.5393
16:19:03	68.0569	17.1054	159.7769
16:19:08	67.7507	17.4030	160.0167
16:19:13	67.4441	17.6936	160.2499
16:19:18	67.1370	17.9772	160.4768
16:19:23	66.8295	18.2543	160.6961
16:19:28	66.5216	18.5250	160.9093
16:19:33	66.2132	18.7896	161.1164
16:19:38	65.9045	19.0484	161.3180
16:19:43	65.5954	19.3015	161.5133
16:19:48	65.2860	19.5491	161.7041
16:19:53	64.9762	19.7915	161.8845
16:19:58	64.6660	20.0288	162.0517
16:20:03	64.3556	20.2612	162.2138
16:20:08	64.0448	20.4890	162.3802
16:20:13	63.7337	20.7121	162.5462
16:20:18	63.4224	20.9309	162.7077
16:20:23	63.1107	21.1455	162.8653
16:20:28	62.7988	21.3559	163.0186
16:20:33	62.4866	21.5623	163.1679
16:20:38	62.1741	21.7650	163.3135
16:20:43	61.8614	21.9639	163.4550
16:20:48	61.5485	22.1592	163.5934
16:20:53	61.2353	22.3510	163.7278
16:20:58	60.9219	22.5395	163.8491
16:21:03	60.6082	22.7247	163.9648
16:21:08	60.2944	22.9068	164.0792
16:21:13	59.9803	23.0858	164.2014
16:21:18	59.6661	23.2619	164.3207
16:21:23	59.3516	23.4350	164.4366
16:21:28	59.0370	23.6054	164.5498
16:21:33	58.7221	23.7731	164.6612
16:21:38	58.4071	23.9381	164.7691
16:21:43	58.0919	24.1006	164.8746
16:21:48	57.7766	24.2607	164.9781
16:21:53	57.4610	24.4183	165.0785
16:21:58	57.1453	24.5736	165.1738
16:22:03	56.8295	24.7266	165.2578
16:22:08	56.5135	24.8774	165.3401
16:22:12	56.2447	25.0039	263.4827
23:42:21	35.2577	-29.4886	11.4735
23:42:26	35.5794	-29.4084	11.4911
23:42:31	35.9010	-29.3278	11.5084
23:42:36	36.2226	-29.2466	11.5257
23:42:41	36.5442	-29.1650	11.5510
23:42:46	36.8657	-29.0829	11.5775
23:42:51	37.1872	-29.0003	11.6044
23:42:56	37.5086	-28.9171	11.6319
23:43:01	37.8299	-28.8334	11.6598
23:43:06	38.1512	-28.7492	11.6879
23:43:11	38.4725	-28.6644	11.7169
23:43:16	38.7936	-28.5790	11.7466
23:43:21	39.1148	-28.4931	11.7763
23:43:26	39.4359	-28.4065	11.8050
23:43:31	39.7569	-28.3194	11.8273
23:43:36	40.0779	-28.2316	11.8501
23:43:41	40.3988	-28.1432	11.8775
23:43:46	40.7196	-28.0542	11.9112
23:43:51	41.0404	-27.9645	11.9444
23:43:56	41.3611	-27.8741	11.9788
23:44:01	41.6818	-27.7831	12.0141
23:44:06	42.0024	-27.6914	12.0494
23:44:11	42.3229	-27.5989	12.0860
23:44:16	42.6434	-27.5057	12.1233
23:44:21	42.9638	-27.4118	12.1614
23:44:26	43.2841	-27.3171	12.1998
23:44:31	43.6044	-27.2216	12.2331
23:44:36	43.9246	-27.1254	12.2630
23:44:41	44.2447	-27.0283	12.2942
23:44:46	44.5648	-26.9304	12.3358
23:44:51	44.8848	-26.8316	12.3781
23:44:56	45.2047	-26.7320	12.4215
23:45:01	45.5245	-26.6315	12.4657
23:45:06	45.8443	-26.5301	12.5109
23:45:11	46.1640	-26.4278	12.5568
23:45:16	46.4836	-26.3245	12.6045
23:45:21	46.8031	-26.2202	12.6525
23:45:26	47.1225	-26.1150	12.7014
23:45:31	47.4419	-26.0087	12.7501
23:45:36	47.7612	-25.9014	12.7907
23:45:41	48.0804	-25.7931	12.8322
23:45:46	48.3995	-25.6836	12.8787
23:45:51	48.7185	-25.5731	12.9339
23:45:56	49.0374	-25.4614	12.9885
23:46:01	49.3562	-25.3485	13.0451
23:46:06	49.6750	-25.2345	13.1030
23:46:11	49.9936	-25.1192	13.1617
23:46:16	50.3121	-25.0027	13.2214
23:46:21	50.6306	-24.8848	13.2832
23:46:26	50.9489	-24.7657	13.3456
23:46:31	51.2672	-24.6452	13.4099
23:46:36	51.5853	-24.5233	13.4688
23:46:41	51.9033	-24.4000	13.5244
23:46:46	52.2212	-24.2753	13.5811
23:46:51	52.5390	-24.1491	13.6499
23:46:56	52.8567	-24.0213	13.7205
23:47:01	53.1743	-23.8920	13.7935
23:47:06	53.4918	-23.7611	13.8678
23:47:11	53.8091	-23.6285	13.9434
23:47:16	54.1263	-23.4942	14.0212
23:47:21	54.4434	-23.3581	14.1010
23:47:26	54.7603	-23.2203	14.1817
23:47:31	55.0771	-23.0806	14.2651
23:47:36	55.3938	-22.9391	14.3493
23:47:41	55.7103	-22.7956	14.4241
23:47:46	56.0267	-22.6500	14.5012
23:47:51	56.3430	-22.5025	14.5842
23:47:56	56.6591	-22.3529	14.6772
23:48:01	56.9750	-22.2010	14.7717
23:48:06	57.2908	-22.0470	14.8690
23:48:11	57.6064	-21.8906	14.9691
23:48:16	57.9219	-21.7319	15.0705
23:48:21	58.2372	-21.5707	15.1747
23:48:26	58.5523	-21.4071	15.2818
23:48:31	58.8672	-21.2408	15.3905
23:48:36	59.1820	-21.0719	15.5025
23:48:41	59.4965	-20.9002	15.6113
23:48:46	59.8109	-20.7257	15.7172
23:48:51	60.1250	-20.5483	15.8253
23:48:56	60.4390	-20.3679	15.9459
23:49:01	60.7528	-20.1844	16.0723
23:49:06	61.0663	-19.9977	16.2014
23:49:11	61.3796	-19.8077	16.3346
23:49:16	61.6927	-19.6143	16.4711
23:49:21	62.0055	-19.4173	16.6113
23:49:26	62.3181	-19.2167	16.7542
23:49:31	62.6304	-19.0123	16.9016
23:49:36	62.9425	-18.8041	17.0528
23:49:41	63.2543	-18.5918	17.2078
23:49:46	63.5658	-18.3753	17.3552
23:49:51	63.8771	-18.1545	17.5061
23:49:56	64.1880	-17.9292	17.6640
23:50:01	64.4987	-17.6994	17.8372
23:50:06	64.8090	-17.4647	18.0142
23:50:11	65.1190	-17.2251	18.1967
23:50:16	65.4286	-16.9803	18.3843
23:50:21	65.7379	-16.7302	18.5771
23:50:26	66.0468	-16.4745	18.7754
23:50:31	66.3554	-16.2131	18.9795
23:50:36	66.6635	-15.9457	19.1894
23:50:41	66.9713	-15.6721	19.4057
23:50:46	67.2786	-15.3920	19.6234
23:50:51	67.5855	-15.1052	19.8390
23:50:56	67.8919	-14.8114	20.0627
23:51:01	68.1978	-14.5104	20.3023
23:51:06	68.5032	-14.2018	20.5535
23:51:11	68.8082	-13.8854	20.8124
23:51:16	69.1125	-13.5607	21.0795
23:51:21	69.4163	-13.2275	21.3556
23:51:26	69.7196	-12.8853	21.6397
23:51:31	70.0016	-12.5581	171.2490
23:59:59	-999.00	-999.00	-999.00
