2024/09/06 EARTHCARE
GMT	SUBLAT[N+]	SUBLON[W+]	HEADING
05:05:08	-5.0000	45.3264	10.5683
05:05:13	-4.6765	45.3870	10.5662
05:05:18	-4.3530	45.4475	10.5643
05:05:23	-4.0296	45.5080	10.5623
05:05:28	-3.7061	45.5685	10.5615
05:05:33	-3.3825	45.6289	10.5597
05:05:38	-3.0590	45.6893	10.5594
05:05:43	-2.7355	45.7497	10.5576
05:05:48	-2.4120	45.8100	10.5573
05:05:53	-2.0884	45.8704	10.5567
05:05:58	-1.7649	45.9307	10.5558
05:06:03	-1.4413	45.9910	10.5554
05:06:08	-1.1177	46.0513	10.5547
05:06:13	-0.7942	46.1116	10.5546
05:06:18	-0.4706	46.1719	10.5533
05:06:23	-0.1470	46.2322	10.5543
05:06:28	0.1766	46.2924	10.5539
05:06:33	0.5002	46.3527	10.5541
05:06:38	0.8238	46.4130	10.5541
05:06:43	1.1474	46.4733	10.5547
05:06:48	1.4710	46.5337	10.5547
05:06:53	1.7946	46.5940	10.5556
05:06:58	2.1182	46.6543	10.5561
05:07:03	2.4419	46.7147	10.5570
05:07:08	2.7655	46.7751	10.5568
05:07:13	3.0891	46.8355	10.5589
05:07:18	3.4127	46.8959	10.5596
05:07:23	3.7363	46.9563	10.5612
05:07:28	4.0600	47.0168	10.5623
05:07:33	4.3836	47.0773	10.5639
05:07:38	4.7072	47.1379	10.5660
05:07:43	5.0308	47.1985	10.5679
05:07:48	5.3544	47.2591	10.5683
05:07:53	5.6781	47.3197	10.5696
05:07:58	6.0017	47.3805	10.5704
05:08:03	6.3253	47.4412	10.5727
05:08:08	6.6489	47.5020	10.5755
05:08:13	6.9725	47.5629	10.5778
05:08:18	7.2961	47.6238	10.5809
05:08:23	7.6197	47.6848	10.5835
05:08:28	7.9433	47.7458	10.5867
05:08:33	8.2669	47.8069	10.5903
05:08:38	8.5904	47.8681	10.5927
05:08:43	8.9140	47.9293	10.5965
05:08:48	9.2376	47.9906	10.5992
05:08:53	9.5611	48.0520	10.6006
05:08:58	9.8847	48.1134	10.6026
05:09:03	10.2082	48.1750	10.6058
05:09:08	10.5318	48.2366	10.6096
05:09:13	10.8553	48.2983	10.6140
05:09:18	11.1788	48.3601	10.6186
05:09:23	11.5023	48.4219	10.6230
05:09:28	11.8258	48.4839	10.6281
05:09:33	12.1493	48.5460	10.6326
05:09:38	12.4728	48.6082	10.6376
05:09:43	12.7963	48.6704	10.6432
05:09:48	13.1197	48.7328	10.6490
05:09:53	13.4431	48.7953	10.6513
05:09:58	13.7666	48.8579	10.6541
05:10:03	14.0900	48.9206	10.6564
05:10:08	14.4134	48.9835	10.6635
05:10:13	14.7368	49.0464	10.6693
05:10:18	15.0602	49.1095	10.6763
05:10:23	15.3835	49.1727	10.6822
05:10:28	15.7069	49.2360	10.6893
05:10:33	16.0302	49.2995	10.6960
05:10:38	16.3535	49.3631	10.7022
05:10:43	16.6768	49.4269	10.7107
05:10:48	17.0001	49.4907	10.7180
05:10:53	17.3233	49.5548	10.7245
05:10:58	17.6466	49.6190	10.7277
05:11:03	17.9698	49.6833	10.7312
05:11:08	18.2930	49.7478	10.7376
05:11:13	18.6162	49.8125	10.7461
05:11:18	18.9394	49.8773	10.7547
05:11:23	19.2625	49.9423	10.7630
05:11:28	19.5857	50.0075	10.7725
05:11:33	19.9088	50.0729	10.7817
16:40:46	-1.4136	40.0254	169.4516
16:40:51	-1.7378	40.0858	169.4506
16:40:56	-2.0619	40.1462	169.4507
16:41:01	-2.3860	40.2066	169.4493
16:41:06	-2.7101	40.2670	169.4484
16:41:11	-3.0343	40.3275	169.4468
16:41:16	-3.3584	40.3880	169.4464
16:41:21	-3.6825	40.4485	169.4439
16:41:26	-4.0066	40.5090	169.4432
16:41:31	-4.3306	40.5696	169.4429
16:41:36	-4.6547	40.6301	169.4422
16:41:41	-4.9787	40.6908	169.4398
18:07:52	19.8043	59.1079	169.2263
18:07:57	19.4806	59.1733	169.2358
18:08:02	19.1570	59.2385	169.2449
18:08:07	18.8333	59.3035	169.2534
18:08:12	18.5095	59.3683	169.2609
18:08:17	18.1858	59.4330	169.2637
18:08:22	17.8620	59.4975	169.2680
18:08:27	17.5382	59.5619	169.2751
18:08:32	17.2144	59.6261	169.2825
18:08:37	16.8906	59.6902	169.2903
18:08:42	16.5668	59.7541	169.2978
18:08:47	16.2429	59.8179	169.3055
18:08:52	15.9190	59.8815	169.3121
18:08:57	15.5951	59.9450	169.3190
18:09:02	15.2712	60.0083	169.3265
18:09:07	14.9473	60.0716	169.3326
18:09:12	14.6233	60.1347	169.3391
18:09:17	14.2994	60.1977	169.3420
18:09:22	13.9754	60.2605	169.3449
18:09:27	13.6514	60.3233	169.3476
18:09:32	13.3274	60.3859	169.3538
18:09:37	13.0034	60.4484	169.3597
18:09:42	12.6794	60.5108	169.3652
18:09:47	12.3554	60.5731	169.3701
18:09:52	12.0313	60.6353	169.3753
18:09:57	11.7073	60.6974	169.3802
18:10:02	11.3832	60.7594	169.3845
18:10:07	11.0591	60.8213	169.3892
18:10:12	10.7350	60.8832	169.3941
18:10:17	10.4109	60.9449	169.3970
18:10:22	10.0868	61.0066	169.3985
18:10:27	9.7627	61.0681	169.4004
18:10:32	9.4385	61.1296	169.4044
18:10:37	9.1144	61.1910	169.4077
18:10:42	8.7903	61.2524	169.4113
18:10:47	8.4661	61.3137	169.4147
18:10:52	8.1420	61.3749	169.4175
18:10:57	7.8178	61.4360	169.4212
18:11:02	7.4936	61.4971	169.4237
18:11:07	7.1694	61.5581	169.4274
18:11:12	6.8453	61.6191	169.4298
18:11:17	6.5211	61.6800	169.4327
18:11:22	6.1969	61.7408	169.4339
18:11:27	5.8727	61.8016	169.4347
18:11:32	5.5485	61.8624	169.4357
18:11:37	5.2243	61.9231	169.4381
18:11:42	4.9001	61.9838	169.4398
18:11:47	4.5759	62.0444	169.4410
18:11:52	4.2517	62.1050	169.4435
18:11:57	3.9275	62.1656	169.4452
18:12:02	3.6033	62.2261	169.4467
18:12:07	3.2791	62.2866	169.4475
18:12:12	2.9549	62.3471	169.4495
18:12:17	2.6307	62.4075	169.4502
18:12:22	2.3065	62.4680	169.4511
18:12:27	1.9823	62.5284	169.4513
18:12:32	1.6581	62.5888	169.4510
18:12:37	1.3339	62.6492	169.4521
18:12:42	1.0097	62.7096	169.4517
18:12:47	0.6855	62.7699	169.4526
18:12:52	0.3614	62.8303	169.4528
18:12:57	0.0372	62.8906	169.4534
18:13:02	-0.2870	62.9510	169.4527
18:13:07	-0.6112	63.0114	169.4531
18:13:12	-0.9353	63.0717	169.4519
18:13:17	-1.2595	63.1321	169.4521
18:13:22	-1.5836	63.1925	169.4507
18:13:27	-1.9078	63.2529	169.4497
18:13:32	-2.2319	63.3133	169.4500
18:13:37	-2.5560	63.3737	169.4497
18:13:42	-2.8802	63.4341	169.4488
18:13:47	-3.2043	63.4946	169.4484
18:13:52	-3.5284	63.5551	169.4464
18:13:57	-3.8525	63.6156	169.4448
18:14:02	-4.1765	63.6761	169.4435
18:14:07	-4.5006	63.7367	169.4418
18:14:12	-4.8247	63.7973	169.4395
23:59:59	-999.00	-999.00	-999.00
