2024/09/06 EARTHCARE
GMT	SUBLAT[N+]	SUBLON[W+]	HEADING
03:33:37	-1.0000	22.9373	10.5549
03:33:42	-0.6764	22.9976	10.5547
03:33:47	-0.3528	23.0579	10.5540
03:33:52	-0.0292	23.1182	10.5506
03:33:57	0.2944	23.1785	10.5536
03:34:02	0.6180	23.2388	10.5538
03:34:07	0.9416	23.2991	10.5536
03:34:12	1.2653	23.3594	10.5542
03:34:17	1.5889	23.4197	10.5552
03:34:22	1.9125	23.4801	10.5558
03:34:27	2.2362	23.5404	10.5562
03:34:32	2.5598	23.6008	10.5571
03:34:37	2.8835	23.6612	10.5583
03:34:42	3.2071	23.7216	10.5594
03:34:47	3.5308	23.7820	10.5602
03:34:52	3.8544	23.8425	10.5613
03:34:57	4.1781	23.9030	10.5625
03:35:02	4.5017	23.9635	10.5631
03:35:07	4.8254	24.0241	10.5642
03:35:12	5.1490	24.0847	10.5659
03:35:17	5.4726	24.1453	10.5682
03:35:22	5.7963	24.2060	10.5702
03:35:27	6.1199	24.2667	10.5726
03:35:32	6.4435	24.3275	10.5754
03:35:37	6.7672	24.3883	10.5774
03:35:42	7.0908	24.4492	10.5797
03:35:47	7.4144	24.5102	10.5824
03:35:52	7.7380	24.5712	10.5849
03:35:57	8.0617	24.6322	10.5871
03:36:02	8.3853	24.6933	10.5882
03:36:07	8.7089	24.7545	10.5903
03:36:12	9.0325	24.8158	10.5940
03:36:17	9.3560	24.8771	10.5976
03:36:22	9.6796	24.9385	10.6013
03:36:27	10.0032	25.0000	10.6048
03:36:32	10.3268	25.0616	10.6097
03:36:37	10.6503	25.1232	10.6134
03:36:42	10.9739	25.1850	10.6182
03:36:47	11.2974	25.2468	10.6231
03:36:52	11.6209	25.3087	10.6273
03:36:57	11.9444	25.3707	10.6296
03:37:02	12.2680	25.4328	10.6323
03:37:07	12.5914	25.4950	10.6347
03:37:12	12.9149	25.5574	10.6393
03:37:17	13.2384	25.6198	10.6451
03:37:22	13.5619	25.6823	10.6505
03:37:27	13.8853	25.7450	10.6565
03:37:32	14.2087	25.8077	10.6629
03:37:37	14.5322	25.8706	10.6690
03:37:42	14.8556	25.9336	10.6753
03:37:47	15.1790	25.9967	10.6815
03:37:52	15.5023	26.0600	10.6881
03:37:57	15.8257	26.1234	10.6942
03:38:02	16.1490	26.1869	10.6974
03:38:07	16.4724	26.2506	10.7004
03:38:12	16.7957	26.3144	10.7062
03:38:17	17.1190	26.3783	10.7131
03:38:22	17.4423	26.4424	10.7213
03:38:27	17.7655	26.5067	10.7293
03:38:32	18.0888	26.5711	10.7367
03:38:37	18.4120	26.6356	10.7453
03:38:42	18.7352	26.7004	10.7536
03:38:47	19.0584	26.7653	10.7622
03:38:52	19.3815	26.8303	10.7711
03:38:57	19.7047	26.8956	10.7805
03:39:02	20.0278	26.9610	10.7863
03:39:07	20.3509	27.0266	10.7905
03:39:12	20.6740	27.0924	10.7955
03:39:17	20.9970	27.1584	10.8054
03:39:22	21.3201	27.2246	10.8158
03:39:27	21.6431	27.2909	10.8257
03:39:32	21.9660	27.3575	10.8362
05:06:12	-0.8129	46.1064	10.5547
05:06:17	-0.4894	46.1667	10.5541
05:06:22	-0.1658	46.2270	10.5544
05:06:27	0.1649	46.2903	10.5539
05:06:32	0.4885	46.3506	10.5542
05:06:37	0.8122	46.4109	10.5543
05:06:42	1.1358	46.4712	10.5548
05:06:47	1.4594	46.5315	10.5552
05:06:52	1.7831	46.5918	10.5548
05:06:57	2.1067	46.6522	10.5554
05:07:02	2.4303	46.7125	10.5562
05:07:07	2.7540	46.7729	10.5571
05:07:12	3.0776	46.8333	10.5582
05:07:17	3.4013	46.8937	10.5599
05:07:22	3.7249	46.9542	10.5607
05:07:27	4.0486	47.0147	10.5618
05:07:32	4.3722	47.0752	10.5634
05:07:37	4.6958	47.1357	10.5655
05:07:42	5.0195	47.1963	10.5673
05:07:47	5.3431	47.2569	10.5689
05:07:52	5.6668	47.3176	10.5690
05:07:57	5.9904	47.3783	10.5700
05:08:02	6.3140	47.4391	10.5723
05:08:07	6.6377	47.4999	10.5749
05:08:12	6.9613	47.5607	10.5774
05:08:17	7.2849	47.6216	10.5805
05:08:22	7.6085	47.6826	10.5830
05:08:27	7.9321	47.7437	10.5861
05:08:32	8.2557	47.8048	10.5891
05:08:37	8.5793	47.8659	10.5924
05:08:42	8.9029	47.9271	10.5961
05:08:47	9.2265	47.9885	10.5997
05:08:52	9.5501	48.0498	10.6011
05:08:57	9.8737	48.1113	10.6030
05:09:02	10.1972	48.1728	10.6055
05:09:07	10.5208	48.2344	10.6094
05:09:12	10.8443	48.2961	10.6135
05:09:17	11.1679	48.3579	10.6177
05:09:22	11.4914	48.4198	10.6228
05:09:27	11.8149	48.4818	10.6279
05:09:32	12.1384	48.5438	10.6324
05:09:37	12.4619	48.6060	10.6374
05:09:42	12.7854	48.6683	10.6429
05:09:47	13.1089	48.7307	10.6481
05:09:52	13.4324	48.7932	10.6528
05:09:57	13.7558	48.8558	10.6556
05:10:02	14.0792	48.9185	10.6571
05:10:07	14.4027	48.9813	10.6617
05:10:12	14.7261	49.0443	10.6683
05:10:17	15.0495	49.1073	10.6746
05:10:22	15.3728	49.1705	10.6821
05:10:27	15.6962	49.2339	10.6884
05:10:32	16.0196	49.2973	10.6959
05:10:37	16.3429	49.3609	10.7023
05:10:42	16.6662	49.4247	10.7090
05:10:47	16.9895	49.4886	10.7170
05:10:52	17.3128	49.5526	10.7246
05:10:57	17.6361	49.6168	10.7285
05:11:02	17.9593	49.6812	10.7329
05:11:07	18.2825	49.7457	10.7368
05:11:12	18.6057	49.8103	10.7461
05:11:17	18.9289	49.8752	10.7540
05:11:22	19.2521	49.9402	10.7622
05:11:27	19.5752	50.0053	10.7719
05:11:32	19.8984	50.0707	10.7810
05:11:37	20.2215	50.1362	10.7897
05:11:42	20.5446	50.2019	10.7995
05:11:47	20.8676	50.2678	10.8096
05:11:52	21.1907	50.3339	10.8194
05:11:57	21.5137	50.4002	10.8285
05:12:02	21.8367	50.4667	10.8342
15:02:14	21.9365	12.3992	169.1655
15:02:19	21.6130	12.4659	169.1758
15:02:24	21.2895	12.5323	169.1858
15:02:29	20.9660	12.5985	169.1972
15:02:34	20.6424	12.6645	169.2068
15:02:39	20.3188	12.7304	169.2157
15:02:44	19.9952	12.7960	169.2204
15:02:49	19.6716	12.8615	169.2245
15:02:54	19.3479	12.9268	169.2317
15:02:59	19.0243	12.9919	169.2400
15:03:04	18.7006	13.0569	169.2489
15:03:09	18.3769	13.1217	169.2580
15:03:14	18.0531	13.1863	169.2661
15:03:19	17.7294	13.2507	169.2738
15:03:24	17.4056	13.3150	169.2826
15:03:29	17.0818	13.3792	169.2893
15:03:34	16.7580	13.4432	169.2974
15:03:39	16.4342	13.5070	169.3041
15:03:44	16.1103	13.5708	169.3097
15:03:49	15.7864	13.6343	169.3131
15:03:54	15.4626	13.6978	169.3153
15:03:59	15.1387	13.7611	169.3221
15:04:04	14.8147	13.8243	169.3283
15:04:09	14.4908	13.8873	169.3350
15:04:14	14.1669	13.9503	169.3412
15:04:19	13.8429	14.0131	169.3468
15:04:24	13.5189	14.0758	169.3531
15:04:29	13.1949	14.1383	169.3586
15:04:34	12.8709	14.2008	169.3637
15:04:39	12.5469	14.2632	169.3695
15:04:44	12.2229	14.3254	169.3744
15:04:49	11.8989	14.3876	169.3766
15:04:54	11.5748	14.4497	169.3782
15:04:59	11.2508	14.5116	169.3809
15:05:04	10.9267	14.5735	169.3866
15:05:09	10.6026	14.6353	169.3909
15:05:14	10.2785	14.6970	169.3957
15:05:19	9.9544	14.7586	169.3999
15:05:24	9.6303	14.8202	169.4026
15:05:29	9.3062	14.8816	169.4076
15:05:34	8.9821	14.9430	169.4102
15:05:39	8.6580	15.0043	169.4141
15:05:44	8.3338	15.0656	169.4174
15:05:49	8.0097	15.1268	169.4204
15:05:54	7.6855	15.1879	169.4211
15:05:59	7.3614	15.2489	169.4220
15:06:04	7.0372	15.3099	169.4250
15:06:09	6.7130	15.3709	169.4274
15:06:14	6.3889	15.4318	169.4302
15:06:19	6.0647	15.4926	169.4326
15:06:24	5.7405	15.5534	169.4344
15:06:29	5.4163	15.6141	169.4374
15:06:34	5.0922	15.6748	169.4389
15:06:39	4.7680	15.7355	169.4408
15:06:44	4.4438	15.7961	169.4429
15:06:49	4.1196	15.8567	169.4447
15:06:54	3.7954	15.9173	169.4450
15:06:59	3.4712	15.9778	169.4457
15:07:04	3.1470	16.0383	169.4456
15:07:09	2.8229	16.0987	169.4477
15:07:14	2.4987	16.1592	169.4483
15:07:19	2.1745	16.2196	169.4496
15:07:24	1.8503	16.2800	169.4500
15:07:29	1.5261	16.3404	169.4518
15:07:34	1.2020	16.4008	169.4522
15:07:39	0.8778	16.4612	169.4519
15:07:44	0.5536	16.5216	169.4518
15:07:49	0.2294	16.5819	169.4523
15:07:54	-0.0947	16.6423	169.4521
15:07:59	-0.4189	16.7026	169.4523
15:08:04	-0.7430	16.7630	169.4518
16:34:45	22.0027	35.5218	169.1606
16:34:50	21.6793	35.5885	169.1709
16:34:55	21.3558	35.6549	169.1817
16:35:00	21.0322	35.7212	169.1921
16:35:05	20.7087	35.7873	169.2014
16:35:10	20.3851	35.8532	169.2112
16:35:15	20.0615	35.9189	169.2213
16:35:20	19.7379	35.9844	169.2304
16:35:25	19.4142	36.0497	169.2382
16:35:30	19.0906	36.1148	169.2423
16:35:35	18.7669	36.1798	169.2462
16:35:40	18.4432	36.2446	169.2529
16:35:45	18.1194	36.3093	169.2625
16:35:50	17.7957	36.3738	169.2700
16:35:55	17.4719	36.4381	169.2779
16:36:00	17.1481	36.5023	169.2862
16:36:05	16.8243	36.5663	169.2933
16:36:10	16.5005	36.6302	169.3009
16:36:15	16.1767	36.6940	169.3081
16:36:20	15.8528	36.7576	169.3147
16:36:25	15.5289	36.8210	169.3217
16:36:30	15.2050	36.8844	169.3259
16:36:35	14.8811	36.9476	169.3289
16:36:40	14.5572	37.0106	169.3320
16:36:45	14.2333	37.0736	169.3381
16:36:50	13.9093	37.1364	169.3438
16:36:55	13.5853	37.1992	169.3499
16:37:00	13.2614	37.2618	169.3553
16:37:05	12.9374	37.3243	169.3613
16:37:10	12.6134	37.3867	169.3669
16:37:15	12.2893	37.4489	169.3720
16:37:20	11.9653	37.5111	169.3765
16:37:25	11.6413	37.5732	169.3821
16:37:30	11.3172	37.6352	169.3857
16:37:35	10.9931	37.6971	169.3879
16:37:40	10.6691	37.7589	169.3897
16:37:45	10.3450	37.8206	169.3925
16:37:50	10.0209	37.8823	169.3975
16:37:55	9.6968	37.9438	169.4013
16:38:00	9.3727	38.0053	169.4051
16:38:05	9.0486	38.0667	169.4087
16:38:10	8.7244	38.1280	169.4124
16:38:15	8.4003	38.1893	169.4165
16:38:20	8.0762	38.2505	169.4194
16:38:25	7.7520	38.3116	169.4217
16:38:30	7.4279	38.3727	169.4251
16:38:35	7.1037	38.4337	169.4262
16:38:40	6.7796	38.4946	169.4279
16:38:45	6.4554	38.5555	169.4289
16:38:50	6.1312	38.6164	169.4320
16:38:55	5.8070	38.6772	169.4336
16:39:00	5.4829	38.7379	169.4357
16:39:05	5.1587	38.7986	169.4380
16:39:10	4.8345	38.8593	169.4400
16:39:15	4.5103	38.9199	169.4420
16:39:20	4.1862	38.9805	169.4427
16:39:25	3.8620	39.0411	169.4448
16:39:30	3.5378	39.1016	169.4462
16:39:35	3.2136	39.1621	169.4471
16:39:40	2.8894	39.2226	169.4475
16:39:45	2.5652	39.2830	169.4489
16:39:50	2.2411	39.3435	169.4489
16:39:55	1.9169	39.4039	169.4502
16:40:00	1.5927	39.4643	169.4511
16:40:05	1.2685	39.5247	169.4514
16:40:10	0.9444	39.5850	169.4510
16:40:15	0.6202	39.6454	169.4519
16:40:20	0.2960	39.7058	169.4522
16:40:25	-0.0281	39.7661	169.4521
16:40:30	-0.3523	39.8265	169.4520
16:40:35	-0.6764	39.8869	169.4516
16:40:40	-0.9982	39.9468	37.3406
18:07:22	21.7420	58.7109	169.1664
18:07:27	21.4185	58.7775	169.1763
18:07:32	21.0950	58.8438	169.1868
18:07:37	20.7714	58.9099	169.1977
18:07:42	20.4479	58.9758	169.2072
18:07:47	20.1243	59.0415	169.2174
18:07:52	19.8007	59.1071	169.2262
18:07:57	19.4770	59.1724	169.2357
18:08:02	19.1534	59.2376	169.2438
18:08:07	18.8297	59.3026	169.2524
18:08:12	18.5060	59.3675	169.2582
18:08:17	18.1822	59.4322	169.2628
18:08:22	17.8585	59.4967	169.2662
18:08:27	17.5347	59.5610	169.2741
18:08:32	17.2110	59.6253	169.2815
18:08:37	16.8872	59.6893	169.2903
18:08:42	16.5633	59.7532	169.2970
18:08:47	16.2395	59.8170	169.3047
18:08:52	15.9156	59.8806	169.3121
18:08:57	15.5918	59.9441	169.3192
18:09:01	15.3131	59.9986	256.4518
23:59:59	-999.00	-999.00	-999.00
