2024/09/11 EARTHCARE
GMT	SUBLAT[N+]	SUBLON[W+]	HEADING
03:51:06	-2.0000	27.2122	10.5557
03:51:11	-1.6763	27.2725	10.5546
03:51:16	-1.3527	27.3328	10.5542
03:51:21	-1.0290	27.3931	10.5534
03:51:26	-0.7053	27.4535	10.5532
03:51:31	-0.3817	27.5138	10.5535
03:51:36	-0.0580	27.5741	10.5402
03:51:41	0.2657	27.6344	10.5528
03:51:46	0.5894	27.6947	10.5532
03:51:51	0.9132	27.7550	10.5529
03:51:56	1.2369	27.8153	10.5534
03:52:01	1.5606	27.8756	10.5535
03:52:06	1.8843	27.9360	10.5543
03:52:11	2.2080	27.9963	10.5555
03:52:16	2.5317	28.0567	10.5563
03:52:21	2.8555	28.1171	10.5569
03:52:26	3.1792	28.1775	10.5579
03:52:31	3.5029	28.2380	10.5597
03:52:36	3.8267	28.2984	10.5610
03:52:41	4.1504	28.3589	10.5620
03:52:46	4.4741	28.4195	10.5625
03:52:51	4.7978	28.4800	10.5628
03:52:56	5.1216	28.5406	10.5645
03:53:01	5.4453	28.6013	10.5658
03:53:06	5.7690	28.6620	10.5680
03:53:11	6.0927	28.7227	10.5711
03:53:16	6.4165	28.7835	10.5733
03:53:21	6.7402	28.8443	10.5760
03:53:26	7.0639	28.9052	10.5783
03:53:31	7.3876	28.9662	10.5812
03:53:36	7.7113	29.0272	10.5845
03:53:41	8.0350	29.0882	10.5876
03:53:46	8.3587	29.1494	10.5885
03:53:51	8.6824	29.2106	10.5892
03:53:56	9.0061	29.2718	10.5920
03:54:01	9.3297	29.3332	10.5953
03:54:06	9.6534	29.3946	10.5993
03:54:11	9.9771	29.4561	10.6036
03:54:16	10.3007	29.5176	10.6068
03:54:21	10.6244	29.5793	10.6114
03:54:26	10.9480	29.6410	10.6164
03:54:31	11.2716	29.7028	10.6203
03:54:36	11.5952	29.7648	10.6246
03:54:41	11.9189	29.8268	10.6309
03:54:46	12.2425	29.8889	10.6336
03:54:51	12.5660	29.9511	10.6352
03:54:56	12.8896	30.0134	10.6373
03:55:01	13.2132	30.0758	10.6431
03:55:06	13.5367	30.1384	10.6487
03:55:11	13.8603	30.2010	10.6537
03:55:16	14.1838	30.2638	10.6602
03:55:21	14.5073	30.3267	10.6663
03:55:26	14.8308	30.3897	10.6728
03:55:31	15.1543	30.4528	10.6787
03:55:36	15.4778	30.5161	10.6852
03:55:41	15.8012	30.5795	10.6924
03:55:46	16.1247	30.6430	10.6981
03:55:51	16.4481	30.7066	10.7018
03:55:56	16.7715	30.7705	10.7051
03:56:01	17.0949	30.8344	10.7106
03:56:06	17.4183	30.8985	10.7181
03:56:11	17.7416	30.9628	10.7259
03:56:16	18.0650	31.0272	10.7340
03:56:21	18.3883	31.0917	10.7419
03:56:26	18.7116	31.1565	10.7511
03:56:31	19.0349	31.2214	10.7596
03:56:36	19.3581	31.2864	10.7686
03:56:41	19.6814	31.3517	10.7781
03:56:46	20.0046	31.4171	10.7862
03:56:51	20.3278	31.4827	10.7930
03:56:56	20.6510	31.5485	10.7978
03:57:01	20.9741	31.6145	10.8023
03:57:06	21.2972	31.6806	10.8126
03:57:11	21.6204	31.7470	10.8225
03:57:16	21.9434	31.8136	10.8333
15:21:25	15.9825	18.0368	169.3075
15:21:30	15.6587	18.1003	169.3145
15:21:35	15.3348	18.1637	169.3217
15:21:40	15.0109	18.2270	169.3286
15:21:45	14.6869	18.2901	169.3348
15:21:50	14.3630	18.3531	169.3408
15:21:55	14.0390	18.4160	169.3463
15:22:00	13.7151	18.4788	169.3531
15:22:05	13.3911	18.5414	169.3569
15:22:10	13.0671	18.6039	169.3601
15:22:15	12.7431	18.6664	169.3622
15:22:20	12.4191	18.7287	169.3661
15:22:25	12.0950	18.7909	169.3723
15:22:30	11.7710	18.8530	169.3768
15:22:35	11.4469	18.9151	169.3820
15:22:40	11.1229	18.9770	169.3866
15:22:45	10.7988	19.0388	169.3907
15:22:50	10.4747	19.1006	169.3952
15:22:55	10.1506	19.1623	169.3991
15:23:00	9.8265	19.2238	169.4036
15:23:05	9.5024	19.2854	169.4065
15:23:10	9.1783	19.3468	169.4089
15:23:15	8.8542	19.4081	169.4108
15:23:20	8.5301	19.4694	169.4124
15:23:25	8.2059	19.5306	169.4150
15:23:30	7.8818	19.5918	169.4188
15:23:35	7.5576	19.6529	169.4219
15:23:40	7.2335	19.7139	169.4249
15:23:45	6.9093	19.7749	169.4272
15:23:50	6.5852	19.8358	169.4305
15:23:55	6.2610	19.8967	169.4326
15:24:00	5.9368	19.9575	169.4360
15:24:05	5.6127	20.0182	169.4379
15:24:10	5.2885	20.0790	169.4391
15:24:15	4.9643	20.1396	169.4400
15:24:20	4.6402	20.2003	169.4411
15:24:25	4.3160	20.2609	169.4419
15:24:30	3.9918	20.3215	169.4435
15:24:35	3.6676	20.3820	169.4449
15:24:40	3.3434	20.4425	169.4464
15:24:45	3.0193	20.5030	169.4475
15:24:50	2.6951	20.5634	169.4489
15:24:55	2.3709	20.6239	169.4496
15:25:00	2.0467	20.6843	169.4509
15:25:05	1.7226	20.7447	169.4516
15:25:10	1.3984	20.8051	169.4516
15:25:15	1.0742	20.8655	169.4520
15:25:20	0.7501	20.9258	169.4518
15:25:25	0.4259	20.9862	169.4520
15:25:30	0.1018	21.0466	169.4526
15:25:35	-0.2224	21.1069	169.4516
15:25:40	-0.5465	21.1673	169.4527
15:25:45	-0.8706	21.2276	169.4525
15:25:50	-1.1948	21.2880	169.4509
15:25:55	-1.5189	21.3484	169.4512
15:26:00	-1.8430	21.4088	169.4501
16:52:25	21.9413	39.9739	169.1645
23:59:59	-999.00	-999.00	-999.00
