2024/09/14 EARTHCARE
GMT	SUBLAT[N+]	SUBLON[W+]	HEADING
05:51:20	-4.7410	56.9369	10.5659
05:51:25	-4.4172	56.9975	10.5634
05:51:30	-4.0934	57.0580	10.5622
05:51:35	-3.7696	57.1185	10.5599
05:51:40	-3.4458	57.1790	10.5589
05:51:45	-3.1220	57.2394	10.5576
05:51:50	-2.7982	57.2999	10.5561
05:51:55	-2.4743	57.3603	10.5550
05:52:00	-2.1505	57.4207	10.5544
05:52:05	-1.8266	57.4811	10.5536
05:52:10	-1.5028	57.5414	10.5541
05:52:15	-1.1789	57.6018	10.5535
05:52:20	-0.8551	57.6621	10.5526
05:52:25	-0.5312	57.7224	10.5522
05:52:30	-0.2073	57.7828	10.5524
05:52:35	0.1166	57.8431	10.5522
05:52:40	0.4405	57.9034	10.5525
05:52:45	0.7644	57.9638	10.5526
05:52:50	1.0883	58.0241	10.5524
05:52:55	1.4122	58.0845	10.5528
05:53:00	1.7361	58.1448	10.5535
05:53:05	2.0600	58.2052	10.5541
05:53:10	2.3839	58.2656	10.5541
05:53:15	2.7078	58.3260	10.5539
05:53:20	3.0317	58.3865	10.5552
05:53:25	3.3556	58.4469	10.5561
05:53:30	3.6795	58.5074	10.5586
05:53:35	4.0035	58.5679	10.5597
05:53:40	4.3274	58.6285	10.5603
05:53:45	4.6513	58.6891	10.5627
05:53:50	4.9752	58.7497	10.5645
05:53:55	5.2991	58.8103	10.5670
05:54:00	5.6230	58.8710	10.5692
05:54:05	5.9469	58.9318	10.5700
05:54:10	6.2708	58.9926	10.5713
05:54:15	6.5947	59.0534	10.5716
05:54:20	6.9186	59.1143	10.5750
05:54:25	7.2425	59.1752	10.5771
05:54:30	7.5664	59.2362	10.5796
05:54:35	7.8902	59.2973	10.5830
05:54:40	8.2141	59.3584	10.5858
05:54:45	8.5380	59.4196	10.5899
05:54:50	8.8618	59.4809	10.5922
05:54:55	9.1857	59.5422	10.5967
05:55:00	9.5095	59.6036	10.6006
05:55:05	9.8334	59.6651	10.6042
05:55:10	10.1572	59.7267	10.6059
05:55:15	10.4810	59.7883	10.6073
05:55:20	10.8048	59.8501	10.6098
05:55:25	11.1286	59.9119	10.6148
05:55:30	11.4524	59.9738	10.6192
05:55:35	11.7762	60.0358	10.6233
05:55:40	12.1000	60.0979	10.6287
05:55:45	12.4238	60.1601	10.6338
05:55:50	12.7475	60.2224	10.6386
05:55:55	13.0712	60.2848	10.6439
05:56:00	13.3950	60.3473	10.6494
05:56:05	13.7187	60.4099	10.6556
05:56:10	14.0424	60.4726	10.6605
05:56:15	14.3660	60.5355	10.6633
05:56:20	14.6897	60.5985	10.6650
05:56:25	15.0134	60.6616	10.6704
05:56:30	15.3370	60.7248	10.6771
05:56:35	15.6606	60.7882	10.6836
05:56:40	15.9842	60.8517	10.6911
05:56:45	16.3078	60.9153	10.6974
05:56:50	16.6314	60.9791	10.7060
05:56:55	16.9550	61.0430	10.7131
05:57:00	17.2785	61.1070	10.7206
05:57:05	17.6020	61.1713	10.7280
05:57:10	17.9255	61.2356	10.7365
05:57:15	18.2490	61.3002	10.7403
05:57:20	18.5725	61.3648	10.7447
05:57:25	18.8959	61.4297	10.7495
05:57:30	19.2193	61.4947	10.7586
05:57:35	19.5427	61.5599	10.7675
05:57:40	19.8661	61.6253	10.7758
17:21:24	19.9353	47.4999	169.2128
17:21:29	19.6120	47.5653	169.2220
17:21:34	19.2886	47.6305	169.2308
17:21:39	18.9651	47.6956	169.2400
17:21:44	18.6417	47.7605	169.2490
17:21:49	18.3183	47.8252	169.2575
17:21:54	17.9948	47.8897	169.2656
17:21:59	17.6713	47.9541	169.2734
17:22:04	17.3478	48.0184	169.2815
17:22:09	17.0242	48.0825	169.2891
17:22:14	16.7007	48.1464	169.2941
17:22:19	16.3771	48.2102	169.2974
17:22:24	16.0535	48.2739	169.3007
17:22:29	15.7299	48.3374	169.3074
17:22:34	15.4063	48.4008	169.3148
17:22:39	15.0827	48.4641	169.3216
17:22:44	14.7590	48.5272	169.3271
17:22:49	14.4354	48.5902	169.3338
17:22:54	14.1117	48.6531	169.3393
17:22:59	13.7880	48.7158	169.3460
17:23:04	13.4643	48.7785	169.3512
17:23:09	13.1406	48.8410	169.3570
17:23:14	12.8168	48.9034	169.3622
17:23:19	12.4931	48.9658	169.3646
17:23:24	12.1693	49.0280	169.3663
17:23:29	11.8455	49.0901	169.3693
17:23:34	11.5218	49.1521	169.3751
17:23:39	11.1980	49.2141	169.3796
17:23:44	10.8742	49.2759	169.3837
17:23:49	10.5504	49.3376	169.3881
17:23:54	10.2265	49.3993	169.3929
17:23:59	9.9027	49.4609	169.3970
17:24:04	9.5789	49.5224	169.4009
17:24:09	9.2550	49.5838	169.4050
17:24:14	8.9312	49.6451	169.4087
17:24:19	8.6073	49.7064	169.4109
17:24:24	8.2835	49.7676	169.4117
17:24:29	7.9596	49.8288	169.4129
17:24:34	7.6357	49.8898	169.4162
17:24:39	7.3118	49.9509	169.4196
17:24:44	6.9879	50.0118	169.4220
17:24:49	6.6641	50.0727	169.4245
17:24:54	6.3402	50.1336	169.4273
17:24:59	6.0163	50.1944	169.4298
17:25:04	5.6924	50.2551	169.4316
17:25:09	5.3685	50.3158	169.4345
17:25:14	5.0445	50.3765	169.4362
17:25:19	4.7206	50.4371	169.4381
17:25:24	4.3967	50.4977	169.4388
17:25:29	4.0728	50.5583	169.4386
17:25:34	3.7489	50.6188	169.4398
17:25:39	3.4250	50.6793	169.4422
17:25:44	3.1011	50.7398	169.4432
17:25:49	2.7772	50.8002	169.4446
17:25:54	2.4532	50.8606	169.4445
17:25:59	2.1293	50.9210	169.4465
17:26:04	1.8054	50.9814	169.4470
17:26:09	1.4815	51.0418	169.4471
17:26:14	1.1576	51.1021	169.4482
17:26:19	0.8337	51.1625	169.4481
17:26:24	0.5098	51.2228	169.4482
17:26:29	0.1859	51.2831	169.4478
17:26:34	-0.1380	51.3435	169.4477
17:26:39	-0.4618	51.4038	169.4477
17:26:44	-0.7857	51.4641	169.4476
17:26:49	-1.1096	51.5245	169.4474
17:26:54	-1.4334	51.5848	169.4471
17:26:59	-1.7573	51.6452	169.4459
17:27:04	-2.0812	51.7056	169.4452
17:27:09	-2.4050	51.7660	169.4446
17:27:14	-2.7288	51.8264	169.4438
17:27:19	-3.0527	51.8868	169.4422
17:27:24	-3.3765	51.9472	169.4409
17:27:29	-3.7003	52.0077	169.4400
17:27:34	-4.0241	52.0682	169.4401
17:27:39	-4.3479	52.1287	169.4390
17:27:44	-4.6717	52.1893	169.4374
17:27:49	-4.9954	52.2499	169.4312
23:59:59	-999.00	-999.00	-999.00
