2024/08/30 EARTHCARE
GMT	SUBLAT[N+]	SUBLON[W+]	HEADING
03:25:48	-4.8710	20.4731	10.5641
03:25:53	-4.5475	20.5336	10.5634
03:25:58	-4.2239	20.5941	10.5632
03:26:03	-3.9004	20.6546	10.5617
03:26:08	-3.5768	20.7151	10.5602
03:26:13	-3.2533	20.7755	10.5591
03:26:18	-2.9297	20.8359	10.5575
03:26:23	-2.6061	20.8963	10.5568
03:26:28	-2.2825	20.9566	10.5555
03:26:33	-1.9589	21.0170	10.5548
03:26:38	-1.6353	21.0773	10.5537
03:26:43	-1.3117	21.1376	10.5533
03:26:48	-0.9880	21.1979	10.5535
03:26:53	-0.6644	21.2582	10.5523
03:26:58	-0.3408	21.3185	10.5519
03:27:03	-0.0172	21.3788	8.7395
03:27:08	0.3067	21.4370	10.5520
03:27:13	0.6303	21.4973	10.5521
03:27:18	0.9540	21.5576	10.5521
03:27:23	1.2776	21.6179	10.5526
03:27:28	1.6013	21.6782	10.5526
03:27:33	1.9249	21.7385	10.5542
03:27:38	2.2486	21.7989	10.5546
03:27:43	2.5722	21.8592	10.5555
03:27:48	2.8959	21.9196	10.5569
03:27:53	3.2196	21.9800	10.5580
03:27:58	3.5432	22.0404	10.5587
03:28:03	3.8669	22.1009	10.5592
03:28:08	4.1905	22.1614	10.5593
03:28:13	4.5142	22.2219	10.5616
03:28:18	4.8379	22.2825	10.5629
03:28:23	5.1615	22.3431	10.5647
03:28:28	5.4852	22.4037	10.5668
03:28:33	5.8088	22.4644	10.5688
03:28:38	6.1325	22.5251	10.5713
03:28:43	6.4561	22.5859	10.5735
03:28:48	6.7797	22.6467	10.5770
03:28:53	7.1034	22.7076	10.5793
03:28:58	7.4270	22.7685	10.5821
03:29:03	7.7506	22.8295	10.5829
03:29:08	8.0742	22.8905	10.5842
03:29:13	8.3978	22.9517	10.5860
03:29:18	8.7214	23.0128	10.5893
03:29:23	9.0450	23.0741	10.5929
03:29:28	9.3686	23.1354	10.5963
03:29:33	9.6922	23.1968	10.6003
03:29:38	10.0157	23.2583	10.6037
03:29:43	10.3393	23.3199	10.6087
03:29:48	10.6629	23.3815	10.6124
03:29:53	10.9864	23.4432	10.6166
03:29:58	11.3099	23.5051	10.6212
03:30:03	11.6334	23.5670	10.6255
03:30:08	11.9569	23.6290	10.6278
03:30:13	12.2804	23.6911	10.6298
03:30:18	12.6039	23.7533	10.6338
03:30:23	12.9274	23.8156	10.6393
03:30:28	13.2509	23.8780	10.6442
03:30:33	13.5743	23.9405	10.6497
03:30:38	13.8977	24.0032	10.6557
03:30:43	14.2211	24.0659	10.6613
03:30:48	14.5445	24.1288	10.6682
03:30:53	14.8679	24.1918	10.6747
03:30:58	15.1913	24.2549	10.6807
03:31:03	15.5147	24.3182	10.6881
03:31:08	15.8380	24.3815	10.6909
03:31:13	16.1613	24.4451	10.6943
03:31:18	16.4846	24.5087	10.6980
03:31:23	16.8079	24.5725	10.7055
03:31:28	17.1312	24.6364	10.7124
03:31:33	17.4544	24.7005	10.7207
03:31:38	17.7777	24.7648	10.7286
03:31:43	18.1009	24.8292	10.7361
03:31:48	18.4241	24.8937	10.7446
03:31:53	18.7472	24.9585	10.7530
03:31:58	19.0704	25.0234	10.7625
03:32:03	19.3935	25.0884	10.7707
03:32:08	19.7166	25.1536	10.7784
03:32:13	20.0397	25.2191	10.7833
03:32:18	20.3628	25.2847	10.7878
03:32:23	20.6858	25.3504	10.7958
03:32:28	21.0089	25.4164	10.8051
03:32:33	21.3318	25.4826	10.8147
03:32:38	21.6548	25.5489	10.8252
03:32:43	21.9778	25.6155	10.8355
03:32:48	22.3007	25.6823	10.8469
03:32:53	22.6236	25.7493	10.8578
03:32:58	22.9465	25.8165	10.8689
03:33:03	23.2693	25.8839	10.8813
03:33:08	23.5921	25.9515	10.8929
03:33:13	23.9149	26.0194	10.9004
03:33:18	24.2377	26.0875	10.9065
03:33:23	24.5604	26.1559	10.9135
03:33:28	24.8831	26.2244	10.9264
04:58:21	-4.8711	43.6081	10.5648
04:58:26	-4.5476	43.6686	10.5634
04:58:31	-4.2241	43.7291	10.5622
04:58:36	-3.9005	43.7896	10.5618
04:58:41	-3.5769	43.8501	10.5600
04:58:46	-3.2534	43.9105	10.5590
04:58:51	-2.9298	43.9709	10.5583
04:58:56	-2.6062	44.0313	10.5566
04:59:01	-2.2826	44.0916	10.5553
04:59:06	-1.9590	44.1520	10.5548
04:59:11	-1.6354	44.2123	10.5537
04:59:16	-1.3118	44.2726	10.5533
04:59:21	-0.9881	44.3329	10.5525
04:59:26	-0.6645	44.3932	10.5533
04:59:31	-0.3409	44.4535	10.5526
04:59:36	-0.0172	44.5138	9.7136
04:59:41	0.3065	44.5731	10.5518
04:59:46	0.6302	44.6334	10.5521
04:59:51	0.9538	44.6937	10.5521
04:59:56	1.2775	44.7540	10.5525
05:00:01	1.6012	44.8143	10.5535
05:00:06	1.9248	44.8746	10.5540
05:00:11	2.2485	44.9350	10.5546
05:00:16	2.5721	44.9954	10.5553
05:00:21	2.8958	45.0557	10.5559
05:00:26	3.2195	45.1161	10.5578
05:00:31	3.5431	45.1766	10.5586
05:00:36	3.8668	45.2370	10.5590
05:00:41	4.1905	45.2975	10.5600
05:00:46	4.5141	45.3580	10.5607
05:00:51	4.8378	45.4186	10.5627
05:00:56	5.1614	45.4792	10.5644
05:01:01	5.4851	45.5398	10.5658
05:01:06	5.8088	45.6005	10.5688
05:01:11	6.1324	45.6612	10.5711
05:01:16	6.4560	45.7220	10.5742
05:01:21	6.7797	45.7828	10.5768
05:01:26	7.1033	45.8437	10.5791
05:01:31	7.4269	45.9046	10.5820
05:01:36	7.7506	45.9656	10.5836
05:01:41	8.0742	46.0267	10.5840
05:01:46	8.3978	46.0878	10.5858
05:01:51	8.7214	46.1490	10.5891
05:01:56	9.0450	46.2102	10.5929
05:02:01	9.3686	46.2716	10.5963
05:02:06	9.6922	46.3330	10.6010
05:02:11	10.0157	46.3944	10.6037
05:02:16	10.3393	46.4560	10.6086
05:02:21	10.6629	46.5177	10.6121
05:02:26	10.9864	46.5794	10.6173
05:02:31	11.3099	46.6412	10.6219
05:02:36	11.6335	46.7031	10.6254
05:02:41	11.9570	46.7651	10.6268
05:02:46	12.2805	46.8272	10.6295
05:02:51	12.6040	46.8894	10.6328
05:02:56	12.9274	46.9517	10.6381
05:03:01	13.2509	47.0142	10.6440
05:03:06	13.5743	47.0767	10.6504
05:03:11	13.8978	47.1393	10.6556
05:03:16	14.2212	47.2021	10.6610
05:03:21	14.5446	47.2649	10.6679
05:03:26	14.8680	47.3279	10.6745
05:03:31	15.1914	47.3911	10.6804
05:03:36	15.5147	47.4543	10.6871
05:03:41	15.8381	47.5177	10.6915
05:03:46	16.1614	47.5812	10.6949
05:03:51	16.4847	47.6449	10.6978
05:03:56	16.8080	47.7087	10.7053
05:04:01	17.1313	47.7726	10.7124
05:04:06	17.4545	47.8367	10.7206
05:04:11	17.7778	47.9009	10.7285
05:04:16	18.1010	47.9653	10.7367
05:04:21	18.4242	48.0299	10.7446
05:04:26	18.7474	48.0946	10.7536
05:04:31	19.0705	48.1595	10.7614
05:04:36	19.3937	48.2246	10.7705
05:04:41	19.7168	48.2898	10.7782
05:04:46	20.0399	48.3552	10.7832
05:04:51	20.3629	48.4208	10.7877
05:04:56	20.6860	48.4866	10.7956
05:05:01	21.0090	48.5526	10.8049
05:05:06	21.3320	48.6188	10.8153
05:05:11	21.6550	48.6851	10.8252
05:05:16	21.9779	48.7517	10.8354
05:05:21	22.3009	48.8185	10.8476
05:05:26	22.6238	48.8854	10.8576
05:05:31	22.9466	48.9526	10.8695
05:05:36	23.2695	49.0201	10.8809
05:05:41	23.5923	49.0877	10.8928
05:05:46	23.9151	49.1556	10.9002
05:05:51	24.2378	49.2237	10.9063
05:05:56	24.5606	49.2920	10.9141
05:06:01	24.8833	49.3606	10.9261
14:54:39	24.8894	10.0397	169.0741
14:54:44	24.5663	10.1084	169.0871
14:54:49	24.2431	10.1768	169.0942
14:54:54	23.9199	10.2450	169.1006
14:54:59	23.5966	10.3129	169.1088
14:55:04	23.2734	10.3806	169.1207
14:55:09	22.9501	10.4481	169.1322
14:55:14	22.6267	10.5154	169.1435
14:55:19	22.3034	10.5824	169.1546
14:55:24	21.9800	10.6493	169.1654
14:55:29	21.6566	10.7159	169.1763
14:55:34	21.3331	10.7824	169.1865
14:55:39	21.0097	10.8486	169.1970
14:55:44	20.6862	10.9146	169.2070
14:55:49	20.3627	10.9805	169.2137
14:55:54	20.0392	11.0461	169.2193
14:55:59	19.7156	11.1116	169.2233
14:56:04	19.3920	11.1769	169.2313
14:56:09	19.0684	11.2420	169.2404
14:56:14	18.7448	11.3070	169.2494
14:56:19	18.4212	11.3718	169.2576
14:56:24	18.0975	11.4364	169.2665
14:56:29	17.7738	11.5008	169.2741
14:56:34	17.4501	11.5652	169.2821
14:56:39	17.1264	11.6293	169.2897
14:56:44	16.8026	11.6933	169.2976
14:56:49	16.4789	11.7572	169.3046
14:56:54	16.1551	11.8209	169.3092
14:56:59	15.8313	11.8845	169.3117
14:57:04	15.5075	11.9479	169.3156
14:57:09	15.1836	12.0112	169.3222
14:57:14	14.8598	12.0744	169.3294
14:57:19	14.5359	12.1374	169.3352
14:57:24	14.2120	12.2004	169.3413
14:57:29	13.8881	12.2632	169.3479
14:57:34	13.5642	12.3259	169.3530
14:57:39	13.2403	12.3885	169.3595
14:57:44	12.9163	12.4509	169.3640
14:57:49	12.5924	12.5133	169.3703
14:57:54	12.2684	12.5756	169.3737
14:57:59	11.9444	12.6377	169.3766
14:58:04	11.6204	12.6998	169.3781
14:58:09	11.2964	12.7618	169.3827
14:58:14	10.9724	12.8236	169.3873
14:58:19	10.6484	12.8854	169.3917
14:58:24	10.3243	12.9471	169.3954
14:58:29	10.0003	13.0087	169.3997
14:58:34	9.6762	13.0703	169.4033
14:58:39	9.3522	13.1317	169.4075
14:58:44	9.0281	13.1931	169.4109
14:58:49	8.7040	13.2544	169.4148
14:58:54	8.3799	13.3157	169.4182
14:58:59	8.0558	13.3769	169.4202
14:59:04	7.7317	13.4380	169.4207
14:59:09	7.4076	13.4990	169.4225
14:59:14	7.0835	13.5600	169.4255
14:59:19	6.7594	13.6209	169.4279
14:59:24	6.4352	13.6818	169.4316
14:59:29	6.1111	13.7426	169.4339
14:59:34	5.7870	13.8034	169.4357
14:59:39	5.4628	13.8642	169.4378
14:59:44	5.1387	13.9249	169.4402
14:59:49	4.8145	13.9855	169.4422
14:59:54	4.4904	14.0461	169.4442
14:59:59	4.1662	14.1067	169.4459
15:00:04	3.8421	14.1673	169.4462
15:00:09	3.5179	14.2278	169.4468
15:00:14	3.1937	14.2883	169.4468
15:00:19	2.8696	14.3487	169.4489
15:00:24	2.5454	14.4092	169.4498
15:00:29	2.2213	14.4696	169.4507
15:00:34	1.8971	14.5300	169.4512
15:00:39	1.5730	14.5904	169.4521
15:00:44	1.2488	14.6507	169.4522
15:00:49	0.9247	14.7111	169.4538
15:00:54	0.6005	14.7715	169.4529
15:00:59	0.2764	14.8318	169.4532
15:01:04	-0.0478	14.8922	169.4530
15:01:09	-0.3719	14.9525	169.4533
15:01:14	-0.6960	15.0129	169.4529
15:01:19	-1.0202	15.0732	169.4528
15:01:24	-1.3443	15.1336	169.4531
15:01:29	-1.6684	15.1940	169.4518
15:01:34	-1.9925	15.2544	169.4510
15:01:39	-2.3166	15.3148	169.4497
15:01:44	-2.6407	15.3752	169.4486
15:01:49	-2.9648	15.4356	169.4479
15:01:54	-3.2889	15.4961	169.4466
15:01:59	-3.6130	15.5566	169.4449
15:02:04	-3.9370	15.6171	169.4444
15:02:09	-4.2611	15.6776	169.4430
15:02:14	-4.5851	15.7382	169.4422
15:02:19	-4.9092	15.7988	169.4415
16:27:11	24.8907	33.1752	169.0740
16:27:16	24.5675	33.2439	169.0878
16:27:21	24.2443	33.3123	169.0943
16:27:26	23.9211	33.3805	169.1013
16:27:31	23.5979	33.4484	169.1087
16:27:36	23.2746	33.5161	169.1206
16:27:41	22.9513	33.5836	169.1315
16:27:46	22.6280	33.6509	169.1436
16:27:51	22.3047	33.7179	169.1545
16:27:56	21.9813	33.7848	169.1653
16:28:01	21.6579	33.8514	169.1764
16:28:06	21.3344	33.9178	169.1865
16:28:11	21.0110	33.9841	169.1970
16:28:16	20.6875	34.0501	169.2071
16:28:21	20.3640	34.1159	169.2146
16:28:26	20.0405	34.1816	169.2191
16:28:31	19.7169	34.2471	169.2234
16:28:36	19.3934	34.3124	169.2314
16:28:41	19.0698	34.3775	169.2406
16:28:46	18.7461	34.4425	169.2492
16:28:51	18.4225	34.5072	169.2577
16:28:56	18.0988	34.5719	169.2664
16:29:01	17.7752	34.6363	169.2740
16:29:06	17.4514	34.7006	169.2820
16:29:11	17.1277	34.7648	169.2904
16:29:16	16.8040	34.8288	169.2977
16:29:21	16.4802	34.8927	169.3051
16:29:26	16.1564	34.9564	169.3091
16:29:31	15.8326	35.0199	169.3126
16:29:36	15.5088	35.0834	169.3155
16:29:41	15.1850	35.1467	169.3221
16:29:46	14.8611	35.2099	169.3285
16:29:51	14.5373	35.2729	169.3359
16:29:56	14.2134	35.3359	169.3412
16:30:01	13.8895	35.3987	169.3478
16:30:06	13.5656	35.4614	169.3530
16:30:11	13.2417	35.5240	169.3587
16:30:16	12.9177	35.5864	169.3646
16:30:21	12.5938	35.6488	169.3702
16:30:26	12.2698	35.7111	169.3745
16:30:31	11.9458	35.7732	169.3765
16:30:36	11.6218	35.8353	169.3788
16:30:41	11.2978	35.8972	169.3817
16:30:46	10.9738	35.9591	169.3865
16:30:51	10.6498	36.0209	169.3916
16:30:56	10.3258	36.0826	169.3956
16:31:01	10.0017	36.1442	169.3996
16:31:06	9.6777	36.2058	169.4033
16:31:11	9.3536	36.2672	169.4080
16:31:16	9.0295	36.3286	169.4118
16:31:21	8.7054	36.3899	169.4155
16:31:26	8.3814	36.4512	169.4179
16:31:31	8.0573	36.5123	169.4200
16:31:36	7.7332	36.5734	169.4215
16:31:41	7.4090	36.6345	169.4225
16:31:46	7.0849	36.6955	169.4255
16:31:51	6.7608	36.7564	169.4280
16:31:56	6.4367	36.8173	169.4308
16:32:01	6.1126	36.8781	169.4330
16:32:06	5.7884	36.9389	169.4365
16:32:11	5.4643	36.9996	169.4378
16:32:16	5.1401	37.0603	169.4401
16:32:21	4.8160	37.1210	169.4421
16:32:26	4.4918	37.1816	169.4442
16:32:31	4.1677	37.2422	169.4451
16:32:36	3.8435	37.3027	169.4462
16:32:41	3.5194	37.3632	169.4459
16:32:46	3.1952	37.4237	169.4467
16:32:51	2.8711	37.4842	169.4488
16:32:56	2.5469	37.5446	169.4495
16:33:01	2.2228	37.6051	169.4505
16:33:06	1.8986	37.6655	169.4512
16:33:11	1.5745	37.7258	169.4519
16:33:16	1.2503	37.7862	169.4521
16:33:21	0.9262	37.8466	169.4528
16:33:26	0.6020	37.9069	169.4538
16:33:31	0.2779	37.9673	169.4532
16:33:36	-0.0462	38.0276	169.4530
16:33:41	-0.3704	38.0880	169.4531
16:33:46	-0.6945	38.1483	169.4527
16:33:51	-1.0186	38.2087	169.4535
16:33:56	-1.3428	38.2691	169.4521
16:34:01	-1.6669	38.3294	169.4518
16:34:06	-1.9910	38.3898	169.4510
16:34:11	-2.3151	38.4502	169.4504
16:34:16	-2.6392	38.5106	169.4494
16:34:21	-2.9633	38.5711	169.4479
16:34:26	-3.2873	38.6315	169.4464
16:34:31	-3.6114	38.6920	169.4457
16:34:36	-3.9355	38.7525	169.4432
16:34:41	-4.2595	38.8131	169.4429
16:34:46	-4.5836	38.8737	169.4420
16:34:51	-4.9076	38.9343	169.4415
17:59:44	24.8891	56.3105	169.0746
17:59:49	24.5660	56.3791	169.0876
17:59:54	24.2428	56.4475	169.0940
17:59:59	23.9196	56.5157	169.1012
18:00:04	23.5963	56.5837	169.1086
18:00:09	23.2731	56.6514	169.1205
18:00:14	22.9498	56.7189	169.1322
18:00:19	22.6264	56.7861	169.1433
18:00:24	22.3031	56.8532	169.1544
18:00:29	21.9797	56.9200	169.1660
18:00:34	21.6563	56.9867	169.1763
18:00:39	21.3329	57.0531	169.1863
18:00:44	21.0094	57.1193	169.1968
18:00:49	20.6860	57.1853	169.2070
18:00:54	20.3625	57.2512	169.2145
18:00:59	20.0389	57.3168	169.2190
18:01:04	19.7154	57.3823	169.2241
18:01:09	19.3918	57.4476	169.2321
18:01:14	19.0682	57.5127	169.2404
18:01:19	18.7446	57.5777	169.2499
18:01:24	18.4209	57.6425	169.2576
18:01:29	18.0973	57.7071	169.2654
18:01:34	17.7736	57.7716	169.2747
18:01:39	17.4499	57.8359	169.2826
18:01:44	17.1262	57.9000	169.2904
18:01:49	16.8024	57.9640	169.2974
18:01:54	16.4787	58.0279	169.3052
18:01:59	16.1549	58.0916	169.3082
18:02:04	15.8311	58.1552	169.3117
18:02:09	15.5073	58.2186	169.3154
18:02:14	15.1835	58.2819	169.3229
18:02:19	14.8596	58.3451	169.3292
18:02:24	14.5357	58.4082	169.3348
18:02:29	14.2119	58.4711	169.3412
18:02:34	13.8880	58.5339	169.3475
18:02:39	13.5641	58.5966	169.3538
18:02:44	13.2401	58.6592	169.3586
18:02:49	12.9162	58.7216	169.3645
18:02:54	12.5922	58.7840	169.3701
18:02:59	12.2683	58.8463	169.3742
18:03:04	11.9443	58.9084	169.3764
18:03:09	11.6203	58.9705	169.3781
18:03:14	11.2963	59.0325	169.3825
18:03:19	10.9723	59.0943	169.3871
18:03:24	10.6483	59.1561	169.3916
18:03:29	10.3242	59.2178	169.3962
18:03:34	10.0002	59.2794	169.4004
18:03:39	9.6761	59.3410	169.4041
18:03:44	9.3521	59.4024	169.4080
18:03:49	9.0280	59.4638	169.4107
18:03:54	8.7039	59.5251	169.4155
18:03:59	8.3798	59.5864	169.4179
18:04:04	8.0557	59.6475	169.4200
18:04:09	7.7316	59.7087	169.4207
18:04:14	7.4075	59.7697	169.4225
18:04:19	7.0834	59.8307	169.4253
18:04:24	6.7593	59.8916	169.4288
18:04:29	6.4352	59.9525	169.4314
18:04:34	6.1110	60.0133	169.4337
18:04:39	5.7869	60.0741	169.4357
18:04:44	5.4628	60.1349	169.4385
18:04:49	5.1386	60.1955	169.4409
18:04:54	4.8145	60.2562	169.4419
18:04:59	4.4903	60.3168	169.4442
18:05:04	4.1662	60.3774	169.4449
18:05:09	3.8420	60.4379	169.4452
18:05:14	3.5179	60.4985	169.4466
18:05:19	3.1937	60.5589	169.4468
18:05:24	2.8696	60.6194	169.4480
18:05:29	2.5454	60.6798	169.4495
18:05:34	2.2213	60.7403	169.4507
18:05:39	1.8971	60.8007	169.4510
18:05:44	1.5730	60.8611	169.4519
18:05:49	1.2488	60.9214	169.4529
18:05:54	0.9247	60.9818	169.4528
18:05:59	0.6005	61.0421	169.4527
18:06:04	0.2764	61.1025	169.4532
18:06:09	-0.0478	61.1628	169.4530
18:06:14	-0.3719	61.2232	169.4540
18:06:19	-0.6960	61.2835	169.4527
18:06:24	-1.0201	61.3439	169.4533
18:06:29	-1.3443	61.4043	169.4521
18:06:34	-1.6684	61.4646	169.4518
18:06:39	-1.9925	61.5250	169.4508
18:06:44	-2.3166	61.5854	169.4504
18:06:49	-2.6407	61.6458	169.4494
18:06:54	-2.9648	61.7063	169.4479
18:06:59	-3.2888	61.7667	169.4466
18:07:04	-3.6129	61.8272	169.4456
18:07:09	-3.9370	61.8877	169.4442
18:07:14	-4.2610	61.9483	169.4437
18:07:19	-4.5851	62.0089	169.4429
18:07:24	-4.9091	62.0695	169.4414
23:59:59	-999.00	-999.00	-999.00
