2024/09/17 EARTHCARE
GMT	SUBLAT[N+]	SUBLON[W+]	HEADING
04:50:28	-5.0028	41.7260	10.5680
04:50:33	-4.6793	41.7866	10.5656
04:50:38	-4.3558	41.8471	10.5647
04:50:43	-4.0323	41.9076	10.5617
04:50:48	-3.7087	41.9681	10.5602
04:50:53	-3.3852	42.0285	10.5600
04:50:58	-3.0616	42.0889	10.5579
04:51:03	-2.7380	42.1493	10.5577
04:51:08	-2.4145	42.2097	10.5566
04:51:13	-2.0909	42.2700	10.5561
04:51:18	-1.7673	42.3303	10.5551
04:51:23	-1.4437	42.3907	10.5548
04:51:28	-1.1200	42.4510	10.5548
04:51:33	-0.7964	42.5113	10.5539
04:51:38	-0.4728	42.5716	10.5534
04:51:43	-0.1492	42.6319	10.5527
04:51:48	0.1776	42.6912	10.5545
04:51:53	0.5013	42.7515	10.5539
04:51:58	0.8249	42.8118	10.5541
04:52:03	1.1486	42.8721	10.5545
04:52:08	1.4723	42.9325	10.5547
04:52:13	1.7959	42.9928	10.5545
04:52:18	2.1196	43.0532	10.5557
04:52:23	2.4433	43.1135	10.5567
04:52:28	2.7670	43.1739	10.5573
04:52:33	3.0907	43.2343	10.5576
04:52:38	3.4143	43.2948	10.5592
04:52:43	3.7380	43.3552	10.5608
04:52:48	4.0617	43.4157	10.5627
04:52:53	4.3854	43.4762	10.5635
04:52:58	4.7091	43.5368	10.5656
04:53:03	5.0328	43.5974	10.5675
04:53:08	5.3565	43.6580	10.5681
04:53:13	5.6801	43.7187	10.5690
04:53:18	6.0038	43.7794	10.5700
04:53:23	6.3275	43.8402	10.5731
04:53:28	6.6512	43.9010	10.5739
04:53:33	6.9749	43.9619	10.5774
04:53:38	7.2985	44.0228	10.5793
04:53:43	7.6222	44.0838	10.5828
04:53:48	7.9458	44.1448	10.5860
04:53:53	8.2695	44.2059	10.5887
04:53:58	8.5932	44.2671	10.5929
04:54:03	8.9168	44.3284	10.5967
04:54:08	9.2404	44.3897	10.5984
04:54:13	9.5641	44.4511	10.5998
04:54:18	9.8877	44.5125	10.6018
04:54:23	10.2113	44.5741	10.6050
04:54:28	10.5349	44.6357	10.6088
04:54:33	10.8585	44.6974	10.6140
04:54:38	11.1821	44.7592	10.6179
04:54:43	11.5057	44.8211	10.6230
04:54:48	11.8293	44.8831	10.6271
04:54:53	12.1529	44.9452	10.6326
04:54:58	12.4764	45.0074	10.6382
04:55:03	12.8000	45.0696	10.6430
04:55:08	13.1235	45.1320	10.6481
04:55:13	13.4470	45.1945	10.6512
04:55:18	13.7705	45.2572	10.6529
04:55:23	14.0940	45.3199	10.6570
04:55:28	14.4175	45.3827	10.6623
04:55:33	14.7410	45.4457	10.6688
04:55:38	15.0644	45.5088	10.6752
04:55:43	15.3879	45.5720	10.6817
04:55:48	15.7113	45.6354	10.6879
04:55:53	16.0347	45.6988	10.6956
04:55:58	16.3581	45.7625	10.7027
04:56:03	16.6815	45.8262	10.7102
04:56:08	17.0048	45.8901	10.7173
04:56:13	17.3282	45.9542	10.7233
04:56:18	17.6515	46.0184	10.7271
04:56:23	17.9748	46.0828	10.7305
04:56:28	18.2981	46.1473	10.7377
04:56:33	18.6214	46.2120	10.7452
04:56:38	18.9446	46.2768	10.7540
04:56:43	19.2679	46.3418	10.7623
04:56:48	19.5911	46.4070	10.7718
04:56:53	19.9143	46.4724	10.7808
06:23:03	-4.8675	64.8912	10.5655
06:23:08	-4.5440	64.9517	10.5648
06:23:12	-4.2770	65.0017	339.2754
17:53:19	19.7491	55.5442	169.2278
17:53:24	19.4255	55.6095	169.2365
17:53:29	19.1020	55.6747	169.2456
17:53:34	18.7784	55.7397	169.2542
17:53:39	18.4548	55.8045	169.2585
17:53:44	18.1312	55.8691	169.2615
17:53:49	17.8075	55.9336	169.2665
17:53:54	17.4838	55.9979	169.2752
17:53:59	17.1602	56.0621	169.2828
17:54:04	16.8365	56.1261	169.2906
17:54:09	16.5127	56.1900	169.2980
17:54:14	16.1890	56.2537	169.3052
17:54:19	15.8653	56.3173	169.3127
17:54:24	15.5415	56.3807	169.3188
17:54:29	15.2177	56.4441	169.3263
17:54:34	14.8939	56.5072	169.3324
17:54:39	14.5701	56.5703	169.3365
17:54:44	14.2463	56.6333	169.3401
17:54:49	13.9224	56.6961	169.3432
17:54:54	13.5986	56.7588	169.3467
17:54:59	13.2747	56.8214	169.3532
17:55:04	12.9508	56.8839	169.3590
17:55:09	12.6269	56.9462	169.3644
17:55:14	12.3030	57.0085	169.3702
17:55:19	11.9791	57.0707	169.3740
17:55:24	11.6552	57.1327	169.3790
17:55:29	11.3313	57.1947	169.3849
17:55:34	11.0073	57.2566	169.3889
17:55:39	10.6834	57.3184	169.3939
17:55:44	10.3594	57.3801	169.3950
17:55:49	10.0354	57.4417	169.3966
17:55:54	9.7114	57.5033	169.3993
17:55:59	9.3875	57.5647	169.4033
17:56:04	9.0635	57.6261	169.4068
17:56:09	8.7395	57.6874	169.4097
17:56:14	8.4155	57.7487	169.4138
17:56:19	8.0914	57.8098	169.4173
17:56:24	7.7674	57.8710	169.4206
17:56:29	7.4434	57.9320	169.4230
17:56:34	7.1194	57.9930	169.4259
17:56:39	6.7953	58.0539	169.4284
17:56:44	6.4713	58.1148	169.4311
17:56:49	6.1473	58.1756	169.4325
17:56:54	5.8232	58.2364	169.4333
17:56:59	5.4992	58.2971	169.4344
17:57:04	5.1751	58.3578	169.4366
17:57:09	4.8511	58.4185	169.4384
17:57:14	4.5270	58.4791	169.4406
17:57:19	4.2030	58.5397	169.4422
17:57:24	3.8789	58.6002	169.4441
17:57:29	3.5549	58.6607	169.4454
17:57:34	3.2308	58.7212	169.4462
17:57:39	2.9068	58.7817	169.4474
17:57:44	2.5827	58.8421	169.4481
17:57:49	2.2587	58.9025	169.4491
17:57:54	1.9347	58.9629	169.4495
17:57:59	1.6106	59.0233	169.4493
17:58:04	1.2866	59.0836	169.4503
17:58:09	0.9626	59.1440	169.4507
17:58:14	0.6385	59.2043	169.4509
17:58:19	0.3145	59.2647	169.4511
17:58:24	-0.0095	59.3250	169.4509
17:58:29	-0.3335	59.3854	169.4510
17:58:34	-0.6575	59.4457	169.4514
17:58:39	-0.9815	59.5061	169.4503
17:58:44	-1.3055	59.5664	169.4496
17:58:49	-1.6295	59.6268	169.4493
17:58:54	-1.9535	59.6871	169.4483
17:58:59	-2.2774	59.7475	169.4484
17:59:04	-2.6014	59.8079	169.4482
17:59:09	-2.9254	59.8684	169.4465
17:59:14	-3.2493	59.9288	169.4451
17:59:19	-3.5732	59.9893	169.4441
17:59:24	-3.8972	60.0498	169.4434
17:59:29	-4.2211	60.1103	169.4413
17:59:34	-4.5450	60.1709	169.4395
17:59:39	-4.8689	60.2314	169.4373
23:59:59	-999.00	-999.00	-999.00
