2024/10/15 EARTHCARE
GMT	SUBLAT[N+]	SUBLON[W+]	HEADING
05:16:55	-4.9352	48.4531	10.5697
05:17:00	-4.6115	48.5137	10.5674
05:17:05	-4.2877	48.5743	10.5656
05:17:10	-3.9640	48.6348	10.5634
05:17:15	-3.6402	48.6953	10.5627
05:17:20	-3.3164	48.7558	10.5631
05:17:25	-2.9926	48.8163	10.5618
05:17:30	-2.6687	48.8767	10.5601
05:17:35	-2.3449	48.9372	10.5590
05:17:40	-2.0211	48.9976	10.5582
05:17:45	-1.6973	49.0580	10.5582
05:17:50	-1.3734	49.1183	10.5568
05:17:55	-1.0496	49.1787	10.5563
05:18:00	-0.7257	49.2391	10.5559
05:18:05	-0.4018	49.2994	10.5554
05:18:10	-0.0780	49.3598	10.5554
05:18:15	0.2459	49.4201	10.5560
05:18:20	0.5698	49.4805	10.5554
05:18:25	0.8937	49.5408	10.5561
05:18:30	1.2175	49.6012	10.5556
05:18:35	1.5414	49.6616	10.5567
05:18:40	1.8653	49.7220	10.5566
05:18:45	2.1892	49.7824	10.5569
05:18:50	2.5131	49.8428	10.5579
05:18:55	2.8370	49.9032	10.5592
05:19:00	3.1609	49.9637	10.5605
05:19:05	3.4848	50.0242	10.5613
05:19:10	3.8087	50.0847	10.5635
05:19:15	4.1326	50.1452	10.5645
05:19:20	4.4565	50.2058	10.5651
05:19:25	4.7804	50.2664	10.5655
05:19:30	5.1043	50.3271	10.5672
05:19:35	5.4282	50.3878	10.5695
05:19:40	5.7521	50.4485	10.5705
05:19:45	6.0760	50.5093	10.5731
05:19:50	6.3998	50.5701	10.5751
05:19:55	6.7237	50.6310	10.5780
05:20:00	7.0476	50.6919	10.5812
05:20:05	7.3715	50.7529	10.5831
05:20:10	7.6953	50.8140	10.5866
05:20:15	8.0192	50.8751	10.5896
05:20:20	8.3430	50.9363	10.5923
05:20:25	8.6669	50.9975	10.5938
05:20:30	8.9907	51.0588	10.5949
05:20:35	9.3146	51.1202	10.5974
05:20:40	9.6384	51.1816	10.6014
05:20:45	9.9622	51.2432	10.6058
05:20:50	10.2860	51.3048	10.6091
05:20:55	10.6098	51.3665	10.6136
05:21:00	10.9336	51.4283	10.6187
05:21:05	11.2574	51.4901	10.6225
05:21:10	11.5812	51.5521	10.6277
05:21:15	11.9049	51.6142	10.6324
05:21:20	12.2287	51.6763	10.6379
05:21:25	12.5524	51.7386	10.6401
05:21:30	12.8762	51.8009	10.6431
05:21:35	13.1999	51.8634	10.6447
05:21:40	13.5236	51.9260	10.6503
05:21:45	13.8473	51.9887	10.6561
05:21:50	14.1709	52.0515	10.6617
05:21:55	14.4946	52.1144	10.6686
05:22:00	14.8183	52.1774	10.6751
05:22:05	15.1419	52.2406	10.6814
05:22:10	15.4655	52.3039	10.6878
05:22:15	15.7891	52.3673	10.6949
05:22:20	16.1127	52.4309	10.7014
05:22:25	16.4363	52.4946	10.7086
05:22:30	16.7598	52.5585	10.7118
05:22:35	17.0833	52.6225	10.7147
05:22:40	17.4069	52.6866	10.7198
05:22:45	17.7304	52.7509	10.7285
05:22:50	18.0538	52.8153	10.7368
05:22:55	18.3773	52.8800	10.7445
05:23:00	18.7007	52.9447	10.7528
05:23:05	19.0241	53.0097	10.7616
05:23:10	19.3475	53.0748	10.7705
05:23:15	19.6709	53.1401	10.7799
05:23:20	19.9943	53.2055	10.7891
16:48:19	15.0031	40.0379	169.3215
16:48:24	14.6795	40.1011	169.3271
16:48:29	14.3558	40.1641	169.3339
16:48:34	14.0322	40.2269	169.3395
16:48:39	13.7085	40.2897	169.3444
16:48:44	13.3848	40.3523	169.3466
16:48:49	13.0611	40.4148	169.3490
16:48:54	12.7374	40.4773	169.3534
16:48:59	12.4136	40.5396	169.3592
16:49:04	12.0899	40.6018	169.3636
16:49:09	11.7661	40.6639	169.3693
16:49:14	11.4424	40.7259	169.3744
16:49:19	11.1186	40.7879	169.3790
16:49:24	10.7948	40.8497	169.3830
16:49:29	10.4710	40.9114	169.3875
16:49:34	10.1472	40.9731	169.3915
16:49:39	9.8234	41.0347	169.3961
16:49:44	9.4996	41.0962	169.3971
16:49:49	9.1757	41.1576	169.3989
16:49:54	8.8519	41.2189	169.4008
16:49:59	8.5280	41.2802	169.4047
16:50:04	8.2042	41.3414	169.4084
16:50:09	7.8803	41.4026	169.4113
16:50:14	7.5565	41.4637	169.4146
16:50:19	7.2326	41.5247	169.4176
16:50:24	6.9087	41.5856	169.4198
16:50:29	6.5849	41.6466	169.4224
16:50:34	6.2610	41.7074	169.4254
16:50:39	5.9371	41.7682	169.4279
16:50:44	5.6132	41.8290	169.4290
16:50:49	5.2893	41.8897	169.4301
16:50:54	4.9654	41.9504	169.4311
16:50:59	4.6415	42.0110	169.4331
16:51:04	4.3176	42.0716	169.4345
16:51:09	3.9937	42.1322	169.4356
16:51:14	3.6698	42.1927	169.4369
16:51:19	3.3459	42.2532	169.4394
16:51:24	3.0220	42.3137	169.4405
16:51:29	2.6981	42.3741	169.4410
16:51:34	2.3742	42.4346	169.4426
16:51:39	2.0503	42.4950	169.4430
16:51:44	1.7265	42.5554	169.4435
16:51:49	1.4026	42.6158	169.4437
16:51:54	1.0787	42.6761	169.4441
16:51:59	0.7548	42.7365	169.4439
16:52:04	0.4309	42.7969	169.4449
16:52:09	0.1070	42.8572	169.4439
16:52:14	-0.2168	42.9176	169.4447
16:52:19	-0.5407	42.9779	169.4441
16:52:24	-0.8646	43.0383	169.4437
16:52:29	-1.1884	43.0986	169.4431
16:52:34	-1.5123	43.1590	169.4434
16:52:39	-1.8361	43.2194	169.4416
16:52:44	-2.1599	43.2798	169.4417
16:52:49	-2.4838	43.3402	169.4397
16:52:54	-2.8076	43.4006	169.4404
16:52:59	-3.1314	43.4611	169.4389
16:53:04	-3.4552	43.5215	169.4386
16:53:09	-3.7790	43.5820	169.4369
16:53:14	-4.1028	43.6426	169.4356
16:53:19	-4.4265	43.7031	169.4339
16:53:24	-4.7503	43.7637	169.4322
18:19:35	20.0000	62.1810	169.2157
18:19:40	19.6766	62.2465	169.2191
18:19:45	19.3533	62.3118	169.2238
18:19:50	19.0299	62.3769	169.2323
18:19:55	18.7065	62.4418	169.2410
18:20:00	18.3830	62.5066	169.2494
18:20:05	18.0596	62.5712	169.2574
18:20:10	17.7361	62.6357	169.2659
18:20:15	17.4126	62.7000	169.2738
18:20:20	17.0891	62.7641	169.2815
18:20:25	16.7655	62.8281	169.2896
18:20:30	16.4420	62.8920	169.2963
18:20:35	16.1184	62.9557	169.3036
18:20:40	15.7948	63.0192	169.3070
18:20:45	15.4712	63.0827	169.3100
18:20:50	15.1476	63.1460	169.3142
18:20:55	14.8240	63.2091	169.3204
18:21:00	14.5003	63.2722	169.3263
18:21:05	14.1767	63.3351	169.3333
18:21:10	13.8530	63.3979	169.3391
18:21:15	13.5293	63.4606	169.3452
18:21:20	13.2056	63.5232	169.3508
18:21:25	12.8819	63.5857	169.3560
18:21:30	12.5582	63.6480	169.3615
18:21:35	12.2344	63.7103	169.3667
18:21:40	11.9107	63.7724	169.3703
18:21:45	11.5869	63.8345	169.3718
18:21:50	11.2631	63.8965	169.3746
18:21:55	10.9394	63.9583	169.3778
18:22:00	10.6156	64.0201	169.3823
18:22:05	10.2918	64.0818	169.3868
18:22:10	9.9680	64.1434	169.3910
18:22:15	9.6441	64.2050	169.3956
18:22:20	9.3203	64.2664	169.3987
18:22:25	8.9965	64.3278	169.4022
18:22:30	8.6726	64.3891	169.4061
18:22:35	8.3488	64.4504	169.4094
18:22:40	8.0249	64.5115	169.4124
18:22:45	7.7011	64.5726	169.4147
18:22:50	7.3772	64.6337	169.4157
18:22:55	7.0533	64.6947	169.4168
18:23:00	6.7295	64.7556	169.4193
18:23:05	6.4056	64.8165	169.4222
18:23:10	6.0817	64.8773	169.4245
18:23:15	5.7578	64.9381	169.4270
18:23:20	5.4339	64.9988	169.4241
23:59:59	-999.00	-999.00	-999.00
