2024/08/22 EARTHCARE
GMT	SUBLAT[N+]	SUBLON[W+]	HEADING
02:39:11	5.3973	10.0243	10.5655
02:39:16	5.7212	10.0850	10.5666
02:39:21	6.0450	10.1457	10.5692
02:39:26	6.3689	10.2065	10.5721
02:39:31	6.6927	10.2674	10.5740
02:39:36	7.0165	10.3283	10.5774
02:39:41	7.3404	10.3892	10.5793
02:39:46	7.6642	10.4502	10.5829
02:39:51	7.9880	10.5113	10.5858
02:39:56	8.3118	10.5725	10.5893
02:40:01	8.6356	10.6337	10.5927
02:40:06	8.9594	10.6949	10.5939
02:40:11	9.2832	10.7563	10.5957
02:40:16	9.6070	10.8177	10.5970
02:40:21	9.9308	10.8792	10.6015
02:40:26	10.2545	10.9408	10.6056
02:40:31	10.5783	11.0024	10.6094
02:40:36	10.9020	11.0642	10.6144
02:40:41	11.2258	11.1260	10.6182
02:40:46	11.5495	11.1879	10.6234
02:40:51	11.8732	11.2500	10.6284
02:40:56	12.1969	11.3121	10.6329
02:41:01	12.5206	11.3743	10.6386
02:41:06	12.8443	11.4366	10.6425
02:41:11	13.1680	11.4991	10.6452
02:41:16	13.4916	11.5616	10.6465
02:41:21	13.8153	11.6243	10.6515
02:41:26	14.1389	11.6870	10.6580
02:41:31	14.4625	11.7499	10.6633
02:41:36	14.7861	11.8129	10.6707
02:41:41	15.1097	11.8760	10.6769
02:41:46	15.4333	11.9393	10.6826
02:41:51	15.7569	12.0027	10.6896
02:41:56	16.0804	12.0662	10.6964
02:42:01	16.4039	12.1299	10.7034
02:42:06	16.7274	12.1937	10.7118
02:42:11	17.0509	12.2576	10.7147
02:42:16	17.3744	12.3217	10.7190
02:42:21	17.6978	12.3860	10.7237
02:42:26	18.0213	12.4504	10.7313
02:42:31	18.3447	12.5150	10.7391
02:42:36	18.6681	12.5797	10.7475
02:42:41	18.9915	12.6446	10.7562
02:42:46	19.3148	12.7096	10.7651
02:42:51	19.6382	12.7749	10.7746
02:42:56	19.9615	12.8403	10.7828
02:43:01	20.2848	12.9059	10.7930
02:43:06	20.6080	12.9717	10.8027
02:43:11	20.9313	13.0377	10.8112
02:43:16	21.2545	13.1038	10.8161
02:43:21	21.5777	13.1702	10.8213
02:43:26	21.9009	13.2368	10.8291
02:43:31	22.2240	13.3035	10.8406
02:43:36	22.5471	13.3705	10.8516
02:43:41	22.8702	13.4377	10.8620
02:43:46	23.1933	13.5051	10.8743
02:43:51	23.5163	13.5728	10.8862
02:43:56	23.8394	13.6406	10.8975
02:44:01	24.1623	13.7087	10.9099
02:44:06	24.4853	13.7771	10.9225
02:44:11	24.8082	13.8457	10.9348
04:09:05	-4.9353	31.2356	10.5661
04:09:10	-4.6116	31.2962	10.5646
04:09:15	-4.2878	31.3567	10.5619
04:09:20	-3.9641	31.4173	10.5615
04:09:25	-3.6404	31.4777	10.5607
04:09:30	-3.3166	31.5382	10.5594
04:09:35	-2.9928	31.5986	10.5590
04:09:40	-2.6691	31.6591	10.5572
04:09:45	-2.3453	31.7195	10.5561
04:09:50	-2.0215	31.7798	10.5554
04:09:55	-1.6977	31.8402	10.5545
04:10:00	-1.3739	31.9005	10.5540
04:10:05	-1.0501	31.9609	10.5534
04:10:10	-0.7263	32.0212	10.5522
04:10:15	-0.4025	32.0816	10.5526
04:10:20	-0.0787	32.1419	10.5526
04:10:25	0.2452	32.2022	10.5523
04:10:30	0.5690	32.2625	10.5525
04:10:35	0.8928	32.3229	10.5533
04:10:40	1.2167	32.3832	10.5530
04:10:45	1.5405	32.4436	10.5539
04:10:50	1.8644	32.5039	10.5536
04:10:55	2.1882	32.5643	10.5549
04:11:00	2.5121	32.6247	10.5559
04:11:05	2.8359	32.6851	10.5557
04:11:10	3.1598	32.7455	10.5577
04:11:15	3.4836	32.8060	10.5585
04:11:20	3.8075	32.8665	10.5607
04:11:25	4.1313	32.9270	10.5617
04:11:30	4.4552	32.9876	10.5623
04:11:35	4.7790	33.0482	10.5627
04:11:40	5.1029	33.1088	10.5635
04:11:45	5.4267	33.1695	10.5659
04:11:50	5.7506	33.2302	10.5678
04:11:55	6.0744	33.2909	10.5703
04:12:00	6.3983	33.3517	10.5734
04:12:05	6.7221	33.4126	10.5752
04:12:10	7.0459	33.4735	10.5774
04:12:15	7.3697	33.5344	10.5805
04:12:20	7.6936	33.5955	10.5837
04:12:25	8.0174	33.6565	10.5867
04:12:30	8.3412	33.7177	10.5896
04:12:35	8.6650	33.7789	10.5911
04:12:40	8.9888	33.8402	10.5922
04:12:45	9.3126	33.9015	10.5947
04:12:50	9.6364	33.9630	10.5986
04:12:55	9.9601	34.0245	10.6023
04:13:00	10.2839	34.0860	10.6072
04:13:05	10.6077	34.1477	10.6108
04:13:10	10.9314	34.2095	10.6152
04:13:15	11.2552	34.2713	10.6198
04:13:20	11.5789	34.3333	10.6250
04:13:25	11.9026	34.3953	10.6298
04:13:30	12.2263	34.4574	10.6342
04:13:35	12.5500	34.5196	10.6374
04:13:40	12.8737	34.5820	10.6396
04:13:45	13.1974	34.6444	10.6412
04:13:50	13.5210	34.7070	10.6477
04:13:55	13.8447	34.7696	10.6537
04:14:00	14.1683	34.8324	10.6592
04:14:05	14.4919	34.8953	10.6644
04:14:10	14.8155	34.9583	10.6709
04:14:15	15.1391	35.0215	10.6780
04:14:20	15.4627	35.0847	10.6846
04:14:25	15.7862	35.1481	10.6916
04:14:30	16.1098	35.2117	10.6989
04:14:35	16.4333	35.2753	10.7051
04:14:40	16.7568	35.3392	10.7084
04:14:45	17.0803	35.4031	10.7124
04:14:50	17.4038	35.4672	10.7173
04:14:55	17.7272	35.5315	10.7253
04:15:00	18.0506	35.5959	10.7326
04:15:05	18.3741	35.6605	10.7415
04:15:10	18.6974	35.7253	10.7497
04:15:15	19.0208	35.7902	10.7584
04:15:20	19.3442	35.8552	10.7674
04:15:25	19.6675	35.9205	10.7759
04:15:30	19.9908	35.9859	10.7858
04:15:35	20.3141	36.0515	10.7950
04:15:40	20.6374	36.1173	10.8022
04:15:45	20.9606	36.1833	10.8067
04:15:50	21.2838	36.2495	10.8116
04:15:55	21.6070	36.3159	10.8214
04:16:00	21.9302	36.3825	10.8318
04:16:05	22.2533	36.4493	10.8424
04:16:10	22.5765	36.5163	10.8540
04:16:15	22.8995	36.5835	10.8644
04:16:20	23.2226	36.6509	10.8760
04:16:25	23.5457	36.7186	10.8877
04:16:30	23.8687	36.7865	10.9005
04:16:35	24.1917	36.8546	10.9121
04:16:40	24.5146	36.9230	10.9248
04:16:45	24.8375	36.9916	10.9321
05:41:39	-4.9353	54.3753	10.5661
05:41:44	-4.6116	54.4359	10.5646
05:41:49	-4.2878	54.4964	10.5628
05:41:54	-3.9641	54.5569	10.5606
05:41:59	-3.6404	54.6174	10.5598
05:42:04	-3.3166	54.6779	10.5594
05:42:09	-2.9928	54.7383	10.5590
05:42:14	-2.6691	54.7987	10.5572
05:42:19	-2.3453	54.8591	10.5570
05:42:24	-2.0215	54.9195	10.5554
05:42:29	-1.6977	54.9799	10.5545
05:42:34	-1.3739	55.0402	10.5540
05:42:39	-1.0501	55.1006	10.5533
05:42:44	-0.7263	55.1609	10.5531
05:42:49	-0.4025	55.2212	10.5534
05:42:54	-0.0787	55.2816	10.5526
05:42:59	0.2452	55.3419	10.5532
05:43:04	0.5690	55.4022	10.5525
05:43:09	0.8928	55.4625	10.5524
05:43:14	1.2167	55.5229	10.5530
05:43:19	1.5405	55.5832	10.5530
05:43:24	1.8644	55.6436	10.5538
05:43:29	2.1882	55.7040	10.5541
05:43:34	2.5121	55.7644	10.5550
05:43:39	2.8359	55.8248	10.5565
05:43:44	3.1598	55.8852	10.5577
05:43:49	3.4836	55.9457	10.5585
05:43:54	3.8075	56.0062	10.5598
05:43:59	4.1313	56.0667	10.5617
05:44:04	4.4552	56.1272	10.5623
05:44:09	4.7790	56.1878	10.5635
05:44:14	5.1029	56.2485	10.5644
05:44:19	5.4267	56.3091	10.5659
05:44:24	5.7506	56.3698	10.5678
05:44:29	6.0744	56.4306	10.5701
05:44:34	6.3983	56.4914	10.5725
05:44:39	6.7221	56.5522	10.5744
05:44:44	7.0459	56.6132	10.5783
05:44:49	7.3697	56.6741	10.5813
05:44:54	7.6936	56.7351	10.5837
05:44:59	8.0174	56.7962	10.5867
05:45:04	8.3412	56.8574	10.5896
05:45:09	8.6650	56.9186	10.5911
05:45:14	8.9888	56.9799	10.5922
05:45:19	9.3126	57.0412	10.5947
05:45:24	9.6364	57.1026	10.5986
05:45:29	9.9601	57.1641	10.6023
05:45:34	10.2839	57.2257	10.6064
05:45:39	10.6077	57.2874	10.6108
05:45:44	10.9314	57.3492	10.6152
05:45:49	11.2552	57.4110	10.6198
05:45:54	11.5789	57.4729	10.6242
05:45:59	11.9026	57.5350	10.6290
05:46:04	12.2263	57.5971	10.6342
05:46:09	12.5500	57.6593	10.6374
05:46:14	12.8737	57.7217	10.6396
05:46:19	13.1974	57.7841	10.6421
05:46:24	13.5210	57.8466	10.6477
05:46:29	13.8447	57.9093	10.6529
05:46:34	14.1683	57.9721	10.6592
05:46:39	14.4919	58.0350	10.6653
05:46:44	14.8155	58.0980	10.6718
05:46:49	15.1391	58.1611	10.6779
05:46:54	15.4627	58.2244	10.6846
05:46:59	15.7862	58.2878	10.6916
05:47:04	16.1098	58.3513	10.6981
05:47:09	16.4333	58.4150	10.7051
05:47:14	16.7568	58.4788	10.7085
05:47:19	17.0803	58.5428	10.7116
05:47:24	17.4038	58.6069	10.7173
05:47:29	17.7272	58.6712	10.7245
05:47:34	18.0506	58.7356	10.7326
05:47:39	18.3741	58.8002	10.7415
05:47:44	18.6974	58.8649	10.7497
05:47:49	19.0208	58.9298	10.7584
05:47:54	19.3442	58.9949	10.7666
05:47:59	19.6675	59.0602	10.7767
05:48:04	19.9908	59.1256	10.7850
05:48:09	20.3141	59.1912	10.7950
05:48:14	20.6374	59.2570	10.8016
05:48:19	20.9606	59.3230	10.8075
05:48:24	21.2838	59.3892	10.8124
05:48:29	21.6070	59.4556	10.8215
05:48:34	21.9302	59.5222	10.8318
05:48:39	22.2533	59.5890	10.8432
05:48:44	22.5765	59.6560	10.8532
05:48:49	22.8995	59.7232	10.8654
05:48:54	23.2226	59.7906	10.8760
05:48:59	23.5457	59.8583	10.8879
05:49:04	23.8687	59.9262	10.8997
05:49:09	24.1917	59.9943	10.9129
05:49:14	24.5146	60.0626	10.9248
05:49:19	24.8375	60.1313	10.9323
15:38:02	24.9354	20.8292	169.0617
15:38:07	24.6125	20.8979	169.0745
15:38:12	24.2896	20.9664	169.0872
15:38:17	23.9666	21.0346	169.0997
15:38:22	23.6436	21.1025	169.1119
15:38:27	23.3205	21.1702	169.1237
15:38:32	22.9975	21.2377	169.1328
15:38:37	22.6744	21.3050	169.1393
15:38:42	22.3513	21.3721	169.1446
15:38:47	22.0281	21.4389	169.1538
15:38:52	21.7050	21.5056	169.1639
15:38:57	21.3818	21.5720	169.1755
15:39:02	21.0586	21.6383	169.1851
15:39:07	20.7353	21.7043	169.1953
15:39:12	20.4121	21.7702	169.2049
15:39:17	20.0888	21.8359	169.2152
15:39:22	19.7655	21.9014	169.2233
15:39:27	19.4422	21.9667	169.2335
15:39:32	19.1188	22.0318	169.2419
15:39:37	18.7955	22.0967	169.2465
15:39:42	18.4721	22.1615	169.2508
15:39:47	18.1487	22.2262	169.2555
15:39:52	17.8252	22.2906	169.2630
15:39:57	17.5018	22.3550	169.2718
15:40:02	17.1783	22.4191	169.2792
15:40:07	16.8548	22.4831	169.2871
15:40:12	16.5313	22.5470	169.2946
15:40:17	16.2078	22.6107	169.3017
15:40:22	15.8843	22.6743	169.3092
15:40:27	15.5607	22.7377	169.3162
15:40:32	15.2372	22.8010	169.3219
15:40:37	14.9136	22.8642	169.3281
15:40:42	14.5900	22.9273	169.3313
15:40:47	14.2664	22.9902	169.3335
15:40:52	13.9428	23.0530	169.3382
15:40:57	13.6191	23.1157	169.3441
15:41:02	13.2955	23.1783	169.3497
15:41:07	12.9718	23.2408	169.3557
15:41:12	12.6481	23.3031	169.3610
15:41:17	12.3244	23.3654	169.3660
15:41:22	12.0007	23.4276	169.3706
15:41:27	11.6770	23.4896	169.3754
15:41:32	11.3533	23.5516	169.3806
15:41:37	11.0295	23.6134	169.3855
15:41:42	10.7058	23.6752	169.3881
15:41:47	10.3820	23.7369	169.3900
15:41:52	10.0583	23.7985	169.3915
15:41:57	9.7345	23.8601	169.3951
15:42:02	9.4107	23.9215	169.3991
15:42:07	9.0869	23.9829	169.4033
15:42:12	8.7631	24.0442	169.4063
15:42:17	8.4393	24.1054	169.4095
15:42:22	8.1155	24.1666	169.4133
15:42:27	7.7917	24.2277	169.4170
15:42:32	7.4679	24.2887	169.4197
15:42:37	7.1441	24.3497	169.4227
15:42:42	6.8202	24.4106	169.4249
15:42:47	6.4964	24.4715	169.4260
15:42:52	6.1726	24.5323	169.4273
15:42:57	5.8487	24.5931	169.4291
15:43:02	5.5249	24.6538	169.4310
15:43:07	5.2010	24.7145	169.4332
15:43:12	4.8772	24.7751	169.4351
15:43:17	4.5533	24.8357	169.4365
15:43:22	4.2295	24.8963	169.4381
15:43:27	3.9056	24.9568	169.4399
15:43:32	3.5818	25.0173	169.4413
15:43:37	3.2579	25.0778	169.4430
15:43:42	2.9341	25.1382	169.4442
15:43:47	2.6102	25.1987	169.4438
15:43:52	2.2864	25.2591	169.4448
15:43:57	1.9625	25.3194	169.4451
15:44:02	1.6387	25.3798	169.4449
15:44:07	1.3148	25.4402	169.4471
15:44:12	0.9910	25.5005	169.4466
15:44:17	0.6672	25.5608	169.4466
15:44:22	0.3433	25.6212	169.4478
15:44:27	0.0195	25.6815	169.4474
15:44:32	-0.3043	25.7418	169.4466
15:44:37	-0.6281	25.8021	169.4471
15:44:42	-0.9520	25.8625	169.4461
15:44:47	-1.2758	25.9228	169.4463
15:44:52	-1.5996	25.9832	169.4458
15:44:57	-1.9234	26.0435	169.4457
15:45:02	-2.2472	26.1039	169.4450
15:45:07	-2.5709	26.1643	169.4448
15:45:12	-2.8947	26.2247	169.4430
15:45:17	-3.2185	26.2851	169.4418
15:45:22	-3.5422	26.3456	169.4405
15:45:27	-3.8660	26.4061	169.4391
15:45:32	-4.1897	26.4666	169.4378
15:45:37	-4.5134	26.5271	169.4351
15:45:42	-4.8371	26.5877	169.4338
17:10:36	24.9354	43.9689	169.0617
17:10:41	24.6125	44.0376	169.0745
17:10:46	24.2896	44.1060	169.0872
17:10:51	23.9666	44.1742	169.0997
17:10:56	23.6436	44.2422	169.1119
17:11:01	23.3205	44.3099	169.1229
17:11:06	22.9975	44.3774	169.1336
17:11:11	22.6744	44.4447	169.1393
17:11:16	22.3513	44.5118	169.1446
17:11:21	22.0281	44.5786	169.1538
17:11:26	21.7050	44.6453	169.1647
17:11:31	21.3818	44.7117	169.1747
17:11:36	21.0586	44.7780	169.1851
17:11:41	20.7353	44.8440	169.1953
17:11:46	20.4121	44.9099	169.2049
17:11:51	20.0888	44.9755	169.2144
17:11:56	19.7655	45.0410	169.2241
17:12:01	19.4422	45.1063	169.2327
17:12:06	19.1188	45.1715	169.2419
17:12:11	18.7955	45.2364	169.2474
17:12:16	18.4721	45.3012	169.2508
17:12:21	18.1487	45.3658	169.2555
17:12:26	17.8252	45.4303	169.2638
17:12:31	17.5018	45.4946	169.2718
17:12:36	17.1783	45.5588	169.2792
17:12:41	16.8548	45.6228	169.2871
17:12:46	16.5313	45.6867	169.2946
17:12:51	16.2078	45.7504	169.3017
17:12:56	15.8843	45.8140	169.3092
17:13:01	15.5607	45.8774	169.3154
17:13:06	15.2372	45.9407	169.3228
17:13:11	14.9136	46.0039	169.3281
17:13:16	14.5900	46.0670	169.3305
17:13:21	14.2664	46.1299	169.3335
17:13:26	13.9428	46.1927	169.3382
17:13:31	13.6191	46.2554	169.3432
17:13:36	13.2955	46.3180	169.3497
17:13:41	12.9718	46.3804	169.3557
17:13:46	12.6481	46.4428	169.3602
17:13:51	12.3244	46.5051	169.3660
17:13:56	12.0007	46.5672	169.3706
17:14:01	11.6770	46.6293	169.3762
17:14:06	11.3533	46.6913	169.3806
17:14:11	11.0295	46.7531	169.3855
17:14:16	10.7058	46.8149	169.3881
17:14:21	10.3820	46.8766	169.3900
17:14:26	10.0583	46.9382	169.3906
17:14:31	9.7345	46.9997	169.3951
17:14:36	9.4107	47.0612	169.3991
17:14:41	9.0869	47.1226	169.4025
17:14:46	8.7631	47.1839	169.4063
17:14:51	8.4393	47.2451	169.4104
17:14:56	8.1155	47.3063	169.4141
17:15:01	7.7917	47.3674	169.4162
17:15:06	7.4679	47.4284	169.4197
17:15:11	7.1441	47.4894	169.4227
17:15:16	6.8202	47.5503	169.4249
17:15:21	6.4964	47.6112	169.4260
17:15:26	6.1726	47.6720	169.4265
17:15:31	5.8487	47.7328	169.4282
17:15:36	5.5249	47.7935	169.4301
17:15:41	5.2010	47.8542	169.4324
17:15:46	4.8772	47.9148	169.4343
17:15:51	4.5533	47.9754	169.4374
17:15:56	4.2295	48.0360	169.4389
17:16:01	3.9056	48.0965	169.4399
17:16:06	3.5818	48.1570	169.4413
17:16:11	3.2579	48.2175	169.4422
17:16:16	2.9341	48.2779	169.4433
17:16:21	2.6102	48.3383	169.4447
17:16:26	2.2864	48.3987	169.4448
17:16:31	1.9625	48.4591	169.4451
17:16:36	1.6387	48.5195	169.4458
17:16:41	1.3148	48.5798	169.4462
17:16:46	0.9910	48.6402	169.4475
17:16:51	0.6672	48.7005	169.4474
17:16:56	0.3433	48.7608	169.4470
17:17:01	0.0195	48.8212	169.4474
17:17:06	-0.3043	48.8815	169.4474
17:17:11	-0.6281	48.9418	169.4471
17:17:16	-0.9520	49.0022	169.4470
17:17:21	-1.2758	49.0625	169.4463
17:17:26	-1.5996	49.1228	169.4458
17:17:31	-1.9234	49.1832	169.4448
17:17:36	-2.2472	49.2436	169.4450
17:17:41	-2.5709	49.3040	169.4439
17:17:46	-2.8947	49.3644	169.4430
17:17:51	-3.2185	49.4248	169.4418
17:17:56	-3.5422	49.4853	169.4405
17:18:01	-3.8660	49.5457	169.4391
17:18:06	-4.1897	49.6063	169.4370
17:18:11	-4.5134	49.6668	169.4359
17:18:16	-4.8371	49.7274	169.4338
23:59:59	-999.00	-999.00	-999.00
