2024/09/19 EARTHCARE
GMT	SUBLAT[N+]	SUBLON[W+]	HEADING
03:08:08	-1.0001	16.6430	10.5560
03:08:13	-0.6764	16.7033	10.5548
03:08:18	-0.3527	16.7636	10.5551
03:08:23	-0.0290	16.8239	9.5993
03:08:28	0.2948	16.8832	10.5544
03:08:33	0.6185	16.9435	10.5545
03:08:38	0.9422	17.0038	10.5554
03:08:43	1.2660	17.0641	10.5557
03:08:48	1.5897	17.1245	10.5551
03:08:53	1.9134	17.1848	10.5563
03:08:58	2.2371	17.2452	10.5567
03:09:03	2.5609	17.3056	10.5585
03:09:08	2.8846	17.3660	10.5580
03:09:13	3.2083	17.4264	10.5601
03:09:18	3.5321	17.4869	10.5607
03:09:23	3.8558	17.5474	10.5620
03:09:28	4.1795	17.6079	10.5620
03:09:33	4.5033	17.6684	10.5634
03:09:38	4.8270	17.7290	10.5647
03:09:43	5.1507	17.7896	10.5672
03:09:48	5.4745	17.8503	10.5686
03:09:53	5.7982	17.9110	10.5706
03:09:58	6.1219	17.9718	10.5729
03:10:03	6.4457	18.0326	10.5751
03:10:08	6.7694	18.0934	10.5784
03:10:13	7.0931	18.1543	10.5807
03:10:18	7.4168	18.2153	10.5844
03:10:23	7.7406	18.2763	10.5860
03:10:28	8.0643	18.3374	10.5873
03:10:33	8.3880	18.3985	10.5881
03:10:38	8.7117	18.4597	10.5913
03:10:43	9.0354	18.5210	10.5942
03:10:48	9.3591	18.5824	10.5975
03:10:53	9.6827	18.6438	10.6013
03:10:58	10.0064	18.7053	10.6057
03:11:03	10.3301	18.7669	10.6096
03:11:08	10.6537	18.8286	10.6141
03:11:13	10.9774	18.8903	10.6191
03:11:18	11.3010	18.9522	10.6229
03:11:23	11.6247	19.0141	10.6280
03:11:28	11.9483	19.0762	10.6309
03:11:33	12.2719	19.1383	10.6330
03:11:38	12.5955	19.2005	10.6351
03:11:43	12.9191	19.2629	10.6406
03:11:48	13.2427	19.3253	10.6455
03:11:53	13.5662	19.3879	10.6519
03:11:58	13.8898	19.4505	10.6569
03:12:03	14.2133	19.5133	10.6633
03:12:08	14.5369	19.5762	10.6693
03:12:13	14.8604	19.6393	10.6748
03:12:18	15.1839	19.7024	10.6819
03:12:23	15.5074	19.7657	10.6882
03:12:28	15.8308	19.8291	10.6953
03:12:33	16.1543	19.8927	10.6977
03:12:38	16.4777	19.9564	10.7012
03:12:43	16.8012	20.0202	10.7061
03:12:48	17.1246	20.0842	10.7140
03:12:53	17.4480	20.1483	10.7215
03:12:58	17.7713	20.2126	10.7293
03:13:03	18.0947	20.2770	10.7374
03:13:08	18.4180	20.3416	10.7453
03:13:13	18.7414	20.4064	10.7543
03:13:18	19.0647	20.4713	10.7629
03:13:23	19.3879	20.5364	10.7718
03:13:28	19.7112	20.6017	10.7803
03:13:33	20.0344	20.6671	10.7866
03:13:38	20.3576	20.7328	10.7911
03:13:43	20.6808	20.7986	10.7968
03:13:48	21.0040	20.8646	10.8059
03:13:53	21.3272	20.9308	10.8161
03:13:58	21.6503	20.9972	10.8260
03:14:03	21.9734	21.0638	10.8381
04:40:44	-0.8061	39.8163	10.5554
04:40:49	-0.4824	39.8766	10.5558
04:40:54	-0.1587	39.9369	10.5550
04:40:59	0.1653	39.9971	10.5546
04:41:04	0.4890	40.0575	10.5548
04:41:09	0.8127	40.1178	10.5558
04:41:14	1.1365	40.1781	10.5552
04:41:19	1.4602	40.2385	10.5556
04:41:24	1.7839	40.2988	10.5554
04:41:29	2.1076	40.3592	10.5557
04:41:34	2.4314	40.4195	10.5566
04:41:39	2.7551	40.4799	10.5573
04:41:44	3.0789	40.5404	10.5586
04:41:49	3.4026	40.6008	10.5595
04:41:54	3.7263	40.6613	10.5609
04:41:59	4.0501	40.7218	10.5620
04:42:04	4.3738	40.7823	10.5643
04:42:09	4.6976	40.8429	10.5657
04:42:14	5.0213	40.9035	10.5676
04:42:19	5.3450	40.9642	10.5689
04:42:24	5.6688	41.0248	10.5694
04:42:29	5.9925	41.0856	10.5710
04:42:34	6.3162	41.1464	10.5724
04:42:39	6.6400	41.2072	10.5751
04:42:44	6.9637	41.2681	10.5784
04:42:49	7.2874	41.3290	10.5804
04:42:54	7.6112	41.3900	10.5830
04:42:59	7.9349	41.4511	10.5863
04:43:04	8.2586	41.5122	10.5897
04:43:09	8.5823	41.5734	10.5930
04:43:14	8.9060	41.6346	10.5961
04:43:19	9.2297	41.6960	10.6003
04:43:24	9.5534	41.7574	10.6026
04:43:29	9.8771	41.8188	10.6036
04:43:34	10.2007	41.8804	10.6053
04:43:39	10.5244	41.9420	10.6098
04:43:44	10.8481	42.0038	10.6132
04:43:49	11.1717	42.0656	10.6182
04:43:54	11.4953	42.1275	10.6225
04:43:59	11.8190	42.1895	10.6282
04:44:04	12.1426	42.2516	10.6327
04:44:09	12.4662	42.3138	10.6377
04:44:14	12.7898	42.3761	10.6433
04:44:19	13.1134	42.4385	10.6484
04:44:24	13.4370	42.5010	10.6532
04:44:29	13.7605	42.5636	10.6557
04:44:34	14.0841	42.6264	10.6582
04:44:39	14.4076	42.6892	10.6627
04:44:44	14.7311	42.7522	10.6693
04:44:49	15.0547	42.8153	10.6754
04:44:54	15.3782	42.8785	10.6821
04:44:59	15.7016	42.9419	10.6885
04:45:04	16.0251	43.0054	10.6950
04:45:09	16.3486	43.0690	10.7029
04:45:14	16.6720	43.1328	10.7097
04:45:19	16.9954	43.1967	10.7168
04:45:24	17.3188	43.2608	10.7253
04:45:29	17.6422	43.3250	10.7291
04:45:34	17.9656	43.3894	10.7333
04:45:39	18.2889	43.4539	10.7381
04:45:44	18.6122	43.5186	10.7456
04:45:49	18.9356	43.5835	10.7544
04:45:54	19.2589	43.6485	10.7627
04:45:59	19.5821	43.7137	10.7722
04:46:04	19.9054	43.7791	10.7814
04:46:09	20.2286	43.8446	10.7908
04:46:14	20.5518	43.9104	10.8005
04:46:19	20.8750	43.9763	10.8099
04:46:24	21.1982	44.0425	10.8203
04:46:29	21.5213	44.1088	10.8294
04:46:34	21.8444	44.1753	10.8351
14:41:59	1.7676	10.0123	169.4475
14:42:04	1.4435	10.0727	169.4477
14:42:09	1.1195	10.1331	169.4488
14:42:14	0.7955	10.1934	169.4488
14:42:19	0.4715	10.2538	169.4487
14:42:24	0.1474	10.3141	169.4483
14:42:29	-0.1766	10.3745	169.4491
14:42:34	-0.5006	10.4348	169.4483
14:42:39	-0.8246	10.4952	169.4481
16:09:20	21.9415	29.2521	169.1596
16:09:25	21.6181	29.3187	169.1708
16:09:30	21.2947	29.3851	169.1807
16:09:35	20.9713	29.4514	169.1913
16:09:40	20.6478	29.5174	169.2005
16:09:45	20.3243	29.5832	169.2112
16:09:50	20.0008	29.6489	169.2208
16:09:55	19.6773	29.7144	169.2298
16:10:00	19.3537	29.7797	169.2353
16:10:05	19.0302	29.8448	169.2396
16:10:10	18.7066	29.9097	169.2435
16:10:15	18.3830	29.9745	169.2517
16:10:20	18.0593	30.0391	169.2607
16:10:25	17.7357	30.1036	169.2689
16:10:30	17.4120	30.1679	169.2770
16:10:35	17.0883	30.2320	169.2847
16:10:40	16.7646	30.2960	169.2919
16:10:45	16.4409	30.3599	169.3002
16:10:50	16.1171	30.4236	169.3065
16:10:55	15.7934	30.4872	169.3142
16:11:00	15.4696	30.5506	169.3195
16:11:05	15.1458	30.6139	169.3237
16:11:10	14.8220	30.6771	169.3258
16:11:15	14.4982	30.7402	169.3306
16:11:20	14.1744	30.8031	169.3360
16:11:25	13.8505	30.8659	169.3428
16:11:30	13.5267	30.9286	169.3479
16:11:35	13.2028	30.9912	169.3545
16:11:40	12.8789	31.0536	169.3595
16:11:45	12.5550	31.1160	169.3642
16:11:50	12.2311	31.1783	169.3692
16:11:55	11.9072	31.2404	169.3747
16:12:00	11.5833	31.3025	169.3797
16:12:05	11.2594	31.3645	169.3833
16:12:10	10.9354	31.4263	169.3854
16:12:15	10.6115	31.4881	169.3864
16:12:20	10.2875	31.5498	169.3901
16:12:25	9.9635	31.6114	169.3943
16:12:30	9.6395	31.6730	169.3989
16:12:35	9.3156	31.7344	169.4028
16:12:40	8.9916	31.7958	169.4063
16:12:45	8.6676	31.8571	169.4094
16:12:50	8.3436	31.9184	169.4127
16:12:55	8.0195	31.9795	169.4164
16:13:00	7.6955	32.0407	169.4197
16:13:05	7.3715	32.1017	169.4222
16:13:10	7.0475	32.1627	169.4233
16:13:15	6.7235	32.2236	169.4251
16:13:20	6.3994	32.2845	169.4260
16:13:25	6.0754	32.3453	169.4285
16:13:30	5.7513	32.4061	169.4318
16:13:35	5.4273	32.4669	169.4331
16:13:40	5.1033	32.5276	169.4353
16:13:45	4.7792	32.5882	169.4373
16:13:50	4.4552	32.6488	169.4386
16:13:55	4.1311	32.7094	169.4411
16:14:00	3.8071	32.7700	169.4423
16:14:05	3.4830	32.8305	169.4437
16:14:10	3.1590	32.8910	169.4447
16:14:15	2.8350	32.9514	169.4449
16:14:20	2.5109	33.0119	169.4455
16:14:25	2.1869	33.0723	169.4458
16:14:30	1.8628	33.1327	169.4472
16:14:35	1.5388	33.1931	169.4479
16:14:40	1.2148	33.2535	169.4481
16:14:45	0.8908	33.3138	169.4480
16:14:50	0.5667	33.3742	169.4489
16:14:55	0.2427	33.4346	169.4482
16:15:00	-0.0813	33.4949	169.4480
16:15:05	-0.4053	33.5553	169.4483
16:15:10	-0.7293	33.6156	169.4478
16:15:14	-0.9962	33.6653	37.3356
17:41:56	21.7476	52.4296	169.1704
17:42:01	21.4242	52.4961	169.1762
17:42:06	21.1007	52.5624	169.1816
17:42:11	20.7773	52.6285	169.1918
17:42:16	20.4538	52.6944	169.2013
17:42:21	20.1303	52.7601	169.2113
17:42:26	19.8068	52.8257	169.2211
17:42:31	19.4832	52.8910	169.2296
17:42:36	19.1597	52.9562	169.2394
17:42:41	18.8361	53.0212	169.2481
17:42:46	18.5125	53.0861	169.2562
17:42:51	18.1889	53.1508	169.2640
17:42:56	17.8652	53.2153	169.2723
17:43:01	17.5416	53.2797	169.2751
17:43:06	17.2179	53.3439	169.2794
17:43:11	16.8942	53.4079	169.2846
17:43:16	16.5705	53.4718	169.2921
17:43:21	16.2467	53.5356	169.2999
17:43:26	15.9230	53.5992	169.3064
17:43:31	15.5992	53.6627	169.3135
17:43:36	15.2754	53.7261	169.3209
17:43:41	14.9517	53.7893	169.3269
17:43:46	14.6278	53.8524	169.3334
17:43:51	14.3040	53.9154	169.3393
17:43:56	13.9802	53.9783	169.3449
17:44:01	13.6563	54.0410	169.3491
17:44:06	13.3325	54.1036	169.3522
17:44:11	13.0086	54.1661	169.3539
17:44:16	12.6847	54.2285	169.3593
17:44:21	12.3608	54.2908	169.3641
17:44:26	12.0369	54.3531	169.3702
17:44:31	11.7130	54.4152	169.3751
17:44:36	11.3891	54.4772	169.3793
17:44:41	11.0651	54.5391	169.3839
17:44:46	10.7412	54.6009	169.3890
17:44:51	10.4172	54.6626	169.3935
17:44:56	10.0932	54.7243	169.3974
17:45:01	9.7693	54.7858	169.4012
17:45:06	9.4453	54.8473	169.4023
17:45:11	9.1213	54.9087	169.4039
17:45:16	8.7973	54.9701	169.4059
17:45:21	8.4733	55.0314	169.4099
17:45:26	8.1493	55.0926	169.4127
17:45:31	7.8253	55.1537	169.4166
17:45:36	7.5013	55.2148	169.4200
17:45:41	7.1772	55.2758	169.4228
17:45:46	6.8532	55.3367	169.4252
17:45:51	6.5292	55.3976	169.4279
17:45:56	6.2051	55.4585	169.4301
17:46:01	5.8811	55.5193	169.4325
17:46:06	5.5571	55.5800	169.4335
17:46:11	5.2330	55.6408	169.4349
17:46:16	4.9090	55.7014	169.4359
17:46:21	4.5849	55.7621	169.4377
17:46:26	4.2609	55.8226	169.4384
17:46:31	3.9369	55.8832	169.4404
17:46:36	3.6128	55.9437	169.4417
17:46:41	3.2888	56.0042	169.4432
17:46:46	2.9647	56.0647	169.4444
17:46:51	2.6407	56.1252	169.4459
17:46:56	2.3167	56.1856	169.4460
17:47:01	1.9926	56.2460	169.4479
17:47:06	1.6686	56.3064	169.4477
17:47:11	1.3446	56.3668	169.4478
17:47:16	1.0205	56.4272	169.4482
17:47:21	0.6965	56.4875	169.4481
17:47:26	0.3725	56.5479	169.4492
17:47:31	0.0485	56.6082	169.4482
17:47:36	-0.2755	56.6686	169.4490
17:47:41	-0.5995	56.7289	169.4484
17:47:46	-0.9235	56.7893	169.4482
23:59:59	-999.00	-999.00	-999.00
