2024/09/19 EARTHCARE
GMT	SUBLAT[N+]	SUBLON[W+]	HEADING
03:08:08	-1.0000	16.6429	10.5547
03:08:13	-0.6763	16.7032	10.5545
03:08:18	-0.3526	16.7636	10.5539
03:08:23	-0.0289	16.8239	10.5587
03:08:28	0.2948	16.8842	10.5540
03:08:33	0.6185	16.9445	10.5533
03:08:38	0.9423	17.0048	10.5540
03:08:43	1.2660	17.0652	10.5546
03:08:48	1.5897	17.1255	10.5554
03:08:53	1.9135	17.1859	10.5553
03:08:58	2.2372	17.2462	10.5562
03:09:03	2.5610	17.3066	10.5573
03:09:08	2.8847	17.3670	10.5577
03:09:13	3.2084	17.4275	10.5588
03:09:18	3.5322	17.4879	10.5603
03:09:23	3.8559	17.5484	10.5607
03:09:28	4.1797	17.6089	10.5617
03:09:33	4.5034	17.6695	10.5621
03:09:38	4.8272	17.7300	10.5643
03:09:43	5.1509	17.7907	10.5661
03:09:48	5.4747	17.8513	10.5681
03:09:53	5.7984	17.9120	10.5709
03:09:58	6.1222	17.9728	10.5726
03:10:03	6.4459	18.0336	10.5746
03:10:08	6.7697	18.0944	10.5772
03:10:13	7.0934	18.1553	10.5802
03:10:18	7.4171	18.2163	10.5831
03:10:23	7.7409	18.2773	10.5856
03:10:28	8.0646	18.3384	10.5860
03:10:33	8.3883	18.3995	10.5878
03:10:38	8.7120	18.4607	10.5899
03:10:43	9.0357	18.5220	10.5937
03:10:48	9.3594	18.5834	10.5970
03:10:53	9.6831	18.6448	10.6018
03:10:58	10.0068	18.7063	10.6052
03:11:03	10.3305	18.7679	10.6092
03:11:08	10.6542	18.8296	10.6138
03:11:13	10.9778	18.8913	10.6178
03:11:18	11.3015	18.9532	10.6232
03:11:23	11.6251	19.0151	10.6267
03:11:28	11.9488	19.0772	10.6306
03:11:33	12.2724	19.1393	10.6316
03:11:38	12.5960	19.2015	10.6348
03:11:43	12.9196	19.2639	10.6401
03:11:48	13.2432	19.3263	10.6452
03:11:53	13.5668	19.3889	10.6506
03:11:58	13.8903	19.4515	10.6565
03:12:03	14.2139	19.5143	10.6620
03:12:08	14.5374	19.5772	10.6680
03:12:13	14.8610	19.6403	10.6751
03:12:18	15.1845	19.7034	10.6812
03:12:23	15.5080	19.7667	10.6879
03:12:28	15.8315	19.8301	10.6938
03:12:33	16.1549	19.8937	10.6972
03:12:38	16.4784	19.9574	10.6998
03:12:43	16.8018	20.0212	10.7057
03:12:48	17.1253	20.0852	10.7134
03:12:53	17.4487	20.1493	10.7209
03:12:58	17.7721	20.2136	10.7287
03:13:03	18.0954	20.2780	10.7371
03:13:08	18.4188	20.3426	10.7456
03:13:13	18.7421	20.4074	10.7538
03:13:18	19.0654	20.4723	10.7623
03:13:23	19.3887	20.5374	10.7713
03:13:28	19.7120	20.6027	10.7806
03:13:33	20.0353	20.6681	10.7862
03:13:38	20.3585	20.7337	10.7914
03:13:43	20.6817	20.7996	10.7963
03:13:48	21.0049	20.8656	10.8052
03:13:53	21.3280	20.9318	10.8158
03:13:58	21.6512	20.9982	10.8255
03:14:03	21.9743	21.0648	10.8355
04:40:44	-0.8060	39.8163	10.5550
04:40:49	-0.4823	39.8766	10.5546
04:40:54	-0.1586	39.9369	10.5537
04:40:59	0.1653	39.9983	10.5542
04:41:04	0.4890	40.0586	10.5536
04:41:09	0.8128	40.1189	10.5544
04:41:14	1.1365	40.1793	10.5551
04:41:19	1.4602	40.2396	10.5551
04:41:24	1.7840	40.3000	10.5549
04:41:29	2.1077	40.3603	10.5554
04:41:34	2.4315	40.4207	10.5565
04:41:39	2.7552	40.4811	10.5570
04:41:44	3.0790	40.5415	10.5582
04:41:49	3.4027	40.6020	10.5590
04:41:54	3.7265	40.6624	10.5604
04:41:59	4.0502	40.7229	10.5625
04:42:04	4.3740	40.7835	10.5639
04:42:09	4.6977	40.8440	10.5652
04:42:14	5.0215	40.9046	10.5670
04:42:19	5.3452	40.9653	10.5686
04:42:24	5.6690	41.0260	10.5689
04:42:29	5.9927	41.0867	10.5705
04:42:34	6.3165	41.1475	10.5718
04:42:39	6.6402	41.2083	10.5746
04:42:44	6.9640	41.2692	10.5771
04:42:49	7.2877	41.3301	10.5800
04:42:54	7.6114	41.3911	10.5826
04:42:59	7.9352	41.4522	10.5858
04:43:04	8.2589	41.5133	10.5892
04:43:09	8.5826	41.5745	10.5927
04:43:14	8.9063	41.6358	10.5964
04:43:19	9.2300	41.6971	10.6000
04:43:24	9.5537	41.7585	10.6012
04:43:29	9.8774	41.8200	10.6032
04:43:34	10.2011	41.8815	10.6048
04:43:39	10.5248	41.9432	10.6094
04:43:44	10.8485	42.0049	10.6136
04:43:49	11.1721	42.0667	10.6184
04:43:54	11.4958	42.1286	10.6221
04:43:59	11.8194	42.1906	10.6277
04:44:04	12.1431	42.2527	10.6322
04:44:09	12.4667	42.3149	10.6380
04:44:14	12.7903	42.3772	10.6427
04:44:19	13.1139	42.4396	10.6479
04:44:24	13.4375	42.5021	10.6527
04:44:29	13.7611	42.5647	10.6545
04:44:34	14.0846	42.6275	10.6576
04:44:39	14.4082	42.6903	10.6622
04:44:44	14.7317	42.7533	10.6688
04:44:49	15.0553	42.8164	10.6749
04:44:54	15.3788	42.8796	10.6809
04:44:59	15.7023	42.9430	10.6888
04:45:04	16.0258	43.0065	10.6946
04:45:09	16.3492	43.0701	10.7025
04:45:14	16.6727	43.1339	10.7092
04:45:19	16.9961	43.1978	10.7165
04:45:24	17.3195	43.2619	10.7238
04:45:29	17.6429	43.3261	10.7294
04:45:34	17.9663	43.3905	10.7329
04:45:39	18.2897	43.4550	10.7375
04:45:44	18.6130	43.5197	10.7451
04:45:49	18.9363	43.5846	10.7539
04:45:54	19.2596	43.6496	10.7630
04:45:59	19.5829	43.7148	10.7718
04:46:04	19.9062	43.7802	10.7807
04:46:09	20.2294	43.8457	10.7901
04:46:14	20.5527	43.9115	10.8000
04:46:19	20.8759	43.9774	10.8102
04:46:24	21.1990	44.0436	10.8198
04:46:29	21.5222	44.1099	10.8282
04:46:34	21.8453	44.1764	10.8337
14:41:59	1.7736	10.0120	169.4471
14:42:04	1.4496	10.0724	169.4481
14:42:09	1.1256	10.1327	169.4484
14:42:14	0.8016	10.1931	169.4490
14:42:19	0.4775	10.2535	169.4491
14:42:24	0.1535	10.3138	169.4487
14:42:29	-0.1704	10.3742	169.4485
14:42:34	-0.4944	10.4345	169.4487
14:42:39	-0.8184	10.4949	169.4491
16:09:21	21.9365	29.2541	169.1604
16:09:26	21.6131	29.3208	169.1709
16:09:31	21.2897	29.3872	169.1810
16:09:36	20.9663	29.4534	169.1914
16:09:41	20.6429	29.5194	169.2016
16:09:46	20.3194	29.5853	169.2106
16:09:51	19.9959	29.6509	169.2200
16:09:56	19.6724	29.7164	169.2300
16:10:01	19.3488	29.7817	169.2355
16:10:06	19.0253	29.8468	169.2406
16:10:11	18.7017	29.9117	169.2445
16:10:16	18.3781	29.9765	169.2527
16:10:21	18.0544	30.0411	169.2609
16:10:26	17.7308	30.1056	169.2700
16:10:31	17.4071	30.1698	169.2770
16:10:36	17.0835	30.2340	169.2849
16:10:41	16.7598	30.2980	169.2920
16:10:46	16.4361	30.3618	169.3005
16:10:51	16.1123	30.4255	169.3068
16:10:56	15.7886	30.4891	169.3135
16:11:01	15.4648	30.5525	169.3198
16:11:06	15.1411	30.6158	169.3231
16:11:11	14.8173	30.6790	169.3261
16:11:16	14.4935	30.7421	169.3303
16:11:21	14.1696	30.8050	169.3371
16:11:26	13.8458	30.8678	169.3429
16:11:31	13.5220	30.9305	169.3482
16:11:36	13.1981	30.9931	169.3538
16:11:41	12.8742	31.0555	169.3597
16:11:46	12.5504	31.1179	169.3653
16:11:51	12.2265	31.1801	169.3704
16:11:56	11.9026	31.2423	169.3749
16:12:01	11.5787	31.3044	169.3798
16:12:06	11.2547	31.3663	169.3835
16:12:11	10.9308	31.4282	169.3848
16:12:16	10.6069	31.4900	169.3866
16:12:21	10.2829	31.5517	169.3905
16:12:26	9.9589	31.6133	169.3945
16:12:31	9.6350	31.6748	169.3991
16:12:36	9.3110	31.7363	169.4031
16:12:41	8.9870	31.7976	169.4058
16:12:46	8.6630	31.8590	169.4096
16:12:51	8.3391	31.9202	169.4130
16:12:56	8.0151	31.9814	169.4168
16:13:01	7.6910	32.0425	169.4199
16:13:06	7.3670	32.1035	169.4225
16:13:11	7.0430	32.1645	169.4238
16:13:16	6.7190	32.2254	169.4253
16:13:21	6.3950	32.2863	169.4264
16:13:26	6.0710	32.3471	169.4296
16:13:31	5.7469	32.4079	169.4313
16:13:36	5.4229	32.4686	169.4333
16:13:41	5.0989	32.5293	169.4348
16:13:46	4.7749	32.5900	169.4376
16:13:51	4.4508	32.6506	169.4389
16:13:56	4.1268	32.7112	169.4414
16:14:01	3.8028	32.7717	169.4419
16:14:06	3.4787	32.8322	169.4441
16:14:11	3.1547	32.8927	169.4440
16:14:16	2.8307	32.9532	169.4453
16:14:21	2.5067	33.0136	169.4452
16:14:26	2.1826	33.0740	169.4461
16:14:31	1.8586	33.1344	169.4475
16:14:36	1.5346	33.1948	169.4474
16:14:41	1.2106	33.2552	169.4487
16:14:46	0.8866	33.3156	169.4482
16:14:51	0.5626	33.3759	169.4491
16:14:56	0.2386	33.4363	169.4486
16:15:01	-0.0854	33.4966	169.4484
16:15:06	-0.4094	33.5570	169.4486
16:15:11	-0.7334	33.6173	169.4482
16:15:15	-1.0003	33.6670	37.3384
17:41:57	21.7426	52.4317	169.1712
17:42:02	21.4192	52.4982	169.1764
17:42:07	21.0958	52.5645	169.1819
17:42:12	20.7723	52.6306	169.1927
17:42:17	20.4488	52.6965	169.2021
17:42:22	20.1254	52.7623	169.2114
17:42:27	19.8018	52.8278	169.2213
17:42:32	19.4783	52.8932	169.2306
17:42:37	19.1548	52.9583	169.2395
17:42:42	18.8312	53.0233	169.2483
17:42:47	18.5076	53.0882	169.2564
17:42:52	18.1840	53.1529	169.2650
17:42:57	17.8604	53.2174	169.2717
17:43:02	17.5367	53.2817	169.2762
17:43:07	17.2130	53.3459	169.2796
17:43:12	16.8894	53.4100	169.2849
17:43:17	16.5656	53.4739	169.2924
17:43:22	16.2419	53.5377	169.2993
17:43:27	15.9182	53.6013	169.3067
17:43:32	15.5944	53.6648	169.3144
17:43:37	15.2707	53.7281	169.3201
17:43:42	14.9469	53.7914	169.3280
17:43:47	14.6231	53.8545	169.3336
17:43:52	14.2993	53.9174	169.3396
17:43:57	13.9755	53.9803	169.3451
17:44:02	13.6516	54.0430	169.3494
17:44:07	13.3278	54.1056	169.3517
17:44:12	13.0039	54.1681	169.3541
17:44:17	12.6800	54.2305	169.3596
17:44:22	12.3561	54.2928	169.3644
17:44:27	12.0322	54.3550	169.3697
17:44:32	11.7083	54.4171	169.3751
17:44:37	11.3844	54.4791	169.3804
17:44:42	11.0605	54.5410	169.3850
17:44:47	10.7366	54.6029	169.3883
17:44:52	10.4126	54.6646	169.3929
17:44:57	10.0887	54.7262	169.3978
17:45:02	9.7647	54.7878	169.4014
17:45:07	9.4407	54.8493	169.4019
17:45:12	9.1168	54.9107	169.4043
17:45:17	8.7928	54.9720	169.4063
17:45:22	8.4688	55.0333	169.4103
17:45:27	8.1448	55.0945	169.4130
17:45:32	7.8208	55.1556	169.4162
17:45:37	7.4968	55.2167	169.4194
17:45:42	7.1728	55.2777	169.4224
17:45:47	6.8488	55.3386	169.4255
17:45:52	6.5247	55.3995	169.4282
17:45:57	6.2007	55.4604	169.4304
17:46:02	5.8767	55.5212	169.4328
17:46:07	5.5527	55.5819	169.4340
17:46:12	5.2287	55.6426	169.4353
17:46:17	4.9046	55.7033	169.4352
17:46:22	4.5806	55.7639	169.4372
17:46:27	4.2566	55.8245	169.4389
17:46:32	3.9325	55.8851	169.4414
17:46:37	3.6085	55.9456	169.4419
17:46:42	3.2845	56.0061	169.4436
17:46:47	2.9605	56.0666	169.4447
17:46:52	2.6364	56.1270	169.4452
17:46:57	2.3124	56.1874	169.4462
17:47:02	1.9884	56.2478	169.4474
17:47:07	1.6644	56.3082	169.4481
17:47:12	1.3404	56.3686	169.4481
17:47:17	1.0164	56.4290	169.4477
17:47:22	0.6924	56.4893	169.4485
17:47:27	0.3684	56.5497	169.4487
17:47:32	0.0444	56.6100	169.4494
17:47:37	-0.2796	56.6704	169.4484
17:47:42	-0.6036	56.7307	169.4479
17:47:47	-0.9276	56.7911	169.4486
23:59:59	-999.00	-999.00	-999.00
