2024/09/19 EARTHCARE
GMT	SUBLAT[N+]	SUBLON[W+]	HEADING
04:41:23	-0.2995	40.0362	10.5451
04:41:28	0.0243	40.0964	10.5442
04:41:33	0.3481	40.1567	10.5446
04:41:38	0.6719	40.2170	10.5448
04:41:43	0.9957	40.2773	10.5445
04:41:48	1.3196	40.3376	10.5459
04:41:53	1.6434	40.3979	10.5458
04:41:58	1.9673	40.4582	10.5465
04:42:03	2.2911	40.5185	10.5467
04:42:08	2.6149	40.5789	10.5484
04:42:13	2.9388	40.6393	10.5490
04:42:18	3.2626	40.6997	10.5499
04:42:23	3.5865	40.7601	10.5498
04:42:28	3.9103	40.8205	10.5510
04:42:33	4.2342	40.8810	10.5528
04:42:38	4.5580	40.9415	10.5543
04:42:43	4.8819	41.0021	10.5554
04:42:48	5.2057	41.0627	10.5579
04:42:53	5.5295	41.1233	10.5593
04:42:58	5.8534	41.1840	10.5619
04:43:03	6.1772	41.2447	10.5644
04:43:08	6.5010	41.3055	10.5665
04:43:13	6.8249	41.3663	10.5689
04:43:18	7.1487	41.4272	10.5712
04:43:23	7.4725	41.4881	10.5723
04:43:28	7.7963	41.5491	10.5738
04:43:33	8.1201	41.6101	10.5759
04:43:38	8.4439	41.6713	10.5795
04:43:43	8.7677	41.7324	10.5826
04:43:48	9.0915	41.7937	10.5862
04:43:53	9.4153	41.8550	10.5904
04:43:58	9.7391	41.9164	10.5932
04:44:03	10.0628	41.9779	10.5976
04:44:08	10.3866	42.0395	10.6016
04:44:13	10.7103	42.1011	10.6061
04:44:18	11.0341	42.1629	10.6110
04:44:23	11.3578	42.2247	10.6122
04:44:28	11.6815	42.2866	10.6146
04:44:33	12.0052	42.3486	10.6170
04:44:38	12.3289	42.4107	10.6221
04:44:43	12.6526	42.4729	10.6269
04:44:48	12.9763	42.5352	10.6331
04:44:53	13.2999	42.5977	10.6382
04:44:58	13.6236	42.6602	10.6445
04:45:03	13.9472	42.7228	10.6502
04:45:08	14.2708	42.7856	10.6557
04:45:13	14.5944	42.8485	10.6617
04:45:18	14.9180	42.9115	10.6689
04:45:23	15.2416	42.9746	10.6731
04:45:28	15.5652	43.0379	10.6764
04:45:33	15.8887	43.1013	10.6800
04:45:38	16.2122	43.1648	10.6848
04:45:43	16.5357	43.2285	10.6917
04:45:48	16.8592	43.2923	10.6999
04:45:53	17.1827	43.3562	10.7069
04:45:58	17.5062	43.4204	10.7152
04:46:03	17.8296	43.4846	10.7230
04:46:08	18.1530	43.5490	10.7312
04:46:13	18.4764	43.6136	10.7396
04:46:18	18.7998	43.6784	10.7479
04:46:23	19.1232	43.7433	10.7564
04:46:28	19.4465	43.8083	10.7620
04:46:33	19.7698	43.8736	10.7656
06:12:44	-5.0000	62.3003	10.5594
06:12:49	-4.6763	62.3608	10.5570
06:12:54	-4.3526	62.4213	10.5552
06:12:59	-4.0289	62.4818	10.5533
06:13:04	-3.7051	62.5423	10.5517
06:13:09	-3.3814	62.6027	10.5507
06:13:14	-3.0576	62.6631	10.5493
06:13:19	-2.7339	62.7235	10.5493
06:13:24	-2.4101	62.7838	10.5490
06:13:29	-2.0863	62.8441	10.5475
06:13:34	-1.7626	62.9045	10.5466
06:13:39	-1.4388	62.9648	10.5463
06:13:44	-1.1150	63.0251	10.5455
06:13:49	-0.7912	63.0854	10.5456
06:13:54	-0.4674	63.1456	10.5450
06:13:59	-0.1435	63.2059	10.5452
06:14:04	0.1803	63.2662	10.5441
06:14:09	0.5041	63.3265	10.5444
06:14:14	0.8279	63.3868	10.5452
06:14:19	1.1518	63.4470	10.5450
06:14:24	1.4756	63.5073	10.5451
06:14:29	1.7994	63.5677	10.5458
06:14:34	2.1233	63.6280	10.5455
06:14:39	2.4471	63.6883	10.5463
06:14:44	2.7710	63.7487	10.5470
06:14:49	3.0948	63.8091	10.5491
06:14:54	3.4187	63.8695	10.5500
06:14:59	3.7425	63.9299	10.5512
06:15:04	4.0663	63.9904	10.5524
06:15:09	4.3902	64.0509	10.5542
06:15:14	4.7140	64.1114	10.5563
06:15:19	5.0379	64.1720	10.5581
06:15:24	5.3617	64.2326	10.5587
06:15:29	5.6856	64.2932	10.5597
06:15:34	6.0094	64.3539	10.5607
06:15:39	6.3332	64.4147	10.5629
06:15:44	6.6570	64.4755	10.5649
06:15:49	6.9809	64.5363	10.5680
06:15:54	7.3047	64.5972	10.5711
06:15:59	7.6285	64.6582	10.5737
06:16:04	7.9523	64.7192	10.5777
06:16:09	8.2761	64.7803	10.5805
06:16:14	8.5999	64.8414	10.5839
06:16:19	8.9237	64.9027	10.5868
06:16:24	9.2475	64.9639	10.5893
17:43:02	19.9353	52.9538	169.2212
17:43:07	19.6120	53.0191	169.2303
17:43:12	19.2887	53.0843	169.2391
17:43:17	18.9654	53.1493	169.2476
17:43:22	18.6420	53.2141	169.2565
17:43:27	18.3186	53.2788	169.2650
17:43:32	17.9952	53.3433	169.2732
17:43:37	17.6718	53.4076	169.2817
17:43:42	17.3483	53.4718	169.2891
17:43:47	17.0248	53.5358	169.2967
17:43:52	16.7014	53.5997	169.3017
17:43:57	16.3779	53.6634	169.3054
17:44:02	16.0543	53.7270	169.3083
17:44:07	15.7308	53.7905	169.3153
17:44:12	15.4073	53.8538	169.3217
17:44:17	15.0837	53.9170	169.3284
17:44:22	14.7601	53.9801	169.3348
17:44:27	14.4365	54.0431	169.3415
17:44:32	14.1129	54.1059	169.3470
17:44:37	13.7893	54.1686	169.3537
17:44:42	13.4656	54.2312	169.3592
17:44:47	13.1420	54.2937	169.3650
17:44:52	12.8183	54.3560	169.3702
17:44:57	12.4946	54.4183	169.3724
17:45:02	12.1709	54.4804	169.3742
17:45:07	11.8472	54.5425	169.3780
17:45:12	11.5235	54.6045	169.3823
17:45:17	11.1998	54.6663	169.3867
17:45:22	10.8761	54.7281	169.3917
17:45:27	10.5523	54.7898	169.3962
17:45:32	10.2286	54.8514	169.4000
17:45:37	9.9048	54.9129	169.4043
17:45:42	9.5810	54.9744	169.4090
17:45:47	9.2573	55.0358	169.4121
17:45:52	8.9335	55.0970	169.4158
17:45:57	8.6097	55.1583	169.4180
17:46:02	8.2859	55.2194	169.4197
17:46:07	7.9621	55.2805	169.4209
17:46:12	7.6383	55.3415	169.4233
17:46:17	7.3145	55.4025	169.4270
17:46:22	6.9906	55.4634	169.4301
17:46:27	6.6668	55.5242	169.4317
17:46:32	6.3430	55.5850	169.4346
17:46:37	6.0192	55.6458	169.4370
17:46:42	5.6953	55.7065	169.4398
17:46:47	5.3715	55.7671	169.4410
17:46:52	5.0476	55.8277	169.4436
17:46:57	4.7238	55.8883	169.4455
17:47:02	4.4000	55.9488	169.4460
17:47:07	4.0761	56.0093	169.4468
17:47:12	3.7523	56.0698	169.4470
17:47:17	3.4284	56.1302	169.4487
17:47:22	3.1046	56.1906	169.4506
17:47:27	2.7807	56.2510	169.4519
17:47:32	2.4569	56.3114	169.4517
17:47:37	2.1331	56.3717	169.4529
17:47:42	1.8092	56.4321	169.4535
17:47:47	1.4854	56.4924	169.4543
17:47:52	1.1615	56.5527	169.4547
17:47:57	0.8377	56.6130	169.4553
17:48:02	0.5139	56.6733	169.4556
17:48:07	0.1901	56.7335	169.4558
17:48:12	-0.1338	56.7938	169.4548
17:48:17	-0.4576	56.8541	169.4550
17:48:22	-0.7814	56.9144	169.4556
17:48:27	-1.1052	56.9747	169.4547
17:48:32	-1.4290	57.0350	169.4541
17:48:37	-1.7528	57.0953	169.4539
17:48:42	-2.0766	57.1556	169.4530
17:48:47	-2.4003	57.2159	169.4519
17:48:52	-2.7241	57.2763	169.4509
17:48:57	-3.0479	57.3366	169.4493
17:49:02	-3.3716	57.3970	169.4480
17:49:07	-3.6954	57.4574	169.4473
17:49:12	-4.0191	57.5179	169.4467
17:49:17	-4.3428	57.5784	169.4463
17:49:22	-4.6665	57.6389	169.4447
17:49:27	-4.9902	57.6994	169.4477
23:59:59	-999.00	-999.00	-999.00
